==================================================================================================================================================================================================================
MACRO-LEVEL VALIDATION (Sensor Aggregates)
==================================================================================================================================================================================================================
Sensor    Flow R²      Flow MAE     Flow RMSE    Flow Mean    Flow NRMSE*100   Flow SMAPE     Speed R²     Speed MAE    Speed RMSE   Speed Mean   Speed NRMSE*100  Speed SMAPE   
------------------------------------------------------------------------------------------------------------------------------------------------------------------------------------------------------------------
1         0.9766       10.05        16.30        1168.79      1.39             3.77           0.9224       1.31         2.01         23.80        8.45             4.61          
2         0.9509       16.60        23.37        1256.92      1.86             5.60           0.9202       1.63         1.96         24.03        8.16             6.81          
3         0.9355       22.70        27.72        1264.75      2.19             7.68           0.8969       1.68         2.01         24.37        8.25             8.07          
4         0.9154       26.39        31.87        1291.94      2.47             8.75           0.8456       1.78         2.30         24.64        9.33             9.13          
5         0.9059       28.07        33.78        1280.10      2.64             9.38           0.6617       2.01         3.06         25.33        12.08            10.91         
==================================================================================================================================================================================================================

============================================================================================================================================================================================================================
MICRO-LEVEL VALIDATION (Lane Detail)
============================================================================================================================================================================================================================
Sensor   Lane   Flow R²      Flow MAE     Flow RMSE    Flow Mean    Flow NRMSE*100   Flow SMAPE     Speed R²     Speed MAE    Speed RMSE   Speed Mean   Speed NRMSE*100  Speed SMAPE   
----------------------------------------------------------------------------------------------------------------------------------------------------------------------------------------------------------------------------
1        1      0.9832       8.19         12.87        201.35       6.39             4.54           0.7227       2.44         3.12         28.67        10.89            7.92          
         2      0.8413       13.81        24.87        410.71       6.06             3.61           0.9381       1.41         1.92         23.40        8.23             5.02          
         3      0.9102       10.02        13.25        319.88       4.14             3.17           0.9472       1.07         1.55         22.40        6.91             4.05          
         4      0.9714       8.19         10.13        236.85       4.28             3.75           0.9920       0.33         0.50         20.71        2.43             1.46          
----------------------------------------------------------------------------------------------------------------------------------------------------------------------------------------------------------------------------
2        1      0.9757       10.65        15.94        210.10       7.59             5.52           0.8343       2.06         2.31         28.89        7.99             7.14          
         2      0.8291       14.52        25.25        417.92       6.04             3.76           0.9157       1.84         2.08         23.66        8.79             8.04          
         3      0.6155       26.94        30.18        345.58       8.73             8.28           0.8887       1.84         2.17         22.89        9.47             8.08          
         4      0.9133       14.31        19.52        283.31       6.89             4.85           0.9667       0.79         1.02         20.68        4.91             3.99          
----------------------------------------------------------------------------------------------------------------------------------------------------------------------------------------------------------------------------
3        1      0.9648       15.94        19.40        216.35       8.97             8.41           0.8642       1.73         2.04         28.79        7.09             6.02          
         2      0.7879       22.85        29.37        431.71       6.80             5.60           0.8756       1.97         2.26         24.18        9.33             9.99          
         3      0.5994       27.77        30.48        346.54       8.79             8.58           0.8429       2.00         2.23         23.27        9.56             10.13         
         4      0.7852       24.25        30.10        270.15       11.14            8.12           0.9148       1.03         1.40         21.23        6.60             6.16          
----------------------------------------------------------------------------------------------------------------------------------------------------------------------------------------------------------------------------
4        1      0.9475       19.46        23.81        220.17       10.82            10.01          0.9208       1.24         1.48         28.90        5.13             4.75          
         2      0.6807       28.44        35.15        437.67       8.03             6.94           0.7269       2.63         3.06         24.71        12.37            13.34         
         3      0.5150       29.81        33.59        349.21       9.62             9.18           0.6907       2.05         2.69         23.69        11.34            11.38         
         4      0.7806       27.85        33.64        284.90       11.81            8.86           0.8870       1.18         1.55         21.26        7.31             7.04          
----------------------------------------------------------------------------------------------------------------------------------------------------------------------------------------------------------------------------
5        1      0.9481       19.08        23.37        220.00       10.62            10.14          0.7511       1.46         2.20         29.91        7.35             6.09          
         2      0.6888       29.58        36.35        438.52       8.29             7.12           0.5648       2.37         3.54         25.23        14.01            13.14         
         3      0.5914       26.88        30.58        345.81       8.84             8.35           0.2820       2.30         3.47         24.12        14.41            13.01         
         4      0.6334       36.75        41.97        275.77       15.22            11.92          0.3628       1.92         2.82         22.08        12.77            11.38         
============================================================================================================================================================================================================================

============================================================
SUMMARY
============================================================
Average Flow NRMSE*100:  2.1102
Average Speed NRMSE*100: 9.2532
Fitness (avg NRMSE*100): 7.1103
============================================================
