==================================================================================================================================================================================================================
MACRO-LEVEL VALIDATION (Sensor Aggregates)
==================================================================================================================================================================================================================
Sensor    Flow R²      Flow MAE     Flow RMSE    Flow Mean    Flow NRMSE*100   Flow SMAPE     Speed R²     Speed MAE    Speed RMSE   Speed Mean   Speed NRMSE*100  Speed SMAPE   
------------------------------------------------------------------------------------------------------------------------------------------------------------------------------------------------------------------
1         0.9766       10.08        16.31        1168.79      1.40             3.78           0.8647       1.86         2.65         23.80        11.14            6.75          
2         0.9510       16.58        23.35        1256.92      1.86             5.60           0.7933       2.61         3.16         24.03        13.15            10.53         
3         0.9355       22.68        27.73        1264.75      2.19             7.68           0.8476       2.19         2.44         24.37        10.01            10.05         
4         0.9154       26.36        31.87        1291.94      2.47             8.74           0.8104       2.16         2.55         24.64        10.35            10.56         
5         0.9060       28.05        33.77        1280.10      2.64             9.39           0.6064       2.51         3.30         25.33        13.03            12.66         
==================================================================================================================================================================================================================

============================================================================================================================================================================================================================
MICRO-LEVEL VALIDATION (Lane Detail)
============================================================================================================================================================================================================================
Sensor   Lane   Flow R²      Flow MAE     Flow RMSE    Flow Mean    Flow NRMSE*100   Flow SMAPE     Speed R²     Speed MAE    Speed RMSE   Speed Mean   Speed NRMSE*100  Speed SMAPE   
----------------------------------------------------------------------------------------------------------------------------------------------------------------------------------------------------------------------------
1        1      0.9831       8.15         12.90        201.35       6.41             4.53           0.6613       2.78         3.45         28.67        12.04            9.29          
         2      0.8411       13.98        24.89        410.71       6.06             3.65           0.8484       2.27         3.01         23.40        12.88            8.20          
         3      0.9103       10.02        13.24        319.88       4.14             3.18           0.8704       1.74         2.42         22.40        10.83            6.66          
         4      0.9714       8.19         10.14        236.85       4.28             3.75           0.9620       0.66         1.10         20.71        5.30             2.87          
----------------------------------------------------------------------------------------------------------------------------------------------------------------------------------------------------------------------------
2        1      0.9755       10.69        16.00        210.10       7.61             5.54           0.5153       3.50         3.95         28.89        13.67            12.21         
         2      0.8295       14.44        25.22        417.92       6.03             3.74           0.7941       2.78         3.25         23.66        13.74            11.58         
         3      0.6172       26.90        30.11        345.58       8.71             8.27           0.7479       2.73         3.26         22.89        14.26            11.59         
         4      0.9133       14.31        19.52        283.31       6.89             4.85           0.9010       1.45         1.75         20.68        8.46             6.74          
----------------------------------------------------------------------------------------------------------------------------------------------------------------------------------------------------------------------------
3        1      0.9650       15.98        19.36        216.35       8.95             8.44           0.7677       2.41         2.67         28.79        9.27             8.52          
         2      0.7878       22.73        29.38        431.71       6.80             5.58           0.8167       2.56         2.74         24.18        11.32            12.19         
         3      0.5985       27.77        30.51        346.54       8.81             8.59           0.7931       2.37         2.55         23.27        10.97            11.61         
         4      0.7849       24.25        30.12        270.15       11.15            8.12           0.8804       1.43         1.66         21.23        7.83             7.88          
----------------------------------------------------------------------------------------------------------------------------------------------------------------------------------------------------------------------------
4        1      0.9468       19.46        23.96        220.17       10.88            10.02          0.8305       1.95         2.17         28.90        7.50             7.11          
         2      0.6813       28.31        35.11        437.67       8.02             6.92           0.7293       2.61         3.04         24.71        12.31            13.32         
         3      0.5183       29.81        33.48        349.21       9.59             9.18           0.6204       2.56         2.98         23.69        12.56            13.36         
         4      0.7802       27.85        33.67        284.90       11.82            8.85           0.8514       1.52         1.78         21.26        8.39             8.45          
----------------------------------------------------------------------------------------------------------------------------------------------------------------------------------------------------------------------------
5        1      0.9481       19.13        23.36        220.00       10.62            10.20          0.6034       2.28         2.77         29.91        9.28             8.88          
         2      0.6885       29.46        36.37        438.52       8.29             7.09           0.4858       3.17         3.84         25.23        15.23            15.97         
         3      0.5932       26.88        30.52        345.81       8.82             8.36           0.2229       2.71         3.61         24.12        14.99            14.62         
         4      0.6333       36.75        41.97        275.77       15.22            11.92          0.3646       1.85         2.82         22.08        12.76            11.17         
============================================================================================================================================================================================================================

============================================================
SUMMARY
============================================================
Average Flow NRMSE*100:  2.1100
Average Speed NRMSE*100: 11.5352
Fitness (avg NRMSE*100): 8.7083
============================================================
