==================================================================================================================================================================================================================
MACRO-LEVEL VALIDATION (Sensor Aggregates)
==================================================================================================================================================================================================================
Sensor    Flow R²      Flow MAE     Flow RMSE    Flow Mean    Flow NRMSE*100   Flow SMAPE     Speed R²     Speed MAE    Speed RMSE   Speed Mean   Speed NRMSE*100  Speed SMAPE   
------------------------------------------------------------------------------------------------------------------------------------------------------------------------------------------------------------------
1         0.9768       10.09        16.24        1168.79      1.39             3.77           0.6069       3.87         4.52         23.80        19.00            16.10         
2         0.9512       16.62        23.29        1256.92      1.85             5.61           0.4531       4.52         5.14         24.03        21.39            19.29         
3         0.9359       22.73        27.63        1264.75      2.18             7.70           0.6439       3.51         3.74         24.37        15.35            16.21         
4         0.9151       26.31        31.93        1291.94      2.47             8.75           0.6103       3.28         3.65         24.64        14.81            15.61         
5         0.9059       28.04        33.79        1280.10      2.64             9.40           0.4358       3.45         3.95         25.33        15.59            16.77         
==================================================================================================================================================================================================================

============================================================================================================================================================================================================================
MICRO-LEVEL VALIDATION (Lane Detail)
============================================================================================================================================================================================================================
Sensor   Lane   Flow R²      Flow MAE     Flow RMSE    Flow Mean    Flow NRMSE*100   Flow SMAPE     Speed R²     Speed MAE    Speed RMSE   Speed Mean   Speed NRMSE*100  Speed SMAPE   
----------------------------------------------------------------------------------------------------------------------------------------------------------------------------------------------------------------------------
1        1      0.9836       8.15         12.72        201.35       6.32             4.48           0.1961       5.00         5.32         28.67        18.55            19.04         
         2      0.8429       13.98        24.74        410.71       6.02             3.63           0.5848       4.20         4.99         23.40        21.31            17.24         
         3      0.9096       10.02        13.29        319.88       4.16             3.19           0.5564       3.78         4.49         22.40        20.03            16.23         
         4      0.9710       8.23         10.21        236.85       4.31             3.78           0.7374       2.52         2.89         20.71        13.94            11.92         
----------------------------------------------------------------------------------------------------------------------------------------------------------------------------------------------------------------------------
2        1      0.9762       10.65        15.77        210.10       7.51             5.54           -0.2392      5.96         6.31         28.89        21.86            22.46         
         2      0.8300       14.52        25.19        417.92       6.03             3.75           0.5548       4.20         4.78         23.66        20.21            18.21         
         3      0.6192       26.90        30.04        345.58       8.69             8.27           0.3761       4.49         5.13         22.89        22.43            20.14         
         4      0.9126       14.42        19.60        283.31       6.92             4.88           0.4691       3.41         4.05         20.68        19.60            16.34         
----------------------------------------------------------------------------------------------------------------------------------------------------------------------------------------------------------------------------
3        1      0.9644       16.06        19.52        216.35       9.02             8.47           0.3578       4.20         4.44         28.79        15.41            15.69         
         2      0.7893       23.10        29.27        431.71       6.78             5.69           0.7146       3.18         3.42         24.18        14.13            15.56         
         3      0.6066       27.52        30.20        346.54       8.72             8.53           0.5591       3.55         3.73         23.27        16.02            17.42         
         4      0.7860       24.23        30.04        270.15       11.12            8.11           0.5407       3.11         3.26         21.23        15.34            16.17         
----------------------------------------------------------------------------------------------------------------------------------------------------------------------------------------------------------------------------
4        1      0.9480       19.29        23.71        220.17       10.77            10.05          0.3470       3.93         4.25         28.90        14.72            14.65         
         2      0.6816       28.19        35.10        437.67       8.02             6.89           0.6236       3.04         3.59         24.71        14.52            15.79         
         3      0.5160       29.81        33.56        349.21       9.61             9.20           0.3298       3.66         3.95         23.69        16.69            18.65         
         4      0.7754       27.94        34.03        284.90       11.95            8.86           0.6813       2.48         2.61         21.26        12.28            13.34         
----------------------------------------------------------------------------------------------------------------------------------------------------------------------------------------------------------------------------
5        1      0.9489       19.08        23.19        220.00       10.54            10.23          0.1877       3.69         3.97         29.91        13.27            14.17         
         2      0.6873       29.42        36.44        438.52       8.31             7.08           0.3837       3.61         4.21         25.23        16.68            18.04         
         3      0.5939       26.88        30.49        345.81       8.82             8.38           0.0185       3.40         4.06         24.12        16.85            17.81         
         4      0.6314       36.79        42.08        275.77       15.26            11.91          0.0120       3.08         3.51         22.08        15.91            17.06         
============================================================================================================================================================================================================================

============================================================
SUMMARY
============================================================
Average Flow NRMSE*100:  2.1075
Average Speed NRMSE*100: 17.2280
Fitness (avg NRMSE*100): 12.6914
============================================================
