==================================================================================================================================================================================================================
MACRO-LEVEL VALIDATION (Sensor Aggregates)
==================================================================================================================================================================================================================
Sensor    Flow R²      Flow MAE     Flow RMSE    Flow Mean    Flow NRMSE*100   Flow SMAPE     Speed R²     Speed MAE    Speed RMSE   Speed Mean   Speed NRMSE*100  Speed SMAPE   
------------------------------------------------------------------------------------------------------------------------------------------------------------------------------------------------------------------
1         0.9764       10.28        16.39        1168.79      1.40             3.82           0.8177       2.31         3.08         23.80        12.94            15.75         
2         0.9506       16.72        23.44        1256.92      1.87             5.61           0.8544       2.06         2.65         24.03        11.03            11.20         
3         0.9358       22.66        27.66        1264.75      2.19             7.63           0.7584       2.38         3.08         24.37        12.64            13.49         
4         0.9148       26.29        31.97        1291.94      2.47             8.66           0.6504       2.54         3.46         24.64        14.04            14.43         
5         0.9048       28.20        33.99        1280.10      2.66             9.42           0.5191       2.54         3.64         25.33        14.37            13.75         
==================================================================================================================================================================================================================

============================================================================================================================================================================================================================
MICRO-LEVEL VALIDATION (Lane Detail)
============================================================================================================================================================================================================================
Sensor   Lane   Flow R²      Flow MAE     Flow RMSE    Flow Mean    Flow NRMSE*100   Flow SMAPE     Speed R²     Speed MAE    Speed RMSE   Speed Mean   Speed NRMSE*100  Speed SMAPE   
----------------------------------------------------------------------------------------------------------------------------------------------------------------------------------------------------------------------------
1        1      0.9833       8.06         12.84        201.35       6.38             4.47           0.9571       0.89         1.23         28.67        4.29             4.16          
         2      0.8398       14.56        24.99        410.71       6.09             3.78           0.6153       4.25         4.80         23.40        20.51            29.68         
         3      0.9057       10.23        13.57        319.88       4.24             3.26           0.7909       2.59         3.08         22.40        13.75            18.24         
         4      0.9720       8.27         10.03        236.85       4.24             3.78           0.8801       1.51         1.95         20.71        9.42             10.95         
----------------------------------------------------------------------------------------------------------------------------------------------------------------------------------------------------------------------------
2        1      0.9785       9.98         14.99        210.10       7.13             5.29           0.9027       1.16         1.77         28.89        6.13             5.32          
         2      0.8246       15.33        25.58        417.92       6.12             3.94           0.6807       3.73         4.05         23.66        17.11            20.10         
         3      0.6046       27.13        30.61        345.58       8.86             8.32           0.8226       2.50         2.74         22.89        11.96            14.11         
         4      0.9131       14.44        19.55        283.31       6.90             4.88           0.9654       0.87         1.03         20.68        5.00             5.26          
----------------------------------------------------------------------------------------------------------------------------------------------------------------------------------------------------------------------------
3        1      0.9691       14.90        18.17        216.35       8.40             8.01           0.9117       1.04         1.64         28.79        5.71             4.89          
         2      0.7816       23.63        29.80        431.71       6.90             5.77           0.5252       4.01         4.41         24.18        18.23            22.06         
         3      0.5919       27.88        30.76        346.54       8.88             8.60           0.6495       2.81         3.32         23.27        14.28            16.41         
         4      0.7875       24.25        29.94        270.15       11.08            8.13           0.7960       1.67         2.17         21.23        10.22            10.61         
----------------------------------------------------------------------------------------------------------------------------------------------------------------------------------------------------------------------------
4        1      0.9528       18.23        22.59        220.17       10.26            9.44           0.8775       1.19         1.84         28.90        6.38             5.51          
         2      0.6715       28.81        35.65        437.67       8.15             7.02           0.3009       4.23         4.89         24.71        19.79            23.41         
         3      0.4980       30.21        34.18        349.21       9.79             9.29           0.3241       3.11         3.97         23.69        16.76            18.29         
         4      0.7790       27.90        33.76        284.90       11.85            8.89           0.7730       1.63         2.20         21.26        10.37            10.52         
----------------------------------------------------------------------------------------------------------------------------------------------------------------------------------------------------------------------------
5        1      0.9531       18.27        22.21        220.00       10.10            9.94           0.6455       1.71         2.62         29.91        8.77             7.32          
         2      0.6715       30.33        37.35        438.52       8.52             7.29           0.2881       3.64         4.52         25.23        17.93            19.25         
         3      0.5755       27.35        31.17        345.81       9.01             8.47           0.0548       2.70         3.99         24.12        16.53            15.57         
         4      0.6335       36.85        41.96        275.77       15.22            11.97          0.2079       2.10         3.14         22.08        14.24            12.87         
============================================================================================================================================================================================================================

============================================================
SUMMARY
============================================================
Average Flow NRMSE*100:  2.1169
Average Speed NRMSE*100: 13.0045
Fitness (avg NRMSE*100): 9.7386
============================================================
