==================================================================================================================================================================================================================
MACRO-LEVEL VALIDATION (Sensor Aggregates)
==================================================================================================================================================================================================================
Sensor    Flow R²      Flow MAE     Flow RMSE    Flow Mean    Flow NRMSE*100   Flow SMAPE     Speed R²     Speed MAE    Speed RMSE   Speed Mean   Speed NRMSE*100  Speed SMAPE   
------------------------------------------------------------------------------------------------------------------------------------------------------------------------------------------------------------------
1         0.9769       10.09        16.19        1168.79      1.38             3.78           0.9732       0.96         1.18         23.80        4.96             5.61          
2         0.9509       16.69        23.37        1256.92      1.86             5.62           0.9406       1.26         1.69         24.03        7.03             7.20          
3         0.9356       22.70        27.69        1264.75      2.19             7.66           0.8603       1.61         2.34         24.37        9.60             9.70          
4         0.9151       26.31        31.92        1291.94      2.47             8.68           0.7539       1.90         2.90         24.64        11.77            11.30         
5         0.9056       28.14        33.85        1280.10      2.64             9.41           0.5578       2.30         3.49         25.33        13.78            12.77         
==================================================================================================================================================================================================================

============================================================================================================================================================================================================================
MICRO-LEVEL VALIDATION (Lane Detail)
============================================================================================================================================================================================================================
Sensor   Lane   Flow R²      Flow MAE     Flow RMSE    Flow Mean    Flow NRMSE*100   Flow SMAPE     Speed R²     Speed MAE    Speed RMSE   Speed Mean   Speed NRMSE*100  Speed SMAPE   
----------------------------------------------------------------------------------------------------------------------------------------------------------------------------------------------------------------------------
1        1      0.9834       8.02         12.80        201.35       6.36             4.46           0.9889       0.46         0.62         28.67        2.18             2.10          
         2      0.8451       13.94        24.58        410.71       5.98             3.64           0.9471       1.64         1.78         23.40        7.60             9.75          
         3      0.9101       10.02        13.25        319.88       4.14             3.18           0.9705       1.05         1.16         22.40        5.16             6.18          
         4      0.9709       8.40         10.22        236.85       4.31             3.83           0.9791       0.69         0.82         20.71        3.94             4.40          
----------------------------------------------------------------------------------------------------------------------------------------------------------------------------------------------------------------------------
2        1      0.9760       10.81        15.85        210.10       7.54             5.59           0.9580       0.76         1.16         28.89        4.02             3.41          
         2      0.8270       14.69        25.41        417.92       6.08             3.79           0.8887       2.00         2.39         23.66        10.11            12.17         
         3      0.6165       26.90        30.14        345.58       8.72             8.25           0.9119       1.61         1.93         22.89        8.43             9.25          
         4      0.9138       14.35        19.47        283.31       6.87             4.86           0.9784       0.66         0.82         20.68        3.96             3.99          
----------------------------------------------------------------------------------------------------------------------------------------------------------------------------------------------------------------------------
3        1      0.9650       15.90        19.36        216.35       8.95             8.35           0.9550       0.72         1.17         28.79        4.08             3.33          
         2      0.7855       22.98        29.54        431.71       6.84             5.62           0.7416       2.50         3.25         24.18        13.44            15.44         
         3      0.6017       27.69        30.39        346.54       8.77             8.55           0.7803       1.99         2.63         23.27        11.31            12.10         
         4      0.7876       24.25        29.93        270.15       11.08            8.13           0.8683       1.24         1.74         21.23        8.21             7.94          
----------------------------------------------------------------------------------------------------------------------------------------------------------------------------------------------------------------------------
4        1      0.9477       19.25        23.76        220.17       10.79            9.79           0.9212       0.96         1.48         28.90        5.11             4.32          
         2      0.6798       28.31        35.19        437.67       8.04             6.89           0.5221       2.96         4.04         24.71        16.36            17.96         
         3      0.5125       29.77        33.68        349.21       9.64             9.15           0.4933       2.38         3.44         23.69        14.51            14.53         
         4      0.7794       27.90        33.73        284.90       11.84            8.89           0.8413       1.29         1.84         21.26        8.67             8.37          
----------------------------------------------------------------------------------------------------------------------------------------------------------------------------------------------------------------------------
5        1      0.9485       19.13        23.27        220.00       10.58            10.21          0.6822       1.60         2.48         29.91        8.30             6.84          
         2      0.6853       29.63        36.55        438.52       8.34             7.11           0.3657       2.93         4.27         25.23        16.92            16.78         
         3      0.5872       27.00        30.74        345.81       8.89             8.37           0.0941       2.66         3.90         24.12        16.18            15.21         
         4      0.6335       36.79        41.96        275.77       15.22            11.94          0.2619       2.01         3.04         22.08        13.75            12.26         
============================================================================================================================================================================================================================

============================================================
SUMMARY
============================================================
Average Flow NRMSE*100:  2.1097
Average Speed NRMSE*100: 9.4282
Fitness (avg NRMSE*100): 7.2322
============================================================
