==================================================================================================================================================================================================================
MACRO-LEVEL VALIDATION (Sensor Aggregates)
==================================================================================================================================================================================================================
Sensor    Flow R²      Flow MAE     Flow RMSE    Flow Mean    Flow NRMSE*100   Flow SMAPE     Speed R²     Speed MAE    Speed RMSE   Speed Mean   Speed NRMSE*100  Speed SMAPE   
------------------------------------------------------------------------------------------------------------------------------------------------------------------------------------------------------------------
1         0.9766       10.17        16.30        1168.79      1.39             3.81           0.9996       0.09         0.14         23.80        0.59             0.47          
2         0.9509       16.55        23.36        1256.92      1.86             5.58           0.9836       0.63         0.89         24.03        3.70             3.35          
3         0.9357       22.71        27.68        1264.75      2.19             7.70           0.9390       1.01         1.55         24.37        6.36             5.88          
4         0.9161       26.26        31.74        1291.94      2.46             8.70           0.8690       1.36         2.12         24.64        8.60             7.76          
5         0.9063       28.21        33.71        1280.10      2.63             9.48           0.6502       2.06         3.11         25.33        12.28            11.17         
==================================================================================================================================================================================================================

============================================================================================================================================================================================================================
MICRO-LEVEL VALIDATION (Lane Detail)
============================================================================================================================================================================================================================
Sensor   Lane   Flow R²      Flow MAE     Flow RMSE    Flow Mean    Flow NRMSE*100   Flow SMAPE     Speed R²     Speed MAE    Speed RMSE   Speed Mean   Speed NRMSE*100  Speed SMAPE   
----------------------------------------------------------------------------------------------------------------------------------------------------------------------------------------------------------------------------
1        1      0.9839       8.06         12.62        201.35       6.27             4.51           0.9997       0.06         0.10         28.67        0.35             0.27          
         2      0.8415       14.06        24.86        410.71       6.05             3.66           0.9997       0.08         0.14         23.40        0.58             0.46          
         3      0.9075       10.19        13.45        319.88       4.20             3.22           0.9994       0.10         0.16         22.40        0.73             0.54          
         4      0.9710       8.35         10.21        236.85       4.31             3.83           0.9993       0.11         0.15         20.71        0.73             0.59          
----------------------------------------------------------------------------------------------------------------------------------------------------------------------------------------------------------------------------
2        1      0.9761       10.56        15.81        210.10       7.52             5.40           0.9860       0.44         0.67         28.89        2.32             1.87          
         2      0.8299       14.23        25.20        417.92       6.03             3.70           0.9803       0.75         1.01         23.66        4.25             4.25          
         3      0.6126       26.94        30.29        345.58       8.77             8.30           0.9712       0.81         1.10         22.89        4.82             4.26          
         4      0.9133       14.46        19.52        283.31       6.89             4.93           0.9846       0.54         0.69         20.68        3.34             3.03          
----------------------------------------------------------------------------------------------------------------------------------------------------------------------------------------------------------------------------
3        1      0.9647       15.98        19.43        216.35       8.98             8.44           0.9780       0.51         0.82         28.79        2.85             2.19          
         2      0.7886       22.98        29.32        431.71       6.79             5.65           0.9089       1.37         1.93         24.18        7.98             8.08          
         3      0.6014       27.65        30.40        346.54       8.77             8.56           0.8979       1.23         1.79         23.27        7.71             7.38          
         4      0.7856       24.23        30.07        270.15       11.13            8.16           0.9155       0.92         1.40         21.23        6.58             5.86          
----------------------------------------------------------------------------------------------------------------------------------------------------------------------------------------------------------------------------
4        1      0.9478       19.21        23.75        220.17       10.79            9.90           0.9573       0.71         1.09         28.90        3.76             3.00          
         2      0.6867       28.15        34.82        437.67       7.95             6.88           0.7833       1.87         2.72         24.71        11.02            10.83         
         3      0.5198       29.69        33.43        349.21       9.57             9.15           0.6988       1.83         2.65         23.69        11.19            10.66         
         4      0.7799       27.98        33.69        284.90       11.83            8.87           0.8911       1.02         1.53         21.26        7.18             6.53          
----------------------------------------------------------------------------------------------------------------------------------------------------------------------------------------------------------------------------
5        1      0.9496       19.13        23.04        220.00       10.47            10.32          0.7417       1.45         2.24         29.91        7.49             6.09          
         2      0.6935       29.92        36.08        438.52       8.23             7.20           0.5562       2.41         3.57         25.23        14.15            13.37         
         3      0.5894       26.71        30.66        345.81       8.86             8.33           0.2472       2.48         3.56         24.12        14.75            13.77         
         4      0.6309       37.10        42.11        275.77       15.27            12.07          0.3423       1.90         2.87         22.08        12.98            11.44         
============================================================================================================================================================================================================================

============================================================
SUMMARY
============================================================
Average Flow NRMSE*100:  2.1063
Average Speed NRMSE*100: 6.3067
Fitness (avg NRMSE*100): 5.0465
============================================================
