==================================================================================================================================================================================================================
MACRO-LEVEL VALIDATION (Sensor Aggregates)
==================================================================================================================================================================================================================
Sensor    Flow R²      Flow MAE     Flow RMSE    Flow Mean    Flow NRMSE*100   Flow SMAPE     Speed R²     Speed MAE    Speed RMSE   Speed Mean   Speed NRMSE*100  Speed SMAPE   
------------------------------------------------------------------------------------------------------------------------------------------------------------------------------------------------------------------
1         0.9769       10.05        16.21        1168.79      1.39             3.76           0.9896       0.63         0.74         23.80        3.11             3.41          
2         0.9510       16.59        23.35        1256.92      1.86             5.58           0.9654       0.98         1.29         24.03        5.37             5.38          
3         0.9356       22.71        27.70        1264.75      2.19             7.67           0.9018       1.37         1.96         24.37        8.04             8.02          
4         0.9151       26.35        31.92        1291.94      2.47             8.70           0.8137       1.65         2.53         24.64        10.27            9.66          
5         0.9056       28.14        33.84        1280.10      2.64             9.41           0.5664       2.27         3.46         25.33        13.66            12.61         
==================================================================================================================================================================================================================

============================================================================================================================================================================================================================
MICRO-LEVEL VALIDATION (Lane Detail)
============================================================================================================================================================================================================================
Sensor   Lane   Flow R²      Flow MAE     Flow RMSE    Flow Mean    Flow NRMSE*100   Flow SMAPE     Speed R²     Speed MAE    Speed RMSE   Speed Mean   Speed NRMSE*100  Speed SMAPE   
----------------------------------------------------------------------------------------------------------------------------------------------------------------------------------------------------------------------------
1        1      0.9835       8.06         12.75        201.35       6.33             4.47           0.9920       0.39         0.53         28.67        1.85             1.76          
         2      0.8422       13.94        24.80        410.71       6.04             3.64           0.9842       0.91         0.97         23.40        4.15             4.89          
         3      0.9124       9.94         13.08        319.88       4.09             3.15           0.9865       0.73         0.78         22.40        3.49             3.95          
         4      0.9714       8.25         10.14        236.85       4.28             3.77           0.9895       0.51         0.58         20.71        2.78             3.04          
----------------------------------------------------------------------------------------------------------------------------------------------------------------------------------------------------------------------------
2        1      0.9763       10.65        15.76        210.10       7.50             5.48           0.9669       0.69         1.03         28.89        3.57             3.07          
         2      0.8292       14.48        25.25        417.92       6.04             3.74           0.9506       1.30         1.59         23.66        6.73             7.64          
         3      0.6148       26.90        30.21        345.58       8.74             8.26           0.9420       1.28         1.57         22.89        6.84             7.05          
         4      0.9131       14.33        19.55        283.31       6.90             4.85           0.9800       0.63         0.79         20.68        3.80             3.76          
----------------------------------------------------------------------------------------------------------------------------------------------------------------------------------------------------------------------------
3        1      0.9649       15.90        19.39        216.35       8.96             8.35           0.9616       0.68         1.09         28.79        3.77             3.03          
         2      0.7849       23.02        29.58        431.71       6.85             5.64           0.8484       1.83         2.49         24.18        10.30            11.12         
         3      0.6026       27.69        30.36        346.54       8.76             8.55           0.8356       1.75         2.28         23.27        9.78             10.28         
         4      0.7876       24.25        29.94        270.15       11.08            8.13           0.8769       1.21         1.69         21.23        7.94             7.63          
----------------------------------------------------------------------------------------------------------------------------------------------------------------------------------------------------------------------------
4        1      0.9477       19.38        23.77        220.17       10.80            9.85           0.9289       0.91         1.40         28.90        4.86             4.06          
         2      0.6802       28.35        35.18        437.67       8.04             6.90           0.6811       2.32         3.30         24.71        13.36            13.75         
         3      0.5129       29.77        33.66        349.21       9.64             9.16           0.5968       2.09         3.07         23.69        12.95            12.58         
         4      0.7790       27.90        33.76        284.90       11.85            8.88           0.8475       1.29         1.81         21.26        8.50             8.26          
----------------------------------------------------------------------------------------------------------------------------------------------------------------------------------------------------------------------------
5        1      0.9486       19.21        23.27        220.00       10.58            10.24          0.6583       1.65         2.57         29.91        8.61             7.09          
         2      0.6862       29.50        36.50        438.52       8.32             7.09           0.4176       2.73         4.09         25.23        16.21            15.72         
         3      0.5883       27.04        30.70        345.81       8.88             8.39           0.0980       2.66         3.89         24.12        16.15            15.21         
         4      0.6325       36.79        42.02        275.77       15.24            11.94          0.2502       2.03         3.06         22.08        13.86            12.42         
============================================================================================================================================================================================================================

============================================================
SUMMARY
============================================================
Average Flow NRMSE*100:  2.1099
Average Speed NRMSE*100: 8.0896
Fitness (avg NRMSE*100): 6.2957
============================================================
