==================================================================================================================================================================================================================
MACRO-LEVEL VALIDATION (Sensor Aggregates)
==================================================================================================================================================================================================================
Sensor    Flow R²      Flow MAE     Flow RMSE    Flow Mean    Flow NRMSE*100   Flow SMAPE     Speed R²     Speed MAE    Speed RMSE   Speed Mean   Speed NRMSE*100  Speed SMAPE   
------------------------------------------------------------------------------------------------------------------------------------------------------------------------------------------------------------------
1         0.9770       9.99         16.18        1168.79      1.38             3.75           0.9902       0.62         0.71         23.80        2.98             3.37          
2         0.9510       16.61        23.35        1256.92      1.86             5.60           0.9650       0.98         1.30         24.03        5.41             5.40          
3         0.9354       22.68        27.73        1264.75      2.19             7.66           0.9020       1.35         1.96         24.37        8.04             7.99          
4         0.9153       26.33        31.89        1291.94      2.47             8.70           0.8137       1.65         2.53         24.64        10.27            9.64          
5         0.9054       28.15        33.87        1280.10      2.65             9.39           0.5654       2.26         3.46         25.33        13.66            12.60         
==================================================================================================================================================================================================================

============================================================================================================================================================================================================================
MICRO-LEVEL VALIDATION (Lane Detail)
============================================================================================================================================================================================================================
Sensor   Lane   Flow R²      Flow MAE     Flow RMSE    Flow Mean    Flow NRMSE*100   Flow SMAPE     Speed R²     Speed MAE    Speed RMSE   Speed Mean   Speed NRMSE*100  Speed SMAPE   
----------------------------------------------------------------------------------------------------------------------------------------------------------------------------------------------------------------------------
1        1      0.9836       8.02         12.72        201.35       6.32             4.45           0.9925       0.39         0.51         28.67        1.80             1.74          
         2      0.8432       13.73        24.73        410.71       6.02             3.60           0.9862       0.85         0.91         23.40        3.89             4.68          
         3      0.9120       9.98         13.11        319.88       4.10             3.16           0.9869       0.72         0.77         22.40        3.45             3.94          
         4      0.9716       8.23         10.09        236.85       4.26             3.77           0.9889       0.53         0.59         20.71        2.86             3.14          
----------------------------------------------------------------------------------------------------------------------------------------------------------------------------------------------------------------------------
2        1      0.9763       10.60        15.76        210.10       7.50             5.48           0.9666       0.68         1.04         28.89        3.59             3.04          
         2      0.8279       14.56        25.34        417.92       6.06             3.76           0.9476       1.35         1.64         23.66        6.93             7.90          
         3      0.6162       26.90        30.16        345.58       8.73             8.26           0.9435       1.25         1.55         22.89        6.75             6.93          
         4      0.9135       14.40        19.50        283.31       6.88             4.88           0.9810       0.62         0.77         20.68        3.71             3.73          
----------------------------------------------------------------------------------------------------------------------------------------------------------------------------------------------------------------------------
3        1      0.9646       15.85        19.46        216.35       8.99             8.35           0.9605       0.69         1.10         28.79        3.82             3.18          
         2      0.7845       22.94        29.60        431.71       6.86             5.62           0.8469       1.83         2.50         24.18        10.35            11.14         
         3      0.6024       27.69        30.37        346.54       8.76             8.55           0.8380       1.67         2.26         23.27        9.71             10.06         
         4      0.7867       24.25        30.00        270.15       11.10            8.13           0.8795       1.19         1.67         21.23        7.85             7.58          
----------------------------------------------------------------------------------------------------------------------------------------------------------------------------------------------------------------------------
4        1      0.9477       19.33        23.76        220.17       10.79            9.84           0.9350       0.89         1.34         28.90        4.64             3.93          
         2      0.6812       28.35        35.12        437.67       8.02             6.92           0.6813       2.34         3.30         24.71        13.36            13.85         
         3      0.5123       29.77        33.69        349.21       9.65             9.16           0.5831       2.14         3.12         23.69        13.16            12.90         
         4      0.7800       27.85        33.68        284.90       11.82            8.87           0.8546       1.22         1.76         21.26        8.29             7.87          
----------------------------------------------------------------------------------------------------------------------------------------------------------------------------------------------------------------------------
5        1      0.9483       19.08        23.32        220.00       10.60            10.12          0.6607       1.67         2.57         29.91        8.58             7.14          
         2      0.6842       29.71        36.62        438.52       8.35             7.13           0.4161       2.73         4.10         25.23        16.23            15.71         
         3      0.5885       27.00        30.69        345.81       8.87             8.37           0.0894       2.68         3.91         24.12        16.23            15.32         
         4      0.6331       36.79        41.98        275.77       15.22            11.95          0.2531       1.99         3.05         22.08        13.83            12.24         
============================================================================================================================================================================================================================

============================================================
SUMMARY
============================================================
Average Flow NRMSE*100:  2.1097
Average Speed NRMSE*100: 8.0727
Fitness (avg NRMSE*100): 6.2839
============================================================
