==================================================================================================================================================================================================================
MACRO-LEVEL VALIDATION (Sensor Aggregates)
==================================================================================================================================================================================================================
Sensor    Flow R²      Flow MAE     Flow RMSE    Flow Mean    Flow NRMSE*100   Flow SMAPE     Speed R²     Speed MAE    Speed RMSE   Speed Mean   Speed NRMSE*100  Speed SMAPE   
------------------------------------------------------------------------------------------------------------------------------------------------------------------------------------------------------------------
1         0.9768       10.10        16.24        1168.79      1.39             3.77           0.9712       0.99         1.22         23.80        5.13             5.81          
2         0.9510       16.71        23.35        1256.92      1.86             5.63           0.9373       1.30         1.74         24.03        7.24             7.42          
3         0.9356       22.69        27.69        1264.75      2.19             7.66           0.8559       1.65         2.38         24.37        9.77             9.91          
4         0.9152       26.32        31.90        1291.94      2.47             8.68           0.7485       1.93         2.94         24.64        11.93            11.47         
5         0.9055       28.16        33.87        1280.10      2.65             9.42           0.5614       2.30         3.48         25.33        13.74            12.72         
==================================================================================================================================================================================================================

============================================================================================================================================================================================================================
MICRO-LEVEL VALIDATION (Lane Detail)
============================================================================================================================================================================================================================
Sensor   Lane   Flow R²      Flow MAE     Flow RMSE    Flow Mean    Flow NRMSE*100   Flow SMAPE     Speed R²     Speed MAE    Speed RMSE   Speed Mean   Speed NRMSE*100  Speed SMAPE   
----------------------------------------------------------------------------------------------------------------------------------------------------------------------------------------------------------------------------
1        1      0.9832       8.06         12.87        201.35       6.39             4.47           0.9887       0.47         0.63         28.67        2.19             2.12          
         2      0.8426       14.06        24.77        410.71       6.03             3.67           0.9416       1.71         1.87         23.40        8.00             10.31         
         3      0.9109       9.98         13.19        319.88       4.12             3.17           0.9689       1.08         1.19         22.40        5.30             6.36          
         4      0.9716       8.29         10.10        236.85       4.26             3.79           0.9785       0.70         0.83         20.71        3.99             4.44          
----------------------------------------------------------------------------------------------------------------------------------------------------------------------------------------------------------------------------
2        1      0.9759       10.85        15.89        210.10       7.56             5.62           0.9546       0.77         1.21         28.89        4.18             3.48          
         2      0.8290       14.65        25.26        417.92       6.04             3.78           0.8776       2.16         2.51         23.66        10.60            12.95         
         3      0.6165       26.90        30.14        345.58       8.72             8.26           0.9128       1.61         1.92         22.89        8.39             9.26          
         4      0.9130       14.46        19.55        283.31       6.90             4.89           0.9784       0.66         0.82         20.68        3.95             3.99          
----------------------------------------------------------------------------------------------------------------------------------------------------------------------------------------------------------------------------
3        1      0.9648       15.90        19.40        216.35       8.96             8.35           0.9533       0.73         1.20         28.79        4.16             3.39          
         2      0.7853       22.98        29.55        431.71       6.85             5.62           0.7292       2.62         3.33         24.18        13.76            16.03         
         3      0.6024       27.65        30.36        346.54       8.76             8.53           0.7780       2.00         2.65         23.27        11.37            12.20         
         4      0.7876       24.25        29.93        270.15       11.08            8.13           0.8664       1.24         1.76         21.23        8.27             8.00          
----------------------------------------------------------------------------------------------------------------------------------------------------------------------------------------------------------------------------
4        1      0.9477       19.25        23.77        220.17       10.80            9.79           0.9215       0.95         1.47         28.90        5.10             4.28          
         2      0.6799       28.35        35.19        437.67       8.04             6.90           0.5036       3.09         4.12         24.71        16.67            18.58         
         3      0.5132       29.77        33.65        349.21       9.64             9.15           0.4887       2.39         3.45         23.69        14.58            14.61         
         4      0.7801       27.90        33.68        284.90       11.82            8.89           0.8413       1.30         1.84         21.26        8.67             8.41          
----------------------------------------------------------------------------------------------------------------------------------------------------------------------------------------------------------------------------
5        1      0.9484       19.17        23.31        220.00       10.59            10.25          0.6851       1.59         2.47         29.91        8.27             6.79          
         2      0.6863       29.67        36.50        438.52       8.32             7.12           0.3701       2.96         4.25         25.23        16.86            16.79         
         3      0.5854       27.00        30.80        345.81       8.91             8.37           0.1077       2.63         3.87         24.12        16.06            15.08         
         4      0.6330       36.79        41.99        275.77       15.23            11.95          0.2609       2.00         3.04         22.08        13.76            12.22         
============================================================================================================================================================================================================================

============================================================
SUMMARY
============================================================
Average Flow NRMSE*100:  2.1104
Average Speed NRMSE*100: 9.5609
Fitness (avg NRMSE*100): 7.3262
============================================================
