==================================================================================================================================================================================================================
MACRO-LEVEL VALIDATION (Sensor Aggregates)
==================================================================================================================================================================================================================
Sensor    Flow R²      Flow MAE     Flow RMSE    Flow Mean    Flow NRMSE*100   Flow SMAPE     Speed R²     Speed MAE    Speed RMSE   Speed Mean   Speed NRMSE*100  Speed SMAPE   
------------------------------------------------------------------------------------------------------------------------------------------------------------------------------------------------------------------
1         0.9771       10.05        16.13        1168.79      1.38             3.77           0.9375       1.44         1.80         23.79        7.57             8.99          
2         0.9506       16.85        23.43        1256.92      1.86             5.66           0.8961       1.79         2.24         24.03        9.32             9.99          
3         0.9354       22.88        27.74        1264.75      2.19             7.71           0.8067       2.01         2.75         24.37        11.30            12.03         
4         0.9146       26.38        32.01        1291.94      2.48             8.70           0.6817       2.32         3.30         24.64        13.41            13.63         
5         0.9045       28.33        34.04        1280.10      2.66             9.46           0.4509       2.63         3.89         25.33        15.37            14.77         
==================================================================================================================================================================================================================

============================================================================================================================================================================================================================
MICRO-LEVEL VALIDATION (Lane Detail)
============================================================================================================================================================================================================================
Sensor   Lane   Flow R²      Flow MAE     Flow RMSE    Flow Mean    Flow NRMSE*100   Flow SMAPE     Speed R²     Speed MAE    Speed RMSE   Speed Mean   Speed NRMSE*100  Speed SMAPE   
----------------------------------------------------------------------------------------------------------------------------------------------------------------------------------------------------------------------------
1        1      0.9834       8.06         12.82        201.35       6.37             4.47           0.9753       0.68         0.93         28.67        3.25             3.16          
         2      0.8465       13.77        24.47        410.71       5.96             3.60           0.8803       2.40         2.68         23.40        11.44            15.74         
         3      0.9119       9.90         13.12        319.88       4.10             3.14           0.9252       1.65         1.84         22.40        8.22             10.23         
         4      0.9706       8.46         10.28        236.85       4.34             3.86           0.9515       1.03         1.24         20.71        5.99             6.82          
----------------------------------------------------------------------------------------------------------------------------------------------------------------------------------------------------------------------------
2        1      0.9761       10.85        15.83        210.10       7.53             5.57           0.9160       1.08         1.64         28.89        5.69             4.95          
         2      0.8275       14.98        25.37        417.92       6.07             3.87           0.8084       2.87         3.14         23.66        13.26            16.78         
         3      0.6110       27.13        30.36        345.58       8.78             8.33           0.8489       2.32         2.53         22.89        11.04            12.93         
         4      0.9134       14.46        19.52        283.31       6.89             4.89           0.9639       0.87         1.06         20.68        5.11             5.28          
----------------------------------------------------------------------------------------------------------------------------------------------------------------------------------------------------------------------------
3        1      0.9655       15.94        19.21        216.35       8.88             8.36           0.9320       0.90         1.44         28.79        5.01             4.21          
         2      0.7829       23.48        29.71        431.71       6.88             5.77           0.6542       3.10         3.76         24.18        15.55            18.90         
         3      0.5982       27.88        30.53        346.54       8.81             8.60           0.6879       2.53         3.14         23.27        13.48            15.27         
         4      0.7881       24.23        29.90        270.15       11.07            8.12           0.8158       1.50         2.06         21.23        9.71             9.75          
----------------------------------------------------------------------------------------------------------------------------------------------------------------------------------------------------------------------------
4        1      0.9492       18.79        23.43        220.17       10.64            9.66           0.8927       1.07         1.72         28.90        5.97             4.98          
         2      0.6699       28.85        35.74        437.67       8.17             7.06           0.3769       3.80         4.62         24.71        18.68            22.21         
         3      0.5053       30.00        33.93        349.21       9.72             9.22           0.3618       2.90         3.86         23.69        16.29            17.43         
         4      0.7823       27.88        33.51        284.90       11.76            8.88           0.7911       1.51         2.11         21.26        9.94             9.90          
----------------------------------------------------------------------------------------------------------------------------------------------------------------------------------------------------------------------------
5        1      0.9497       18.92        23.00        220.00       10.45            10.15          0.6017       1.80         2.78         29.91        9.30             7.79          
         2      0.6739       30.42        37.21        438.52       8.49             7.33           0.1801       3.56         4.85         25.23        19.24            20.46         
         3      0.5818       27.19        30.94        345.81       8.95             8.43           -0.1260      2.99         4.35         24.12        18.04            17.53         
         4      0.6327       36.81        42.01        275.77       15.23            11.95          0.1652       2.16         3.23         22.08        14.62            13.30         
============================================================================================================================================================================================================================

============================================================
SUMMARY
============================================================
Average Flow NRMSE*100:  2.1150
Average Speed NRMSE*100: 11.3912
Fitness (avg NRMSE*100): 9.5359
============================================================
