==================================================================================================================================================================================================================
MACRO-LEVEL VALIDATION (Sensor Aggregates)
==================================================================================================================================================================================================================
Sensor    Flow R²      Flow MAE     Flow RMSE    Flow Mean    Flow NRMSE*100   Flow SMAPE     Speed R²     Speed MAE    Speed RMSE   Speed Mean   Speed NRMSE*100  Speed SMAPE   
------------------------------------------------------------------------------------------------------------------------------------------------------------------------------------------------------------------
1         0.9780       10.08        15.83        1168.79      1.35             3.78           0.6981       3.38         3.96         23.79        16.64            18.77         
2         0.9554       16.02        22.28        1256.92      1.77             5.38           0.6325       3.65         4.21         24.03        17.52            20.37         
3         0.9410       21.44        26.51        1264.75      2.10             7.18           0.5943       3.50         3.99         24.37        16.36            19.00         
4         0.9216       25.12        30.68        1291.94      2.37             8.18           0.5156       3.38         4.07         24.64        16.54            18.00         
5         0.9130       26.94        32.49        1280.10      2.54             8.87           0.5413       2.57         3.56         25.33        14.05            13.56         
==================================================================================================================================================================================================================

============================================================================================================================================================================================================================
MICRO-LEVEL VALIDATION (Lane Detail)
============================================================================================================================================================================================================================
Sensor   Lane   Flow R²      Flow MAE     Flow RMSE    Flow Mean    Flow NRMSE*100   Flow SMAPE     Speed R²     Speed MAE    Speed RMSE   Speed Mean   Speed NRMSE*100  Speed SMAPE   
----------------------------------------------------------------------------------------------------------------------------------------------------------------------------------------------------------------------------
1        1      0.9827       8.02         13.06        201.35       6.49             4.46           0.6505       2.48         3.51         28.67        12.23            13.09         
         2      0.8569       13.69        23.62        410.71       5.75             3.53           0.5978       4.60         4.91         23.40        20.98            23.64         
         3      0.9188       9.56         12.59        319.88       3.94             3.04           0.6557       3.60         3.95         22.40        17.64            20.38         
         4      0.9679       9.06         10.73        236.85       4.53             4.09           0.6637       2.84         3.27         20.71        15.78            17.96         
----------------------------------------------------------------------------------------------------------------------------------------------------------------------------------------------------------------------------
2        1      0.9748       11.29        16.24        210.10       7.73             5.57           0.5058       2.78         3.99         28.89        13.81            14.27         
         2      0.8437       14.77        24.15        417.92       5.78             3.75           0.5595       4.51         4.76         23.66        20.10            23.02         
         3      0.6613       24.48        28.33        345.58       8.20             7.49           0.6087       3.78         4.07         22.89        17.76            20.87         
         4      0.9235       13.54        18.34        283.31       6.47             4.69           0.4875       3.52         3.98         20.68        19.26            23.30         
----------------------------------------------------------------------------------------------------------------------------------------------------------------------------------------------------------------------------
3        1      0.9671       15.27        18.77        216.35       8.68             7.83           0.6803       2.26         3.13         28.79        10.87            11.05         
         2      0.7916       23.23        29.12        431.71       6.74             5.59           0.4578       4.57         4.71         24.18        19.48            23.17         
         3      0.6351       25.58        29.09        346.54       8.39             7.90           0.4558       3.82         4.14         23.27        17.80            21.17         
         4      0.8186       21.69        27.66        270.15       10.24            7.41           0.3725       3.35         3.80         21.23        17.93            20.60         
----------------------------------------------------------------------------------------------------------------------------------------------------------------------------------------------------------------------------
4        1      0.9507       18.29        23.07        220.17       10.48            8.93           0.5862       2.35         3.39         28.90        11.72            11.46         
         2      0.6821       28.54        35.07        437.67       8.01             6.85           0.1750       5.15         5.31         24.71        21.50            25.78         
         3      0.5662       27.88        31.77        349.21       9.10             8.55           0.1592       3.74         4.43         23.69        18.70            20.98         
         4      0.8075       25.77        31.51        284.90       11.06            8.37           0.6675       2.27         2.67         21.26        12.54            13.77         
----------------------------------------------------------------------------------------------------------------------------------------------------------------------------------------------------------------------------
5        1      0.9529       17.83        22.26        220.00       10.12            9.12           0.6490       1.81         2.61         29.91        8.73             7.55          
         2      0.6826       30.33        36.71        438.52       8.37             7.19           0.3192       3.80         4.42         25.23        17.53            19.16         
         3      0.6410       24.75        28.67        345.81       8.29             7.66           0.1308       2.58         3.82         24.12        15.85            14.74         
         4      0.6758       34.85        39.47        275.77       14.31            11.50          0.2254       2.11         3.11         22.08        14.08            12.79         
============================================================================================================================================================================================================================

============================================================
SUMMARY
============================================================
Average Flow NRMSE*100:  2.0271
Average Speed NRMSE*100: 16.2213
Fitness (avg NRMSE*100): 11.9631
============================================================
