==================================================================================================================================================================================================================
MACRO-LEVEL VALIDATION (Sensor Aggregates)
==================================================================================================================================================================================================================
Sensor    Flow R²      Flow MAE     Flow RMSE    Flow Mean    Flow NRMSE*100   Flow SMAPE     Speed R²     Speed MAE    Speed RMSE   Speed Mean   Speed NRMSE*100  Speed SMAPE   
------------------------------------------------------------------------------------------------------------------------------------------------------------------------------------------------------------------
1         0.9764       10.27        16.38        1168.79      1.40             3.83           0.5837       4.02         4.65         95.20        4.88             16.80         
2         0.9509       16.64        23.36        1256.92      1.86             5.61           0.3764       4.81         5.48         96.12        5.70             20.68         
3         0.9358       22.75        27.66        1264.75      2.19             7.70           0.6292       3.56         3.81         97.48        3.91             16.52         
4         0.9161       26.27        31.73        1291.94      2.46             8.69           0.5922       3.38         3.74         98.56        3.79             16.05         
5         0.9063       28.03        33.72        1280.10      2.63             9.40           0.4030       3.53         4.06         101.32       4.01             17.14         
==================================================================================================================================================================================================================

============================================================================================================================================================================================================================
MICRO-LEVEL VALIDATION (Lane Detail)
============================================================================================================================================================================================================================
Sensor   Lane   Flow R²      Flow MAE     Flow RMSE    Flow Mean    Flow NRMSE*100   Flow SMAPE     Speed R²     Speed MAE    Speed RMSE   Speed Mean   Speed NRMSE*100  Speed SMAPE   
----------------------------------------------------------------------------------------------------------------------------------------------------------------------------------------------------------------------------
1        1      0.9835       8.10         12.75        201.35       6.33             4.50           0.0966       5.35         5.64         28.67        19.66            20.30         
         2      0.8397       14.23        25.00        410.71       6.09             3.69           0.6020       4.14         4.88         23.40        20.87            17.11         
         3      0.9064       10.56        13.52        319.88       4.23             3.36           0.5132       3.99         4.70         22.40        20.98            17.50         
         4      0.9713       8.19         10.15        236.85       4.28             3.75           0.7253       2.58         2.95         20.71        14.26            12.30         
----------------------------------------------------------------------------------------------------------------------------------------------------------------------------------------------------------------------------
2        1      0.9752       10.69        16.11        210.10       7.67             5.52           -0.5447      6.62         7.05         28.89        24.41            25.25         
         2      0.8276       14.73        25.36        417.92       6.07             3.80           0.5768       4.13         4.66         23.66        19.70            18.00         
         3      0.6223       26.81        29.91        345.58       8.66             8.25           0.2547       4.90         5.61         22.89        24.51            22.15         
         4      0.9124       14.33        19.63        283.31       6.93             4.85           0.4378       3.58         4.17         20.68        20.17            17.32         
----------------------------------------------------------------------------------------------------------------------------------------------------------------------------------------------------------------------------
3        1      0.9647       16.02        19.43        216.35       8.98             8.46           0.2688       4.48         4.73         28.79        16.44            16.80         
         2      0.7874       23.10        29.41        431.71       6.81             5.67           0.7257       3.10         3.35         24.18        13.85            15.52         
         3      0.6055       27.65        30.24        346.54       8.73             8.57           0.5492       3.62         3.77         23.27        16.20            17.86         
         4      0.7859       24.23        30.05        270.15       11.12            8.11           0.5534       3.04         3.21         21.23        15.12            15.89         
----------------------------------------------------------------------------------------------------------------------------------------------------------------------------------------------------------------------------
4        1      0.9489       19.17        23.48        220.17       10.67            9.83           0.3411       3.93         4.27         28.90        14.79            14.48         
         2      0.6853       28.27        34.89        437.67       7.97             6.92           0.6031       3.22         3.68         24.71        14.91            16.64         
         3      0.5189       29.81        33.46        349.21       9.58             9.19           0.3135       3.71         4.00         23.69        16.89            18.95         
         4      0.7794       27.81        33.73        284.90       11.84            8.83           0.6232       2.66         2.84         21.26        13.36            14.15         
----------------------------------------------------------------------------------------------------------------------------------------------------------------------------------------------------------------------------
5        1      0.9489       19.08        23.20        220.00       10.54            10.23          0.0530       4.00         4.29         29.91        14.33            15.23         
         2      0.6905       29.42        36.25        438.52       8.27             7.09           0.3764       3.60         4.23         25.23        16.78            18.18         
         3      0.5975       26.83        30.35        345.81       8.78             8.37           -0.0170      3.45         4.14         24.12        17.15            18.13         
         4      0.6304       36.79        42.14        275.77       15.28            11.91          -0.0049      3.06         3.54         22.08        16.04            17.02         
============================================================================================================================================================================================================================

============================================================
SUMMARY
============================================================
Average Flow NRMSE*100:  2.1074
Average Speed NRMSE*100: 4.4592
Fitness (avg NRMSE*100): 3.7538
============================================================
