==================================================================================================================================================================================================================
MACRO-LEVEL VALIDATION (Sensor Aggregates)
==================================================================================================================================================================================================================
Sensor    Flow R²      Flow MAE     Flow RMSE    Flow Mean    Flow NRMSE*100   Flow SMAPE     Speed R²     Speed MAE    Speed RMSE   Speed Mean   Speed NRMSE*100  Speed SMAPE   
------------------------------------------------------------------------------------------------------------------------------------------------------------------------------------------------------------------
1         0.9770       10.08        16.17        1168.79      1.38             3.76           0.9998       0.06         0.11         95.20        0.12             0.33          
2         0.9512       16.55        23.30        1256.92      1.85             5.57           0.9838       0.63         0.88         96.12        0.92             3.33          
3         0.9357       22.69        27.68        1264.75      2.19             7.69           0.9425       0.97         1.50         97.48        1.54             5.64          
4         0.9158       26.29        31.79        1291.94      2.46             8.70           0.8748       1.34         2.07         98.56        2.10             7.56          
5         0.9063       28.03        33.72        1280.10      2.63             9.41           0.6592       2.05         3.07         101.32       3.03             11.03         
==================================================================================================================================================================================================================

============================================================================================================================================================================================================================
MICRO-LEVEL VALIDATION (Lane Detail)
============================================================================================================================================================================================================================
Sensor   Lane   Flow R²      Flow MAE     Flow RMSE    Flow Mean    Flow NRMSE*100   Flow SMAPE     Speed R²     Speed MAE    Speed RMSE   Speed Mean   Speed NRMSE*100  Speed SMAPE   
----------------------------------------------------------------------------------------------------------------------------------------------------------------------------------------------------------------------------
1        1      0.9838       8.06         12.65        201.35       6.28             4.39           0.9999       0.04         0.06         28.67        0.20             0.14          
         2      0.8448       13.77        24.60        410.71       5.99             3.60           0.9997       0.07         0.12         23.40        0.53             0.41          
         3      0.9095       10.10        13.30        319.88       4.16             3.20           0.9996       0.08         0.13         22.40        0.57             0.40          
         4      0.9712       8.40         10.17        236.85       4.29             3.85           0.9996       0.06         0.11         20.71        0.51             0.37          
----------------------------------------------------------------------------------------------------------------------------------------------------------------------------------------------------------------------------
2        1      0.9761       10.60        15.80        210.10       7.52             5.42           0.9863       0.43         0.66         28.89        2.30             1.85          
         2      0.8316       14.52        25.07        417.92       6.00             3.76           0.9805       0.74         1.00         23.66        4.23             4.23          
         3      0.6151       26.90        30.20        345.58       8.74             8.27           0.9713       0.81         1.10         22.89        4.81             4.24          
         4      0.9132       14.19        19.53        283.31       6.89             4.81           0.9847       0.54         0.69         20.68        3.33             3.00          
----------------------------------------------------------------------------------------------------------------------------------------------------------------------------------------------------------------------------
3        1      0.9651       15.94        19.32        216.35       8.93             8.44           0.9798       0.48         0.79         28.79        2.73             2.04          
         2      0.7873       22.94        29.41        431.71       6.81             5.61           0.9138       1.33         1.88         24.18        7.77             7.79          
         3      0.5989       27.69        30.50        346.54       8.80             8.57           0.9025       1.19         1.75         23.27        7.53             7.14          
         4      0.7875       24.21        29.94        270.15       11.08            8.13           0.9222       0.89         1.34         21.23        6.31             5.59          
----------------------------------------------------------------------------------------------------------------------------------------------------------------------------------------------------------------------------
4        1      0.9481       19.25        23.68        220.17       10.75            9.91           0.9573       0.70         1.09         28.90        3.77             2.97          
         2      0.6829       28.44        35.03        437.67       8.00             6.94           0.7921       1.85         2.67         24.71        10.79            10.59         
         3      0.5196       29.69        33.43        349.21       9.57             9.15           0.7106       1.81         2.60         23.69        10.97            10.46         
         4      0.7793       27.77        33.74        284.90       11.84            8.82           0.9008       0.99         1.46         21.26        6.85             6.22          
----------------------------------------------------------------------------------------------------------------------------------------------------------------------------------------------------------------------------
5        1      0.9495       19.13        23.05        220.00       10.48            10.30          0.7484       1.42         2.21         29.91        7.39             5.97          
         2      0.6884       29.63        36.38        438.52       8.30             7.13           0.5660       2.40         3.53         25.23        14.00            13.20         
         3      0.5961       26.58        30.41        345.81       8.79             8.28           0.2625       2.49         3.52         24.12        14.60            13.69         
         4      0.6317       36.79        42.06        275.77       15.25            11.95          0.3682       1.89         2.81         22.08        12.72            11.24         
============================================================================================================================================================================================================================

============================================================
SUMMARY
============================================================
Average Flow NRMSE*100:  2.1041
Average Speed NRMSE*100: 1.5400
Fitness (avg NRMSE*100): 1.7086
============================================================
