==================================================================================================================================================================================================================
MACRO-LEVEL VALIDATION (Sensor Aggregates)
==================================================================================================================================================================================================================
Sensor    Flow R²      Flow MAE     Flow RMSE    Flow Mean    Flow NRMSE*100   Flow SMAPE     Speed R²     Speed MAE    Speed RMSE   Speed Mean   Speed NRMSE*100  Speed SMAPE   
------------------------------------------------------------------------------------------------------------------------------------------------------------------------------------------------------------------
1         0.9768       10.00        16.22        1168.79      1.39             3.75           0.9998       0.06         0.10         95.20        0.11             0.32          
2         0.9510       16.59        23.34        1256.92      1.86             5.59           0.9838       0.63         0.88         96.12        0.92             3.33          
3         0.9357       22.68        27.68        1264.75      2.19             7.66           0.9426       0.97         1.50         97.48        1.54             5.63          
4         0.9155       26.34        31.85        1291.94      2.47             8.70           0.8747       1.36         2.07         98.56        2.10             7.62          
5         0.9057       28.08        33.83        1280.10      2.64             9.38           0.6580       2.05         3.07         101.32       3.03             11.03         
==================================================================================================================================================================================================================

============================================================================================================================================================================================================================
MICRO-LEVEL VALIDATION (Lane Detail)
============================================================================================================================================================================================================================
Sensor   Lane   Flow R²      Flow MAE     Flow RMSE    Flow Mean    Flow NRMSE*100   Flow SMAPE     Speed R²     Speed MAE    Speed RMSE   Speed Mean   Speed NRMSE*100  Speed SMAPE   
----------------------------------------------------------------------------------------------------------------------------------------------------------------------------------------------------------------------------
1        1      0.9834       8.02         12.81        201.35       6.36             4.46           0.9999       0.03         0.05         28.67        0.19             0.13          
         2      0.8423       13.85        24.79        410.71       6.04             3.62           0.9998       0.08         0.12         23.40        0.52             0.41          
         3      0.9127       9.90         13.06        319.88       4.08             3.13           0.9997       0.07         0.12         22.40        0.55             0.39          
         4      0.9712       8.23         10.17        236.85       4.29             3.77           0.9997       0.06         0.10         20.71        0.51             0.37          
----------------------------------------------------------------------------------------------------------------------------------------------------------------------------------------------------------------------------
2        1      0.9763       10.60        15.76        210.10       7.50             5.48           0.9862       0.43         0.67         28.89        2.30             1.85          
         2      0.8285       14.52        25.30        417.92       6.05             3.75           0.9806       0.74         1.00         23.66        4.22             4.22          
         3      0.6169       26.90        30.13        345.58       8.72             8.26           0.9715       0.80         1.10         22.89        4.80             4.23          
         4      0.9130       14.35        19.56        283.31       6.90             4.85           0.9848       0.54         0.69         20.68        3.32             3.01          
----------------------------------------------------------------------------------------------------------------------------------------------------------------------------------------------------------------------------
3        1      0.9647       15.85        19.44        216.35       8.98             8.33           0.9799       0.48         0.78         28.79        2.73             2.03          
         2      0.7871       22.94        29.43        431.71       6.82             5.62           0.9140       1.32         1.88         24.18        7.76             7.77          
         3      0.6028       27.69        30.35        346.54       8.76             8.55           0.9029       1.19         1.75         23.27        7.52             7.13          
         4      0.7866       24.25        30.01        270.15       11.11            8.13           0.9219       0.89         1.34         21.23        6.32             5.60          
----------------------------------------------------------------------------------------------------------------------------------------------------------------------------------------------------------------------------
4        1      0.9477       19.38        23.78        220.17       10.80            9.87           0.9591       0.76         1.06         28.90        3.68             3.16          
         2      0.6821       28.35        35.07        437.67       8.01             6.91           0.7915       1.86         2.67         24.71        10.81            10.61         
         3      0.5146       29.73        33.61        349.21       9.62             9.14           0.7095       1.82         2.60         23.69        10.99            10.48         
         4      0.7802       27.90        33.67        284.90       11.82            8.89           0.9004       0.99         1.46         21.26        6.87             6.25          
----------------------------------------------------------------------------------------------------------------------------------------------------------------------------------------------------------------------------
5        1      0.9482       19.04        23.35        220.00       10.61            10.10          0.7480       1.41         2.21         29.91        7.39             5.94          
         2      0.6856       29.54        36.54        438.52       8.33             7.10           0.5645       2.40         3.54         25.23        14.02            13.22         
         3      0.5923       26.96        30.55        345.81       8.83             8.36           0.2597       2.49         3.53         24.12        14.63            13.71         
         4      0.6330       36.79        41.99        275.77       15.23            11.94          0.3655       1.89         2.81         22.08        12.75            11.26         
============================================================================================================================================================================================================================

============================================================
SUMMARY
============================================================
Average Flow NRMSE*100:  2.1083
Average Speed NRMSE*100: 1.5379
Fitness (avg NRMSE*100): 1.7095
============================================================
