==================================================================================================================================================================================================================
MACRO-LEVEL VALIDATION (Sensor Aggregates)
==================================================================================================================================================================================================================
Sensor    Flow R²      Flow MAE     Flow RMSE    Flow Mean    Flow NRMSE*100   Flow SMAPE     Speed R²     Speed MAE    Speed RMSE   Speed Mean   Speed NRMSE*100  Speed SMAPE   
------------------------------------------------------------------------------------------------------------------------------------------------------------------------------------------------------------------
1         0.9766       10.08        16.31        1168.79      1.40             3.78           0.8648       1.86         2.65         95.20        2.78             6.75          
2         0.9510       16.58        23.35        1256.92      1.86             5.60           0.7937       2.61         3.15         96.12        3.28             10.52         
3         0.9355       22.68        27.73        1264.75      2.19             7.68           0.8476       2.19         2.44         97.48        2.50             10.05         
4         0.9154       26.36        31.87        1291.94      2.47             8.74           0.8106       2.16         2.55         98.56        2.59             10.56         
5         0.9060       28.05        33.77        1280.10      2.64             9.39           0.6060       2.51         3.30         101.32       3.26             12.67         
==================================================================================================================================================================================================================

============================================================================================================================================================================================================================
MICRO-LEVEL VALIDATION (Lane Detail)
============================================================================================================================================================================================================================
Sensor   Lane   Flow R²      Flow MAE     Flow RMSE    Flow Mean    Flow NRMSE*100   Flow SMAPE     Speed R²     Speed MAE    Speed RMSE   Speed Mean   Speed NRMSE*100  Speed SMAPE   
----------------------------------------------------------------------------------------------------------------------------------------------------------------------------------------------------------------------------
1        1      0.9831       8.15         12.90        201.35       6.41             4.53           0.6622       2.78         3.45         28.67        12.02            9.28          
         2      0.8411       13.98        24.89        410.71       6.06             3.65           0.8482       2.27         3.01         23.40        12.89            8.20          
         3      0.9103       10.02        13.24        319.88       4.14             3.18           0.8704       1.74         2.42         22.40        10.82            6.65          
         4      0.9714       8.19         10.13        236.85       4.28             3.76           0.9619       0.66         1.10         20.71        5.31             2.88          
----------------------------------------------------------------------------------------------------------------------------------------------------------------------------------------------------------------------------
2        1      0.9755       10.69        16.00        210.10       7.61             5.54           0.5164       3.49         3.95         28.89        13.66            12.20         
         2      0.8295       14.44        25.22        417.92       6.03             3.74           0.7953       2.77         3.24         23.66        13.70            11.54         
         3      0.6172       26.90        30.11        345.58       8.71             8.27           0.7474       2.73         3.27         22.89        14.27            11.60         
         4      0.9133       14.31        19.52        283.31       6.89             4.85           0.9010       1.45         1.75         20.68        8.46             6.75          
----------------------------------------------------------------------------------------------------------------------------------------------------------------------------------------------------------------------------
3        1      0.9650       15.98        19.36        216.35       8.95             8.44           0.7700       2.40         2.65         28.79        9.22             8.49          
         2      0.7878       22.73        29.38        431.71       6.80             5.58           0.8165       2.56         2.74         24.18        11.33            12.19         
         3      0.5985       27.77        30.51        346.54       8.81             8.59           0.7915       2.38         2.56         23.27        11.02            11.65         
         4      0.7849       24.25        30.12        270.15       11.15            8.12           0.8802       1.43         1.66         21.23        7.83             7.88          
----------------------------------------------------------------------------------------------------------------------------------------------------------------------------------------------------------------------------
4        1      0.9468       19.46        23.96        220.17       10.88            10.02          0.8335       1.94         2.15         28.90        7.43             7.07          
         2      0.6813       28.31        35.11        437.67       8.02             6.92           0.7288       2.61         3.04         24.71        12.32            13.33         
         3      0.5179       29.81        33.49        349.21       9.59             9.18           0.6186       2.57         2.98         23.69        12.59            13.40         
         4      0.7802       27.85        33.67        284.90       11.82            8.85           0.8516       1.52         1.78         21.26        8.38             8.44          
----------------------------------------------------------------------------------------------------------------------------------------------------------------------------------------------------------------------------
5        1      0.9481       19.13        23.36        220.00       10.62            10.20          0.6062       2.27         2.76         29.91        9.24             8.84          
         2      0.6884       29.46        36.38        438.52       8.30             7.09           0.4834       3.19         3.85         25.23        15.27            16.02         
         3      0.5932       26.88        30.52        345.81       8.82             8.36           0.2209       2.72         3.62         24.12        15.01            14.65         
         4      0.6333       36.75        41.97        275.77       15.22            11.92          0.3645       1.85         2.82         22.08        12.76            11.17         
============================================================================================================================================================================================================================

============================================================
SUMMARY
============================================================
Average Flow NRMSE*100:  2.1101
Average Speed NRMSE*100: 2.8816
Fitness (avg NRMSE*100): 2.6507
============================================================
