==================================================================================================================================================================================================================
MACRO-LEVEL VALIDATION (Sensor Aggregates)
==================================================================================================================================================================================================================
Sensor    Flow R²      Flow MAE     Flow RMSE    Flow Mean    Flow NRMSE*100   Flow SMAPE     Speed R²     Speed MAE    Speed RMSE   Speed Mean   Speed NRMSE*100  Speed SMAPE   
------------------------------------------------------------------------------------------------------------------------------------------------------------------------------------------------------------------
1         0.9766       10.08        16.29        1168.79      1.39             3.77           0.9994       0.13         0.17         95.20        0.18             0.69          
2         0.9508       16.65        23.40        1256.92      1.86             5.61           0.9818       0.66         0.94         96.12        0.98             3.59          
3         0.9356       22.71        27.71        1264.75      2.19             7.67           0.9358       1.01         1.59         97.48        1.63             6.01          
4         0.9152       26.34        31.90        1291.94      2.47             8.70           0.8643       1.38         2.16         98.56        2.19             7.90          
5         0.9058       28.04        33.81        1280.10      2.64             9.36           0.6448       2.07         3.13         101.32       3.09             11.25         
==================================================================================================================================================================================================================

============================================================================================================================================================================================================================
MICRO-LEVEL VALIDATION (Lane Detail)
============================================================================================================================================================================================================================
Sensor   Lane   Flow R²      Flow MAE     Flow RMSE    Flow Mean    Flow NRMSE*100   Flow SMAPE     Speed R²     Speed MAE    Speed RMSE   Speed Mean   Speed NRMSE*100  Speed SMAPE   
----------------------------------------------------------------------------------------------------------------------------------------------------------------------------------------------------------------------------
1        1      0.9832       8.10         12.90        201.35       6.41             4.47           0.9998       0.06         0.08         28.67        0.29             0.24          
         2      0.8409       14.06        24.90        410.71       6.06             3.67           0.9992       0.19         0.22         23.40        0.93             0.99          
         3      0.9122       9.85         13.10        319.88       4.09             3.13           0.9992       0.15         0.19         22.40        0.86             0.81          
         4      0.9711       8.31         10.18        236.85       4.30             3.81           0.9992       0.12         0.16         20.71        0.77             0.71          
----------------------------------------------------------------------------------------------------------------------------------------------------------------------------------------------------------------------------
2        1      0.9763       10.65        15.74        210.10       7.49             5.51           0.9844       0.46         0.71         28.89        2.45             1.97          
         2      0.8268       14.65        25.43        417.92       6.08             3.78           0.9770       0.78         1.09         23.66        4.59             4.65          
         3      0.6155       26.81        30.18        345.58       8.73             8.24           0.9681       0.86         1.16         22.89        5.07             4.64          
         4      0.9125       14.48        19.62        283.31       6.92             4.90           0.9846       0.55         0.69         20.68        3.34             3.11          
----------------------------------------------------------------------------------------------------------------------------------------------------------------------------------------------------------------------------
3        1      0.9647       15.85        19.42        216.35       8.98             8.34           0.9784       0.50         0.81         28.79        2.82             2.14          
         2      0.7843       23.06        29.62        431.71       6.86             5.65           0.9033       1.37         1.99         24.18        8.22             8.31          
         3      0.6037       27.69        30.31        346.54       8.75             8.55           0.8900       1.27         1.86         23.27        8.00             7.69          
         4      0.7873       24.25        29.95        270.15       11.09            8.13           0.9143       0.92         1.41         21.23        6.62             5.88          
----------------------------------------------------------------------------------------------------------------------------------------------------------------------------------------------------------------------------
4        1      0.9480       19.33        23.70        220.17       10.76            9.86           0.9555       0.72         1.11         28.90        3.84             3.06          
         2      0.6798       28.40        35.19        437.67       8.04             6.92           0.7734       1.91         2.78         24.71        11.27            11.12         
         3      0.5117       29.77        33.71        349.21       9.65             9.16           0.6866       1.87         2.70         23.69        11.41            10.92         
         4      0.7799       27.88        33.69        284.90       11.83            8.87           0.8923       1.02         1.52         21.26        7.14             6.52          
----------------------------------------------------------------------------------------------------------------------------------------------------------------------------------------------------------------------------
5        1      0.9483       19.04        23.33        220.00       10.60            10.11          0.7366       1.45         2.26         29.91        7.56             6.13          
         2      0.6856       29.50        36.54        438.52       8.33             7.08           0.5446       2.43         3.62         25.23        14.34            13.54         
         3      0.5928       26.83        30.53        345.81       8.83             8.32           0.2338       2.51         3.59         24.12        14.88            13.93         
         4      0.6333       36.77        41.97        275.77       15.22            11.94          0.3473       1.90         2.85         22.08        12.93            11.40         
============================================================================================================================================================================================================================

============================================================
SUMMARY
============================================================
Average Flow NRMSE*100:  2.1114
Average Speed NRMSE*100: 1.6137
Fitness (avg NRMSE*100): 1.7626
============================================================
