==================================================================================================================================================================================================================
MACRO-LEVEL VALIDATION (Sensor Aggregates)
==================================================================================================================================================================================================================
Sensor    Flow R²      Flow MAE     Flow RMSE    Flow Mean    Flow NRMSE*100   Flow SMAPE     Speed R²     Speed MAE    Speed RMSE   Speed Mean   Speed NRMSE*100  Speed SMAPE   
------------------------------------------------------------------------------------------------------------------------------------------------------------------------------------------------------------------
1         0.9765       10.33        16.36        1168.79      1.40             3.84           0.8619       2.05         2.68         95.20        2.82             13.57         
2         0.9503       16.85        23.52        1256.92      1.87             5.66           0.8612       2.00         2.59         96.12        2.69             11.09         
3         0.9356       22.73        27.69        1264.75      2.19             7.66           0.7662       2.30         3.03         97.48        3.11             13.27         
4         0.9147       26.30        32.00        1291.94      2.48             8.68           0.6558       2.47         3.43         98.56        3.48             14.22         
5         0.9046       28.26        34.01        1280.10      2.66             9.44           0.5182       2.52         3.65         101.32       3.60             13.71         
==================================================================================================================================================================================================================

============================================================================================================================================================================================================================
MICRO-LEVEL VALIDATION (Lane Detail)
============================================================================================================================================================================================================================
Sensor   Lane   Flow R²      Flow MAE     Flow RMSE    Flow Mean    Flow NRMSE*100   Flow SMAPE     Speed R²     Speed MAE    Speed RMSE   Speed Mean   Speed NRMSE*100  Speed SMAPE   
----------------------------------------------------------------------------------------------------------------------------------------------------------------------------------------------------------------------------
1        1      0.9834       8.02         12.80        201.35       6.35             4.46           0.9636       0.83         1.13         28.67        3.95             3.85          
         2      0.8395       14.77        25.01        410.71       6.09             3.85           0.7130       3.74         4.15         23.40        17.72            25.36         
         3      0.9090       10.15        13.33        319.88       4.17             3.23           0.8370       2.30         2.72         22.40        12.14            15.84         
         4      0.9713       8.40         10.16        236.85       4.29             3.83           0.9119       1.32         1.67         20.71        8.08             9.23          
----------------------------------------------------------------------------------------------------------------------------------------------------------------------------------------------------------------------------
2        1      0.9767       10.63        15.63        210.10       7.44             5.51           0.9157       1.09         1.65         28.89        5.70             4.97          
         2      0.8194       15.50        25.96        417.92       6.21             3.99           0.6853       3.70         4.02         23.66        16.99            20.84         
         3      0.6119       26.98        30.32        345.58       8.77             8.28           0.8366       2.40         2.63         22.89        11.48            13.54         
         4      0.9144       14.31        19.39        283.31       6.84             4.85           0.9676       0.82         1.00         20.68        4.84             5.01          
----------------------------------------------------------------------------------------------------------------------------------------------------------------------------------------------------------------------------
3        1      0.9664       15.58        18.97        216.35       8.77             8.25           0.9207       0.98         1.56         28.79        5.41             4.61          
         2      0.7819       23.42        29.78        431.71       6.90             5.73           0.5325       3.91         4.37         24.18        18.08            22.24         
         3      0.5991       27.73        30.49        346.54       8.80             8.56           0.6641       2.70         3.25         23.27        13.98            15.97         
         4      0.7888       24.21        29.85        270.15       11.05            8.12           0.8038       1.61         2.13         21.23        10.02            10.28         
----------------------------------------------------------------------------------------------------------------------------------------------------------------------------------------------------------------------------
4        1      0.9492       18.88        23.42        220.17       10.64            9.66           0.8877       1.13         1.76         28.90        6.10             5.23          
         2      0.6763       28.35        35.39        437.67       8.09             6.90           0.2975       4.17         4.90         24.71        19.84            23.66         
         3      0.4983       30.19        34.17        349.21       9.78             9.29           0.3362       3.01         3.94         23.69        16.61            17.89         
         4      0.7816       27.77        33.56        284.90       11.78            8.85           0.7866       1.57         2.14         21.26        10.05            10.11         
----------------------------------------------------------------------------------------------------------------------------------------------------------------------------------------------------------------------------
5        1      0.9498       18.88        23.00        220.00       10.45            10.14          0.6552       1.68         2.59         29.91        8.65             7.19          
         2      0.6783       30.08        36.96        438.52       8.43             7.23           0.2786       3.59         4.55         25.23        18.04            19.28         
         3      0.5758       27.33        31.16        345.81       9.01             8.47           0.0486       2.71         4.00         24.12        16.58            15.63         
         4      0.6332       36.75        41.98        275.77       15.22            11.93          0.2154       2.08         3.13         22.08        14.18            12.74         
============================================================================================================================================================================================================================

============================================================
SUMMARY
============================================================
Average Flow NRMSE*100:  2.1189
Average Speed NRMSE*100: 3.1401
Fitness (avg NRMSE*100): 2.8341
============================================================
