==================================================================================================================================================================================================================
MACRO-LEVEL VALIDATION (Sensor Aggregates)
==================================================================================================================================================================================================================
Sensor    Flow R²      Flow MAE     Flow RMSE    Flow Mean    Flow NRMSE*100   Flow SMAPE     Speed R²     Speed MAE    Speed RMSE   Speed Mean   Speed NRMSE*100  Speed SMAPE   
------------------------------------------------------------------------------------------------------------------------------------------------------------------------------------------------------------------
1         0.9769       10.29        16.22        1168.79      1.39             3.83           0.4969       4.51         5.11         95.18        5.37             19.36         
2         0.9513       16.58        23.28        1256.92      1.85             5.59           0.2517       5.34         6.01         96.12        6.25             23.42         
3         0.9356       22.71        27.71        1264.75      2.19             7.70           0.5810       3.77         4.05         97.47        4.16             17.46         
4         0.9156       26.32        31.83        1291.94      2.46             8.76           0.4934       3.77         4.17         98.56        4.23             17.86         
5         0.9065       28.06        33.67        1280.10      2.63             9.42           0.3472       3.78         4.25         101.33       4.19             18.18         
==================================================================================================================================================================================================================

============================================================================================================================================================================================================================
MICRO-LEVEL VALIDATION (Lane Detail)
============================================================================================================================================================================================================================
Sensor   Lane   Flow R²      Flow MAE     Flow RMSE    Flow Mean    Flow NRMSE*100   Flow SMAPE     Speed R²     Speed MAE    Speed RMSE   Speed Mean   Speed NRMSE*100  Speed SMAPE   
----------------------------------------------------------------------------------------------------------------------------------------------------------------------------------------------------------------------------
1        1      0.9836       8.35         12.74        201.35       6.33             4.60           -0.0676      5.80         6.13         28.67        21.37            22.12         
         2      0.8442       14.23        24.64        410.71       6.00             3.68           0.5209       4.66         5.36         23.40        22.89            19.96         
         3      0.9046       10.60        13.65        319.88       4.27             3.36           0.4362       4.39         5.06         22.40        22.58            19.65         
         4      0.9733       7.96         9.80         236.85       4.14             3.67           0.6030       3.19         3.55         20.71        17.14            15.70         
----------------------------------------------------------------------------------------------------------------------------------------------------------------------------------------------------------------------------
2        1      0.9758       10.65        15.92        210.10       7.58             5.49           -0.7833      7.12         7.58         28.89        26.22            27.30         
         2      0.8357       14.60        24.76        417.92       5.93             3.79           0.4450       4.78         5.34         23.66        22.56            21.38         
         3      0.6129       26.90        30.29        345.58       8.76             8.29           0.1597       5.24         5.96         22.89        26.03            24.04         
         4      0.9128       14.19        19.58        283.31       6.91             4.79           0.2568       4.21         4.80         20.68        23.19            20.95         
----------------------------------------------------------------------------------------------------------------------------------------------------------------------------------------------------------------------------
3        1      0.9644       16.10        19.51        216.35       9.02             8.51           0.1623       4.72         5.07         28.79        17.60            17.54         
         2      0.7844       23.10        29.61        431.71       6.86             5.69           0.6905       3.31         3.56         24.18        14.72            16.48         
         3      0.6053       27.48        30.25        346.54       8.73             8.52           0.5227       3.68         3.88         23.27        16.67            18.35         
         4      0.7871       24.17        29.97        270.15       11.09            8.09           0.4655       3.35         3.51         21.23        16.54            17.47         
----------------------------------------------------------------------------------------------------------------------------------------------------------------------------------------------------------------------------
4        1      0.9479       19.38        23.73        220.17       10.78            10.06          0.0408       4.63         5.16         28.90        17.84            17.25         
         2      0.6843       28.40        34.95        437.67       7.99             6.98           0.5269       3.61         4.02         24.71        16.28            18.39         
         3      0.5186       29.65        33.47        349.21       9.58             9.16           0.3154       3.71         4.00         23.69        16.87            18.99         
         4      0.7773       27.85        33.89        284.90       11.90            8.82           0.4991       3.13         3.27         21.26        15.40            16.82         
----------------------------------------------------------------------------------------------------------------------------------------------------------------------------------------------------------------------------
5        1      0.9493       19.13        23.11        220.00       10.50            10.27          -0.0512      4.30         4.52         29.91        15.10            16.19         
         2      0.6930       29.58        36.11        438.52       8.23             7.15           0.3164       3.81         4.43         25.23        17.57            19.15         
         3      0.5968       26.79        30.38        345.81       8.79             8.35           -0.1057      3.72         4.31         24.12        17.88            19.32         
         4      0.6305       36.75        42.13        275.77       15.28            11.92          -0.0786      3.28         3.67         22.08        16.62            18.07         
============================================================================================================================================================================================================================

============================================================
SUMMARY
============================================================
Average Flow NRMSE*100:  2.1049
Average Speed NRMSE*100: 4.8388
Fitness (avg NRMSE*100): 4.0187
============================================================
