==================================================================================================================================================================================================================
MACRO-LEVEL VALIDATION (Sensor Aggregates)
==================================================================================================================================================================================================================
Sensor    Flow R²      Flow MAE     Flow RMSE    Flow Mean    Flow NRMSE*100   Flow SMAPE     Speed R²     Speed MAE    Speed RMSE   Speed Mean   Speed NRMSE*100  Speed SMAPE   
------------------------------------------------------------------------------------------------------------------------------------------------------------------------------------------------------------------
1         0.9768       10.06        16.24        1168.79      1.39             3.77           0.7025       1.69         3.93         95.18        4.13             12.66         
2         0.9529       16.25        22.90        1256.92      1.82             5.49           0.8603       1.52         2.60         96.12        2.70             9.59          
3         0.9503       18.85        24.32        1264.75      1.92             6.51           0.6111       2.55         3.90         97.47        4.01             15.35         
4         0.9133       24.06        32.26        1291.94      2.50             7.96           0.5194       2.80         4.06         98.56        4.12             16.27         
5         0.9143       24.52        32.25        1280.10      2.52             8.24           -0.9613      6.05         7.36         101.33       7.26             32.74         
==================================================================================================================================================================================================================

============================================================================================================================================================================================================================
MICRO-LEVEL VALIDATION (Lane Detail)
============================================================================================================================================================================================================================
Sensor   Lane   Flow R²      Flow MAE     Flow RMSE    Flow Mean    Flow NRMSE*100   Flow SMAPE     Speed R²     Speed MAE    Speed RMSE   Speed Mean   Speed NRMSE*100  Speed SMAPE   
----------------------------------------------------------------------------------------------------------------------------------------------------------------------------------------------------------------------------
1        1      0.9832       8.10         12.88        201.35       6.40             4.47           0.6908       1.38         3.30         28.67        11.50            5.52          
         2      0.8425       13.81        24.78        410.71       6.03             3.61           0.6849       2.03         4.34         23.40        18.57            21.64         
         3      0.9127       9.94         13.06        319.88       4.08             3.15           0.4052       2.39         5.20         22.40        23.19            16.15         
         4      0.9708       8.40         10.24        236.85       4.32             3.84           0.8416       0.97         2.24         20.71        10.83            7.36          
----------------------------------------------------------------------------------------------------------------------------------------------------------------------------------------------------------------------------
2        1      0.9783       10.27        15.08        210.10       7.18             5.44           0.8134       1.46         2.45         28.89        8.48             6.33          
         2      0.7948       17.40        27.67        417.92       6.62             4.40           0.8376       1.56         2.89         23.66        12.20            11.28         
         3      0.6541       24.73        28.63        345.58       8.28             7.59           0.8832       1.58         2.22         22.89        9.71             9.44          
         4      0.9353       12.60        16.86        283.31       5.95             4.55           0.7522       1.48         2.77         20.68        13.39            11.29         
----------------------------------------------------------------------------------------------------------------------------------------------------------------------------------------------------------------------------
3        1      0.9727       13.88        17.08        216.35       7.89             7.54           0.7799       1.71         2.60         28.79        9.02             7.59          
         2      0.7857       21.90        29.52        431.71       6.84             5.38           0.4316       3.34         4.82         24.18        19.94            20.71         
         3      0.6344       25.35        29.12        346.54       8.40             7.83           0.2546       3.47         4.85         23.27        20.83            21.93         
         4      0.9157       14.27        18.86        270.15       6.98             5.32           0.6752       1.68         2.74         21.23        12.90            11.18         
----------------------------------------------------------------------------------------------------------------------------------------------------------------------------------------------------------------------------
4        1      0.9176       21.85        29.83        220.17       13.55            10.40          0.2997       3.36         4.40         28.90        15.24            15.29         
         2      0.5735       30.25        40.62        437.67       9.28             7.23           0.4907       3.03         4.17         24.71        16.89            18.43         
         3      0.4775       29.35        34.87        349.21       9.98             8.95           0.0958       3.09         4.59         23.69        19.39            19.60         
         4      0.9212       14.79        20.16        284.90       7.08             5.25           0.6277       1.74         2.82         21.26        13.27            11.75         
----------------------------------------------------------------------------------------------------------------------------------------------------------------------------------------------------------------------------
5        1      0.9179       21.33        29.39        220.00       13.36            10.55          -1.9659      5.78         7.59         29.91        25.37            26.32         
         2      0.5722       32.40        42.63        438.52       9.72             7.66           -1.7536      7.79         8.90         25.23        35.25            41.86         
         3      0.5671       27.02        31.48        345.81       9.10             8.27           -0.6934      3.93         5.34         24.12        22.13            23.20         
         4      0.8980       17.31        22.14        275.77       8.03             6.46           -3.1227      6.70         7.17         22.08        32.49            39.58         
============================================================================================================================================================================================================================

============================================================
SUMMARY
============================================================
Average Flow NRMSE*100:  2.0303
Average Speed NRMSE*100: 4.4429
Fitness (avg NRMSE*100): 3.7191
============================================================
