==================================================================================================================================================================================================================
MACRO-LEVEL VALIDATION (Sensor Aggregates)
==================================================================================================================================================================================================================
Sensor    Flow R²      Flow MAE     Flow RMSE    Flow Mean    Flow NRMSE*100   Flow SMAPE     Speed R²     Speed MAE    Speed RMSE   Speed Mean   Speed NRMSE*100  Speed SMAPE   
------------------------------------------------------------------------------------------------------------------------------------------------------------------------------------------------------------------
1         0.9768       10.06        16.24        1168.79      1.39             3.77           0.6932       1.72         3.99         95.18        4.19             13.10         
2         0.9493       16.69        23.74        1256.92      1.89             5.59           0.8603       1.49         2.60         96.12        2.70             9.51          
3         0.9472       19.32        25.09        1264.75      1.98             6.64           0.6221       2.46         3.85         97.47        3.95             14.88         
4         0.9206       23.41        30.87        1291.94      2.39             7.71           0.5179       2.72         4.06         98.56        4.12             16.19         
5         0.9246       23.56        30.24        1280.10      2.36             7.87           -0.9614      6.01         7.36         101.33       7.26             32.55         
==================================================================================================================================================================================================================

============================================================================================================================================================================================================================
MICRO-LEVEL VALIDATION (Lane Detail)
============================================================================================================================================================================================================================
Sensor   Lane   Flow R²      Flow MAE     Flow RMSE    Flow Mean    Flow NRMSE*100   Flow SMAPE     Speed R²     Speed MAE    Speed RMSE   Speed Mean   Speed NRMSE*100  Speed SMAPE   
----------------------------------------------------------------------------------------------------------------------------------------------------------------------------------------------------------------------------
1        1      0.9832       8.10         12.88        201.35       6.40             4.47           0.6984       1.37         3.26         28.67        11.36            5.48          
         2      0.8425       13.81        24.78        410.71       6.03             3.61           0.6658       2.09         4.47         23.40        19.12            22.70         
         3      0.9127       9.94         13.06        319.88       4.08             3.15           0.3835       2.46         5.29         22.40        23.61            16.95         
         4      0.9708       8.40         10.24        236.85       4.32             3.84           0.8395       0.97         2.26         20.71        10.90            7.28          
----------------------------------------------------------------------------------------------------------------------------------------------------------------------------------------------------------------------------
2        1      0.9711       12.21        17.40        210.10       8.28             5.97           0.8045       1.46         2.51         28.89        8.68             6.32          
         2      0.7742       17.96        29.02        417.92       6.95             4.53           0.8400       1.55         2.87         23.66        12.11            11.21         
         3      0.6609       24.27        28.34        345.58       8.20             7.43           0.8908       1.45         2.15         22.89        9.38             8.84          
         4      0.9304       12.31        17.50        283.31       6.18             4.44           0.7469       1.49         2.80         20.68        13.53            11.67         
----------------------------------------------------------------------------------------------------------------------------------------------------------------------------------------------------------------------------
3        1      0.9690       14.75        18.21        216.35       8.42             7.78           0.7800       1.65         2.60         28.79        9.02             7.50          
         2      0.7573       22.71        31.42        431.71       7.28             5.58           0.4435       3.26         4.77         24.18        19.73            20.07         
         3      0.6445       25.00        28.71        346.54       8.29             7.70           0.3064       3.24         4.68         23.27        20.09            20.50         
         4      0.9111       14.81        19.37        270.15       7.17             5.50           0.6585       1.69         2.81         21.23        13.22            11.47         
----------------------------------------------------------------------------------------------------------------------------------------------------------------------------------------------------------------------------
4        1      0.9348       19.40        26.53        220.17       12.05            9.46           0.3804       3.04         4.14         28.90        14.34            14.18         
         2      0.6183       30.02        38.43        437.67       8.78             7.22           0.4924       2.89         4.17         24.71        16.86            17.59         
         3      0.4855       29.19        34.60        349.21       9.91             8.87           0.0530       3.11         4.70         23.69        19.84            20.11         
         4      0.9157       15.04        20.85        284.90       7.32             5.28           0.5574       1.86         3.08         21.26        14.47            12.88         
----------------------------------------------------------------------------------------------------------------------------------------------------------------------------------------------------------------------------
5        1      0.9366       19.23        25.83        220.00       11.74            9.48           -1.8783      5.62         7.47         29.91        24.99            25.89         
         2      0.6457       30.71        38.79        438.52       8.85             7.26           -1.8430      7.76         9.04         25.23        35.82            41.92         
         3      0.5686       26.79        31.42        345.81       9.09             8.18           -0.6783      3.98         5.31         24.12        22.03            23.32         
         4      0.8961       17.52        22.34        275.77       8.10             6.55           -3.0742      6.67         7.13         22.08        32.30            39.08         
============================================================================================================================================================================================================================

============================================================
SUMMARY
============================================================
Average Flow NRMSE*100:  2.0029
Average Speed NRMSE*100: 4.4456
Fitness (avg NRMSE*100): 3.7128
============================================================
