==================================================================================================================================================================================================================
MACRO-LEVEL VALIDATION (Sensor Aggregates)
==================================================================================================================================================================================================================
Sensor    Flow R²      Flow MAE     Flow RMSE    Flow Mean    Flow NRMSE*100   Flow SMAPE     Speed R²     Speed MAE    Speed RMSE   Speed Mean   Speed NRMSE*100  Speed SMAPE   
------------------------------------------------------------------------------------------------------------------------------------------------------------------------------------------------------------------
1         0.9770       10.14        16.18        1168.79      1.38             3.78           0.5226       4.20         4.98         95.18        5.23             17.20         
2         0.9514       16.46        23.24        1256.92      1.85             5.55           0.4703       4.36         5.05         96.12        5.26             18.37         
3         0.9356       22.74        27.71        1264.75      2.19             7.70           0.6869       3.29         3.50         97.47        3.59             15.15         
4         0.9151       26.31        31.92        1291.94      2.47             8.72           0.6343       3.15         3.54         98.56        3.59             14.94         
5         0.9062       28.06        33.74        1280.10      2.64             9.41           0.5061       3.06         3.69         101.33       3.64             15.18         
==================================================================================================================================================================================================================

============================================================================================================================================================================================================================
MICRO-LEVEL VALIDATION (Lane Detail)
============================================================================================================================================================================================================================
Sensor   Lane   Flow R²      Flow MAE     Flow RMSE    Flow Mean    Flow NRMSE*100   Flow SMAPE     Speed R²     Speed MAE    Speed RMSE   Speed Mean   Speed NRMSE*100  Speed SMAPE   
----------------------------------------------------------------------------------------------------------------------------------------------------------------------------------------------------------------------------
1        1      0.9839       8.15         12.59        201.35       6.25             4.48           -0.0525      5.71         6.08         28.67        21.22            21.65         
         2      0.8429       14.15        24.75        410.71       6.03             3.68           0.5411       4.30         5.24         23.40        22.41            17.26         
         3      0.9115       10.06        13.15        319.88       4.11             3.21           0.4991       3.95         4.77         22.40        21.28            16.83         
         4      0.9715       8.19         10.13        236.85       4.27             3.76           0.6259       2.83         3.45         20.71        16.64            13.05         
----------------------------------------------------------------------------------------------------------------------------------------------------------------------------------------------------------------------------
2        1      0.9756       10.44        15.97        210.10       7.60             5.38           -0.5216      6.57         7.00         28.89        24.22            24.96         
         2      0.8335       14.23        24.92        417.92       5.96             3.70           0.5853       4.07         4.62         23.66        19.50            17.58         
         3      0.6194       26.81        30.03        345.58       8.69             8.25           0.4769       4.12         4.70         22.89        20.54            18.24         
         4      0.9128       14.35        19.58        283.31       6.91             4.86           0.6818       2.68         3.14         20.68        15.17            12.68         
----------------------------------------------------------------------------------------------------------------------------------------------------------------------------------------------------------------------------
3        1      0.9645       15.98        19.48        216.35       9.00             8.45           0.4578       3.92         4.08         28.79        14.16            14.91         
         2      0.7860       23.19        29.50        431.71       6.83             5.70           0.7312       3.08         3.32         24.18        13.71            14.96         
         3      0.6023       27.60        30.37        346.54       8.76             8.55           0.5783       3.47         3.65         23.27        15.67            16.75         
         4      0.7870       24.21        29.97        270.15       11.10            8.11           0.6446       2.70         2.86         21.23        13.49            13.95         
----------------------------------------------------------------------------------------------------------------------------------------------------------------------------------------------------------------------------
4        1      0.9479       19.29        23.72        220.17       10.77            9.91           0.3301       3.96         4.31         28.90        14.91            15.00         
         2      0.6812       28.44        35.12        437.67       8.02             6.96           0.6242       3.16         3.58         24.71        14.51            15.98         
         3      0.5169       29.60        33.53        349.21       9.60             9.14           0.4896       3.04         3.45         23.69        14.57            15.91         
         4      0.7762       27.90        33.98        284.90       11.93            8.85           0.6819       2.44         2.61         21.26        12.27            12.87         
----------------------------------------------------------------------------------------------------------------------------------------------------------------------------------------------------------------------------
5        1      0.9493       19.13        23.10        220.00       10.50            10.28          0.3361       3.15         3.59         29.91        12.00            12.33         
         2      0.6882       29.67        36.39        438.52       8.30             7.14           0.4437       3.24         4.00         25.23        15.85            16.59         
         3      0.5979       26.71        30.34        345.81       8.77             8.32           0.1098       3.10         3.87         24.12        16.04            16.47         
         4      0.6302       36.75        42.15        275.77       15.28            11.90          0.1422       2.74         3.27         22.08        14.82            15.35         
============================================================================================================================================================================================================================

============================================================
SUMMARY
============================================================
Average Flow NRMSE*100:  2.1061
Average Speed NRMSE*100: 4.2638
Fitness (avg NRMSE*100): 3.6165
============================================================
