==================================================================================================================================================================================================================
MACRO-LEVEL VALIDATION (Sensor Aggregates)
==================================================================================================================================================================================================================
Sensor    Flow R²      Flow MAE     Flow RMSE    Flow Mean    Flow NRMSE*100   Flow SMAPE     Speed R²     Speed MAE    Speed RMSE   Speed Mean   Speed NRMSE*100  Speed SMAPE   
------------------------------------------------------------------------------------------------------------------------------------------------------------------------------------------------------------------
1         0.9769       10.28        16.21        1168.79      1.39             3.83           0.4942       4.54         5.12         95.18        5.38             19.66         
2         0.9518       16.46        23.15        1256.92      1.84             5.54           0.2437       5.36         6.04         96.12        6.28             23.54         
3         0.9362       22.68        27.56        1264.75      2.18             7.68           0.5604       3.86         4.15         97.47        4.26             17.94         
4         0.9159       26.22        31.78        1291.94      2.46             8.72           0.4888       3.81         4.19         98.56        4.25             17.94         
5         0.9066       28.03        33.66        1280.10      2.63             9.43           0.3351       3.82         4.28         101.33       4.23             18.44         
==================================================================================================================================================================================================================

============================================================================================================================================================================================================================
MICRO-LEVEL VALIDATION (Lane Detail)
============================================================================================================================================================================================================================
Sensor   Lane   Flow R²      Flow MAE     Flow RMSE    Flow Mean    Flow NRMSE*100   Flow SMAPE     Speed R²     Speed MAE    Speed RMSE   Speed Mean   Speed NRMSE*100  Speed SMAPE   
----------------------------------------------------------------------------------------------------------------------------------------------------------------------------------------------------------------------------
1        1      0.9839       8.27         12.62        201.35       6.27             4.55           -0.0669      5.73         6.13         28.67        21.37            21.85         
         2      0.8444       14.23        24.63        410.71       6.00             3.70           0.5339       4.64         5.28         23.40        22.58            20.14         
         3      0.9072       10.31        13.47        319.88       4.21             3.27           0.4056       4.58         5.19         22.40        23.18            20.88         
         4      0.9713       8.29         10.16        236.85       4.29             3.80           0.6035       3.21         3.55         20.71        17.13            15.75         
----------------------------------------------------------------------------------------------------------------------------------------------------------------------------------------------------------------------------
2        1      0.9758       10.44        15.91        210.10       7.57             5.38           -0.8251      7.17         7.66         28.89        26.53            27.46         
         2      0.8387       14.31        24.53        417.92       5.87             3.71           0.4140       4.90         5.49         23.66        23.18            21.95         
         3      0.6175       26.94        30.10        345.58       8.71             8.30           0.1596       5.24         5.96         22.89        26.03            24.03         
         4      0.9127       14.17        19.59        283.31       6.91             4.79           0.3020       4.13         4.65         20.68        22.47            20.71         
----------------------------------------------------------------------------------------------------------------------------------------------------------------------------------------------------------------------------
3        1      0.9642       16.06        19.57        216.35       9.05             8.43           0.1267       4.79         5.17         28.79        17.96            17.67         
         2      0.7917       22.98        29.11        431.71       6.74             5.66           0.6927       3.35         3.55         24.18        14.66            16.72         
         3      0.6078       27.48        30.16        346.54       8.70             8.52           0.4718       3.86         4.08         23.27        17.53            19.29         
         4      0.7868       24.19        29.99        270.15       11.10            8.09           0.4380       3.44         3.60         21.23        16.96            18.09         
----------------------------------------------------------------------------------------------------------------------------------------------------------------------------------------------------------------------------
4        1      0.9473       19.29        23.87        220.17       10.84            9.99           0.0388       4.65         5.16         28.90        17.86            17.15         
         2      0.6894       28.10        34.66        437.67       7.92             6.91           0.5344       3.66         3.99         24.71        16.15            18.50         
         3      0.5185       29.69        33.47        349.21       9.59             9.17           0.2628       3.86         4.15         23.69        17.51            19.84         
         4      0.7775       27.79        33.88        284.90       11.89            8.81           0.5173       3.06         3.21         21.26        15.12            16.27         
----------------------------------------------------------------------------------------------------------------------------------------------------------------------------------------------------------------------------
5        1      0.9488       19.17        23.21        220.00       10.55            10.34          -0.0328      4.26         4.48         29.91        14.97            16.01         
         2      0.6936       29.46        36.07        438.52       8.23             7.14           0.2687       4.02         4.58         25.23        18.17            20.08         
         3      0.5937       26.79        30.50        345.81       8.82             8.36           -0.0974      3.69         4.30         24.12        17.81            19.23         
         4      0.6332       36.69        41.98        275.77       15.22            11.86          -0.1156      3.33         3.73         22.08        16.90            18.44         
============================================================================================================================================================================================================================

============================================================
SUMMARY
============================================================
Average Flow NRMSE*100:  2.0994
Average Speed NRMSE*100: 4.8802
Fitness (avg NRMSE*100): 4.0460
============================================================
