==================================================================================================================================================================================================================
MACRO-LEVEL VALIDATION (Sensor Aggregates)
==================================================================================================================================================================================================================
Sensor    Flow R²      Flow MAE     Flow RMSE    Flow Mean    Flow NRMSE*100   Flow SMAPE     Speed R²     Speed MAE    Speed RMSE   Speed Mean   Speed NRMSE*100  Speed SMAPE   
------------------------------------------------------------------------------------------------------------------------------------------------------------------------------------------------------------------
1         0.9648       12.68        20.01        1168.79      1.71             4.54           0.6325       3.19         4.37         95.18        4.59             24.77         
2         0.9387       18.25        26.11        1256.92      2.08             6.05           0.8487       2.19         2.70         96.12        2.81             11.65         
3         0.9251       23.73        29.87        1264.75      2.36             7.96           0.7545       2.47         3.10         97.47        3.18             14.07         
4         0.9022       27.20        34.26        1291.94      2.65             8.94           0.6483       2.63         3.47         98.56        3.52             14.99         
5         0.8932       29.00        36.00        1280.10      2.81             9.65           0.5496       2.43         3.53         101.33       3.48             13.21         
==================================================================================================================================================================================================================

============================================================================================================================================================================================================================
MICRO-LEVEL VALIDATION (Lane Detail)
============================================================================================================================================================================================================================
Sensor   Lane   Flow R²      Flow MAE     Flow RMSE    Flow Mean    Flow NRMSE*100   Flow SMAPE     Speed R²     Speed MAE    Speed RMSE   Speed Mean   Speed NRMSE*100  Speed SMAPE   
----------------------------------------------------------------------------------------------------------------------------------------------------------------------------------------------------------------------------
1        1      0.9835       8.02         12.78        201.35       6.35             4.46           0.9207       1.19         1.67         28.67        5.83             5.73          
         2      0.7893       18.23        28.66        410.71       6.98             4.76           0.2809       5.58         6.56         23.40        28.05            44.15         
         3      0.7986       13.60        19.84        319.88       6.20             4.28           0.5498       3.67         4.52         22.40        20.18            29.70         
         4      0.9376       10.85        14.97        236.85       6.32             4.67           0.6849       2.32         3.16         20.71        15.27            19.49         
----------------------------------------------------------------------------------------------------------------------------------------------------------------------------------------------------------------------------
2        1      0.9771       10.48        15.49        210.10       7.37             5.45           0.8639       1.45         2.09         28.89        7.24             6.68          
         2      0.7780       18.33        28.78        417.92       6.89             4.71           0.7350       3.34         3.69         23.66        15.59            17.54         
         3      0.4817       29.65        35.04        345.58       10.14            9.10           0.7730       2.86         3.10         22.89        13.53            15.65         
         4      0.9023       14.54        20.73        283.31       7.32             4.92           0.9477       1.11         1.27         20.68        6.15             6.70          
----------------------------------------------------------------------------------------------------------------------------------------------------------------------------------------------------------------------------
3        1      0.9665       15.56        18.93        216.35       8.75             8.22           0.8771       1.24         1.94         28.79        6.74             5.93          
         2      0.7486       24.79        31.98        431.71       7.41             6.12           0.6159       3.60         3.96         24.18        16.39            19.63         
         3      0.4726       30.35        34.97        346.54       10.09            9.38           0.6203       2.98         3.46         23.27        14.87            17.33         
         4      0.7714       24.23        31.06        270.15       11.50            8.14           0.6945       2.08         2.65         21.23        12.51            13.41         
----------------------------------------------------------------------------------------------------------------------------------------------------------------------------------------------------------------------------
4        1      0.9491       19.00        23.45        220.17       10.65            9.69           0.8301       1.42         2.17         28.90        7.51             6.69          
         2      0.6318       29.38        37.74        437.67       8.62             7.18           0.4243       3.84         4.44         24.71        17.96            21.16         
         3      0.3650       32.60        38.44        349.21       11.01            10.03          0.2563       3.28         4.17         23.69        17.58            19.44         
         4      0.7591       27.83        35.25        284.90       12.37            8.87           0.6975       1.98         2.54         21.26        11.97            12.68         
----------------------------------------------------------------------------------------------------------------------------------------------------------------------------------------------------------------------------
5        1      0.9500       18.96        22.94        220.00       10.43            10.13          0.6280       1.75         2.69         29.91        8.98             7.52          
         2      0.6530       30.06        38.39        438.52       8.75             7.20           0.4158       3.14         4.10         25.23        16.24            16.82         
         3      0.4366       30.17        35.91        345.81       10.38            9.32           0.0659       2.72         3.96         24.12        16.43            15.58         
         4      0.6059       36.81        43.51        275.77       15.78            11.95          0.1959       2.10         3.17         22.08        14.35            12.93         
============================================================================================================================================================================================================================

============================================================
SUMMARY
============================================================
Average Flow NRMSE*100:  2.3229
Average Speed NRMSE*100: 3.5169
Fitness (avg NRMSE*100): 3.1587
============================================================
