==================================================================================================================================================================================================================
MACRO-LEVEL VALIDATION (Sensor Aggregates)
==================================================================================================================================================================================================================
Sensor    Flow R²      Flow MAE     Flow RMSE    Flow Mean    Flow NRMSE*100   Flow SMAPE     Speed R²     Speed MAE    Speed RMSE   Speed Mean   Speed NRMSE*100  Speed SMAPE   
------------------------------------------------------------------------------------------------------------------------------------------------------------------------------------------------------------------
1         0.9684       12.22        18.95        1168.79      1.62             4.41           0.6061       3.32         4.52         95.18        4.75             25.68         
2         0.9422       17.71        25.36        1256.92      2.02             5.86           0.8460       2.23         2.73         96.12        2.84             11.87         
3         0.9262       23.60        29.66        1264.75      2.35             7.89           0.7504       2.51         3.13         97.47        3.21             14.30         
4         0.9029       26.91        34.14        1291.94      2.64             8.84           0.6363       2.69         3.53         98.56        3.58             15.35         
5         0.8919       29.00        36.21        1280.10      2.83             9.64           0.5504       2.44         3.52         101.33       3.48             13.24         
==================================================================================================================================================================================================================

============================================================================================================================================================================================================================
MICRO-LEVEL VALIDATION (Lane Detail)
============================================================================================================================================================================================================================
Sensor   Lane   Flow R²      Flow MAE     Flow RMSE    Flow Mean    Flow NRMSE*100   Flow SMAPE     Speed R²     Speed MAE    Speed RMSE   Speed Mean   Speed NRMSE*100  Speed SMAPE   
----------------------------------------------------------------------------------------------------------------------------------------------------------------------------------------------------------------------------
1        1      0.9833       8.06         12.82        201.35       6.37             4.47           0.9116       1.23         1.76         28.67        6.15             6.00          
         2      0.7989       18.35        28.00        410.71       6.82             4.77           0.2258       5.81         6.81         23.40        29.10            45.75         
         3      0.8971       10.69        14.18        319.88       4.43             3.40           0.5237       3.81         4.65         22.40        20.75            30.66         
         4      0.9201       11.79        16.94        236.85       7.15             4.99           0.6636       2.42         3.27         20.71        15.78            20.30         
----------------------------------------------------------------------------------------------------------------------------------------------------------------------------------------------------------------------------
2        1      0.9774       10.35        15.39        210.10       7.32             5.40           0.8538       1.51         2.17         28.89        7.51             6.98          
         2      0.7621       19.00        29.80        417.92       7.13             4.87           0.7365       3.33         3.68         23.66        15.55            17.51         
         3      0.5923       27.02        31.08        345.58       8.99             8.29           0.7698       2.93         3.12         22.89        13.62            16.00         
         4      0.8903       14.46        21.96        283.31       7.75             4.89           0.9435       1.15         1.32         20.68        6.39             7.00          
----------------------------------------------------------------------------------------------------------------------------------------------------------------------------------------------------------------------------
3        1      0.9675       15.42        18.65        216.35       8.62             8.17           0.8692       1.28         2.00         28.79        6.95             6.15          
         2      0.7191       26.77        33.80        431.71       7.83             6.63           0.6289       3.58         3.90         24.18        16.11            19.43         
         3      0.5683       27.98        31.64        346.54       9.13             8.64           0.6055       3.04         3.53         23.27        15.15            17.67         
         4      0.7563       24.23        32.06        270.15       11.87            8.13           0.6747       2.15         2.74         21.23        12.91            13.94         
----------------------------------------------------------------------------------------------------------------------------------------------------------------------------------------------------------------------------
4        1      0.9501       18.85        23.21        220.17       10.54            9.64           0.8209       1.42         2.23         28.90        7.71             6.79          
         2      0.5947       30.06        39.60        437.67       9.05             7.37           0.4228       3.93         4.44         24.71        17.98            21.46         
         3      0.4635       30.90        35.33        349.21       10.12            9.50           0.2171       3.35         4.27         23.69        18.04            19.95         
         4      0.7466       27.83        36.15        284.90       12.69            8.86           0.6780       2.07         2.62         21.26        12.34            13.20         
----------------------------------------------------------------------------------------------------------------------------------------------------------------------------------------------------------------------------
5        1      0.9509       18.85        22.73        220.00       10.33            10.09          0.6235       1.76         2.70         29.91        9.04             7.56          
         2      0.6163       31.21        40.37        438.52       9.21             7.53           0.4227       3.18         4.07         25.23        16.14            16.87         
         3      0.5088       29.04        33.53        345.81       9.70             8.98           0.0714       2.70         3.95         24.12        16.38            15.48         
         4      0.5889       36.90        44.44        275.77       16.12            11.96          0.1871       2.13         3.19         22.08        14.43            13.04         
============================================================================================================================================================================================================================

============================================================
SUMMARY
============================================================
Average Flow NRMSE*100:  2.2911
Average Speed NRMSE*100: 3.5707
Fitness (avg NRMSE*100): 3.1868
============================================================
