==================================================================================================================================================================================================================
MACRO-LEVEL VALIDATION (Sensor Aggregates)
==================================================================================================================================================================================================================
Sensor    Flow R²      Flow MAE     Flow RMSE    Flow Mean    Flow NRMSE*100   Flow SMAPE     Speed R²     Speed MAE    Speed RMSE   Speed Mean   Speed NRMSE*100  Speed SMAPE   
------------------------------------------------------------------------------------------------------------------------------------------------------------------------------------------------------------------
1         0.9768       10.03        16.22        1168.79      1.39             3.76           0.7276       1.63         3.76         95.18        3.95             12.14         
2         0.9531       15.95        22.84        1256.92      1.82             5.39           0.8697       1.47         2.51         96.12        2.61             9.22          
3         0.9518       18.48        23.96        1264.75      1.89             6.39           0.6338       2.52         3.79         97.47        3.89             14.98         
4         0.9177       24.44        31.43        1291.94      2.43             8.09           0.5405       2.74         3.97         98.56        4.03             15.90         
5         0.9170       24.60        31.73        1280.10      2.48             8.31           -1.0906      6.23         7.60         101.33       7.50             33.69         
==================================================================================================================================================================================================================

============================================================================================================================================================================================================================
MICRO-LEVEL VALIDATION (Lane Detail)
============================================================================================================================================================================================================================
Sensor   Lane   Flow R²      Flow MAE     Flow RMSE    Flow Mean    Flow NRMSE*100   Flow SMAPE     Speed R²     Speed MAE    Speed RMSE   Speed Mean   Speed NRMSE*100  Speed SMAPE   
----------------------------------------------------------------------------------------------------------------------------------------------------------------------------------------------------------------------------
1        1      0.9832       8.10         12.88        201.35       6.40             4.47           0.7504       1.31         2.96         28.67        10.34            4.84          
         2      0.8429       13.73        24.75        410.71       6.03             3.59           0.7188       1.83         4.10         23.40        17.54            20.50         
         3      0.9139       9.85         12.97        319.88       4.06             3.12           0.4579       2.34         4.96         22.40        22.14            15.52         
         4      0.9705       8.42         10.29        236.85       4.34             3.85           0.8004       1.05         2.52         20.71        12.15            7.70          
----------------------------------------------------------------------------------------------------------------------------------------------------------------------------------------------------------------------------
2        1      0.9782       9.92         15.10        210.10       7.19             5.25           0.8258       1.42         2.37         28.89        8.20             6.06          
         2      0.7981       17.06        27.45        417.92       6.57             4.34           0.8587       1.47         2.69         23.66        11.39            10.40         
         3      0.6587       24.42        28.44        345.58       8.23             7.50           0.8935       1.49         2.12         22.89        9.27             8.98          
         4      0.9325       12.40        17.22        283.31       6.08             4.48           0.7485       1.52         2.79         20.68        13.49            11.45         
----------------------------------------------------------------------------------------------------------------------------------------------------------------------------------------------------------------------------
3        1      0.9734       13.17        16.87        216.35       7.80             7.19           0.7716       1.75         2.64         28.79        9.19             7.88          
         2      0.7999       20.75        28.53        431.71       6.61             5.12           0.4981       3.14         4.53         24.18        18.74            19.26         
         3      0.6351       25.58        29.09        346.54       8.39             7.88           0.3065       3.43         4.68         23.27        20.09            20.95         
         4      0.9165       14.44        18.77        270.15       6.95             5.35           0.6520       1.78         2.83         21.23        13.35            11.83         
----------------------------------------------------------------------------------------------------------------------------------------------------------------------------------------------------------------------------
4        1      0.9213       22.40        29.17        220.17       13.25            10.75          0.3041       3.37         4.39         28.90        15.20            15.31         
         2      0.6226       30.29        38.21        437.67       8.73             7.18           0.5438       2.86         3.95         24.71        15.98            17.15         
         3      0.4480       30.98        35.84        349.21       10.26            9.43           0.1672       2.98         4.41         23.69        18.61            18.78         
         4      0.9310       14.08        18.87        284.90       6.62             5.02           0.5940       1.76         2.95         21.26        13.86            12.35         
----------------------------------------------------------------------------------------------------------------------------------------------------------------------------------------------------------------------------
5        1      0.9135       23.69        30.18        220.00       13.72            11.35          -2.0162      5.82         7.65         29.91        25.58            26.55         
         2      0.6299       30.02        39.65        438.52       9.04             7.03           -2.1403      8.29         9.50         25.23        37.65            44.75         
         3      0.5215       28.46        33.09        345.81       9.57             8.72           -0.7313      4.03         5.40         24.12        22.37            23.47         
         4      0.9065       16.25        21.19        275.77       7.69             6.14           -3.2474      6.78         7.28         22.08        32.98            39.98         
============================================================================================================================================================================================================================

============================================================
SUMMARY
============================================================
Average Flow NRMSE*100:  2.0022
Average Speed NRMSE*100: 4.3940
Fitness (avg NRMSE*100): 3.6765
============================================================
