56.0,59.0,33.0,31.0,28.0,32.0,43.0,30.0,31.0,21.0,19.0,24.0,40.0,45.0,46.0,60.0,43.0,22.0,20.0,44.0,40.0,27.0,45.0,27.0,38.0,27.0,37.0,36.0,46.0,35.0,37.0,27.0,13.0,29.0,33.0,67.0,50.0,25.0,25.0,24.0,32.0,47.0,37.0,55.0,30.0,27.0,11.0,48.0,32.0,42.0,48.0,27.0,37.0,2.0,0.0,46.0,38.0,36.0,43.0,31.0,33.0,36.0,44.0,48.0,45.0,14.0,22.0,24.0,20.0,40.0,64.0,55.0,29.0,32.0,30.0,48.0,54.0,68.0,61.0,28.0,23.0,28.0,24.0,47.0,74.0,63.0,29.0,48.0,47.0,18.0,47.0,82.0,67.0,26.0,38.0,23.0,41.0,51.0,67.0,63.0,31.0,0.0,30.0,41.0,74.0,102.0,66.0,50.0,39.0,27.0,40.0,73.0,50.0,90.0,50.0,45.0,31.0,38.0,66.0,72.0,77.0,43.0,41.0,39.0,32.0,48.0,63.0,84.0,27.0,39.0,37.0,39.0,66.0,87.0,85.0,40.0,37.0,37.0,34.0,67.0,76.0,74.0,40.0,30.0,44.0,64.0,93.0,119.0,108.0,135.0,35.0,33.0,49.0,74.0,82.0,77.0,33.0,55.0,35.0,53.0,44.0,85.0,52.0,37.0,38.0,37.0,48.0,87.0,146.0,113.0,56.0,49.0,38.0,74.0,78.0,89.0,85.0,51.0,32.0,35.0,41.0,76.0,88.0,104.0,100.0,82.0,69.0,51.0,71.0,99.0,68.0,52.0,53.0,48.0,42.0,96.0,97.0,105.0,47.0,37.0,46.0,37.0,66.0,87.0,93.0,46.0,44.0,37.0,58.0,87.0,76.0,73.0,50.0,45.0,41.0,48.0,66.0,105.0,96.0,30.0,42.0,43.0,66.0,59.0,61.0,94.0,49.0,38.0,35.0,56.0,65.0,91.0,103.0,46.0,35.0,34.0,43.0,64.0,113.0,83.0,33.0,26.0,35.0,45.0,78.0,93.0,86.0,128.0,37.0,24.0,27.0,39.0,91.0,70.0,26.0,43.0,36.0,40.0,56.0,86.0,95.0,35.0,62.0,34.0,49.0,81.0,71.0,48.0,40.0,36.0,36.0,34.0,47.0,64.0,62.0,25.0,30.0,33.0,36.0,57.0,82.0,59.0,42.0,35.0,41.0,33.0,53.0,99.0,56.0,32.0,18.0,23.0,47.0,45.0,80.0,62.0,39.0,31.0,28.0,34.0,72.0,61.0,60.0,35.0,26.0,31.0,39.0,40.0,59.0,60.0,37.0,23.0,31.0,39.0,45.0,54.0,69.0,32.0,25.0,20.0,34.0,45.0,52.0,50.0,37.0,52.0,64.0,132.0,82.0,149.0,138.0,41.0,29.0,20.0,32.0,52.0,51.0,51.0,31.0,26.0,23.0,18.0,31.0,65.0,49.0,29.0,18.0,28.0,41.0,45.0,60.0,54.0,39.0,23.0,45.0,50.0,46.0,79.0,105.0,82.0,86.0,75.0,42.0,228.0,52.0
55.0,46.0,40.0,39.0,33.0,37.0,34.0,49.0,45.0,31.0,20.0,23.0,35.0,29.0,60.0,57.0,54.0,27.0,34.0,26.0,31.0,46.0,52.0,31.0,17.0,44.0,26.0,44.0,56.0,46.0,37.0,24.0,32.0,27.0,39.0,40.0,52.0,25.0,27.0,33.0,40.0,58.0,46.0,42.0,33.0,27.0,18.0,40.0,50.0,54.0,48.0,32.0,41.0,14.0,0.0,13.0,47.0,8.0,22.0,34.0,20.0,37.0,32.0,46.0,31.0,46.0,24.0,34.0,30.0,37.0,53.0,59.0,17.0,25.0,28.0,31.0,62.0,51.0,84.0,35.0,26.0,30.0,38.0,52.0,67.0,48.0,30.0,38.0,24.0,22.0,59.0,65.0,84.0,33.0,28.0,27.0,21.0,34.0,79.0,94.0,28.0,0.0,28.0,42.0,42.0,72.0,79.0,31.0,29.0,29.0,49.0,53.0,78.0,66.0,33.0,27.0,33.0,39.0,62.0,91.0,73.0,37.0,38.0,25.0,31.0,49.0,58.0,66.0,37.0,33.0,33.0,28.0,69.0,82.0,46.0,41.0,32.0,28.0,40.0,73.0,73.0,76.0,41.0,31.0,32.0,35.0,125.0,93.0,91.0,76.0,51.0,34.0,59.0,87.0,95.0,72.0,46.0,33.0,57.0,38.0,83.0,82.0,65.0,41.0,44.0,52.0,45.0,110.0,122.0,154.0,66.0,37.0,46.0,61.0,73.0,83.0,98.0,43.0,48.0,64.0,55.0,87.0,96.0,86.0,71.0,92.0,42.0,45.0,77.0,86.0,83.0,37.0,40.0,30.0,48.0,101.0,101.0,94.0,44.0,37.0,41.0,41.0,48.0,84.0,94.0,34.0,32.0,49.0,56.0,57.0,95.0,105.0,52.0,30.0,36.0,51.0,57.0,83.0,94.0,42.0,50.0,48.0,35.0,74.0,62.0,80.0,50.0,34.0,32.0,44.0,60.0,83.0,82.0,40.0,35.0,27.0,34.0,48.0,72.0,37.0,36.0,34.0,24.0,54.0,82.0,97.0,116.0,147.0,46.0,22.0,37.0,34.0,46.0,60.0,36.0,17.0,34.0,39.0,41.0,83.0,87.0,32.0,36.0,27.0,29.0,35.0,90.0,31.0,39.0,23.0,20.0,46.0,55.0,64.0,73.0,30.0,23.0,26.0,36.0,70.0,65.0,63.0,35.0,26.0,28.0,40.0,58.0,82.0,54.0,34.0,32.0,19.0,28.0,61.0,65.0,65.0,21.0,21.0,32.0,36.0,49.0,84.0,80.0,41.0,31.0,28.0,32.0,45.0,51.0,66.0,34.0,19.0,27.0,21.0,22.0,63.0,48.0,40.0,27.0,20.0,29.0,60.0,28.0,50.0,33.0,52.0,83.0,117.0,60.0,169.0,129.0,30.0,26.0,21.0,35.0,46.0,44.0,33.0,27.0,32.0,32.0,24.0,34.0,66.0,58.0,33.0,28.0,35.0,35.0,43.0,57.0,56.0,42.0,28.0,17.0,39.0,91.0,71.0,98.0,65.0,77.0,56.0,52.0,91.0,57.0
54.0,48.0,36.0,29.0,24.0,24.0,40.0,32.0,60.0,25.0,35.0,15.0,28.0,44.0,41.0,52.0,49.0,20.0,22.0,30.0,32.0,47.0,34.0,19.0,43.0,18.0,37.0,45.0,42.0,45.0,22.0,28.0,20.0,23.0,37.0,33.0,43.0,17.0,21.0,32.0,23.0,57.0,42.0,69.0,30.0,26.0,18.0,28.0,29.0,35.0,45.0,21.0,34.0,4.0,0.0,22.0,52.0,45.0,36.0,28.0,26.0,28.0,28.0,34.0,22.0,31.0,24.0,31.0,20.0,46.0,59.0,76.0,33.0,26.0,36.0,39.0,56.0,65.0,93.0,32.0,30.0,34.0,41.0,48.0,59.0,79.0,34.0,34.0,28.0,30.0,45.0,60.0,86.0,42.0,29.0,32.0,34.0,49.0,77.0,72.0,45.0,0.0,33.0,56.0,53.0,70.0,50.0,43.0,24.0,41.0,37.0,51.0,73.0,86.0,34.0,16.0,27.0,31.0,54.0,71.0,82.0,31.0,24.0,18.0,33.0,55.0,69.0,69.0,36.0,18.0,33.0,35.0,64.0,61.0,71.0,28.0,34.0,38.0,33.0,60.0,103.0,90.0,30.0,33.0,33.0,42.0,92.0,78.0,90.0,95.0,45.0,32.0,34.0,65.0,66.0,58.0,31.0,33.0,32.0,48.0,64.0,81.0,111.0,49.0,33.0,53.0,56.0,86.0,107.0,120.0,53.0,34.0,35.0,45.0,64.0,111.0,68.0,45.0,29.0,50.0,42.0,52.0,82.0,87.0,68.0,70.0,63.0,69.0,55.0,85.0,59.0,44.0,46.0,34.0,42.0,100.0,91.0,78.0,42.0,57.0,31.0,50.0,54.0,76.0,49.0,56.0,45.0,36.0,52.0,67.0,82.0,78.0,17.0,35.0,20.0,53.0,63.0,91.0,71.0,44.0,32.0,34.0,37.0,54.0,81.0,65.0,40.0,32.0,34.0,43.0,87.0,86.0,70.0,44.0,28.0,35.0,33.0,39.0,97.0,46.0,31.0,18.0,22.0,41.0,85.0,94.0,87.0,104.0,44.0,39.0,40.0,31.0,66.0,54.0,36.0,30.0,35.0,22.0,63.0,87.0,69.0,39.0,28.0,31.0,35.0,64.0,67.0,47.0,35.0,27.0,31.0,36.0,49.0,65.0,63.0,25.0,26.0,33.0,43.0,47.0,61.0,84.0,21.0,28.0,34.0,35.0,68.0,74.0,85.0,27.0,21.0,28.0,32.0,52.0,91.0,51.0,29.0,36.0,16.0,34.0,59.0,75.0,96.0,37.0,18.0,26.0,19.0,37.0,45.0,84.0,28.0,21.0,16.0,33.0,41.0,48.0,65.0,29.0,28.0,22.0,35.0,46.0,29.0,40.0,32.0,50.0,68.0,141.0,42.0,163.0,105.0,28.0,35.0,28.0,29.0,46.0,40.0,44.0,24.0,29.0,29.0,35.0,34.0,57.0,54.0,38.0,17.0,30.0,42.0,47.0,49.0,48.0,30.0,22.0,31.0,38.0,53.0,71.0,75.0,59.0,66.0,56.0,52.0,78.0,55.0
49.0,56.0,40.0,23.0,10.0,38.0,36.0,30.0,63.0,30.0,21.0,18.0,22.0,42.0,47.0,48.0,33.0,28.0,34.0,27.0,37.0,35.0,45.0,21.0,25.0,14.0,24.0,34.0,46.0,43.0,40.0,26.0,27.0,22.0,31.0,37.0,46.0,17.0,24.0,30.0,24.0,51.0,42.0,47.0,24.0,26.0,14.0,25.0,28.0,55.0,46.0,24.0,42.0,19.0,0.0,26.0,39.0,25.0,40.0,24.0,23.0,43.0,34.0,57.0,29.0,26.0,29.0,27.0,35.0,49.0,51.0,72.0,28.0,31.0,31.0,36.0,46.0,51.0,54.0,23.0,24.0,29.0,32.0,66.0,58.0,43.0,40.0,23.0,28.0,31.0,49.0,59.0,85.0,33.0,47.0,31.0,19.0,61.0,83.0,63.0,39.0,0.0,30.0,35.0,50.0,77.0,67.0,44.0,34.0,30.0,37.0,55.0,71.0,71.0,37.0,28.0,19.0,30.0,55.0,79.0,61.0,33.0,20.0,23.0,35.0,47.0,57.0,57.0,42.0,36.0,28.0,44.0,44.0,73.0,69.0,32.0,29.0,38.0,43.0,65.0,88.0,66.0,41.0,37.0,30.0,61.0,90.0,92.0,96.0,106.0,42.0,28.0,45.0,72.0,84.0,59.0,31.0,41.0,31.0,54.0,61.0,73.0,59.0,37.0,35.0,57.0,52.0,70.0,128.0,133.0,64.0,35.0,41.0,41.0,75.0,92.0,61.0,43.0,53.0,27.0,41.0,107.0,94.0,65.0,81.0,63.0,42.0,37.0,59.0,92.0,90.0,41.0,32.0,46.0,51.0,82.0,88.0,83.0,27.0,36.0,41.0,65.0,83.0,70.0,83.0,35.0,37.0,31.0,27.0,78.0,106.0,55.0,52.0,41.0,43.0,36.0,67.0,77.0,73.0,58.0,50.0,46.0,48.0,68.0,93.0,85.0,41.0,32.0,40.0,37.0,70.0,71.0,67.0,39.0,25.0,36.0,34.0,48.0,86.0,63.0,31.0,27.0,33.0,47.0,63.0,83.0,106.0,106.0,47.0,30.0,51.0,40.0,104.0,63.0,24.0,30.0,36.0,37.0,50.0,71.0,80.0,39.0,23.0,31.0,23.0,57.0,67.0,49.0,35.0,28.0,33.0,32.0,49.0,64.0,66.0,40.0,21.0,33.0,25.0,52.0,55.0,63.0,41.0,27.0,41.0,43.0,60.0,76.0,65.0,37.0,24.0,24.0,33.0,61.0,91.0,69.0,28.0,19.0,18.0,26.0,61.0,67.0,69.0,28.0,32.0,18.0,41.0,42.0,63.0,69.0,35.0,27.0,31.0,32.0,44.0,57.0,62.0,32.0,31.0,29.0,20.0,46.0,40.0,55.0,32.0,71.0,69.0,136.0,43.0,127.0,122.0,37.0,21.0,10.0,22.0,34.0,53.0,44.0,28.0,20.0,22.0,27.0,40.0,58.0,46.0,35.0,20.0,25.0,35.0,48.0,52.0,47.0,28.0,25.0,34.0,41.0,66.0,78.0,103.0,75.0,74.0,44.0,38.0,63.0,58.0
60.0,46.0,36.0,33.0,29.0,31.0,36.0,31.0,37.0,25.0,27.0,20.0,38.0,57.0,42.0,45.0,34.0,24.0,30.0,25.0,31.0,38.0,31.0,16.0,26.0,22.0,37.0,56.0,51.0,29.0,25.0,26.0,23.0,20.0,33.0,40.0,43.0,20.0,21.0,23.0,20.0,34.0,48.0,50.0,37.0,28.0,20.0,18.0,51.0,51.0,38.0,23.0,40.0,38.0,0.0,32.0,32.0,25.0,21.0,23.0,29.0,23.0,31.0,55.0,53.0,27.0,23.0,22.0,31.0,49.0,33.0,61.0,36.0,30.0,24.0,32.0,55.0,60.0,64.0,31.0,28.0,37.0,35.0,49.0,41.0,83.0,30.0,26.0,32.0,41.0,46.0,58.0,70.0,30.0,24.0,27.0,36.0,60.0,79.0,63.0,40.0,0.0,31.0,33.0,52.0,53.0,67.0,52.0,34.0,33.0,36.0,65.0,78.0,83.0,34.0,27.0,24.0,34.0,52.0,65.0,54.0,34.0,32.0,28.0,32.0,55.0,67.0,59.0,35.0,36.0,28.0,28.0,60.0,59.0,56.0,26.0,30.0,30.0,46.0,47.0,80.0,73.0,39.0,29.0,37.0,52.0,82.0,78.0,108.0,98.0,48.0,28.0,31.0,56.0,73.0,47.0,29.0,35.0,35.0,40.0,50.0,62.0,54.0,33.0,26.0,43.0,44.0,96.0,94.0,85.0,45.0,48.0,30.0,41.0,60.0,99.0,74.0,41.0,43.0,31.0,39.0,73.0,77.0,68.0,56.0,61.0,47.0,49.0,68.0,59.0,70.0,35.0,33.0,30.0,40.0,87.0,56.0,68.0,50.0,34.0,29.0,32.0,51.0,107.0,50.0,41.0,40.0,37.0,48.0,45.0,63.0,81.0,41.0,37.0,33.0,31.0,66.0,81.0,75.0,45.0,34.0,26.0,43.0,76.0,69.0,78.0,42.0,45.0,35.0,61.0,71.0,66.0,51.0,29.0,37.0,35.0,36.0,33.0,74.0,61.0,39.0,29.0,28.0,35.0,80.0,65.0,93.0,121.0,39.0,30.0,33.0,18.0,75.0,35.0,47.0,27.0,32.0,27.0,48.0,81.0,52.0,30.0,40.0,24.0,27.0,43.0,67.0,47.0,32.0,32.0,22.0,29.0,70.0,61.0,61.0,36.0,15.0,27.0,28.0,47.0,63.0,69.0,36.0,26.0,41.0,38.0,59.0,67.0,70.0,29.0,30.0,31.0,32.0,33.0,75.0,44.0,20.0,32.0,29.0,33.0,40.0,88.0,57.0,35.0,25.0,32.0,29.0,48.0,44.0,61.0,31.0,16.0,33.0,33.0,33.0,53.0,40.0,29.0,18.0,22.0,38.0,45.0,33.0,45.0,41.0,52.0,56.0,128.0,56.0,155.0,97.0,38.0,22.0,22.0,20.0,34.0,47.0,48.0,22.0,26.0,21.0,27.0,21.0,54.0,29.0,25.0,14.0,35.0,36.0,35.0,59.0,29.0,36.0,33.0,15.0,39.0,62.0,56.0,97.0,53.0,81.0,40.0,51.0,78.0,56.0
56.0,49.0,32.0,37.0,25.0,31.0,30.0,29.0,44.0,21.0,13.0,31.0,34.0,32.0,41.0,39.0,41.0,20.0,20.0,22.0,33.0,30.0,46.0,39.0,29.0,10.0,33.0,45.0,32.0,43.0,13.0,29.0,28.0,25.0,46.0,63.0,33.0,27.0,19.0,32.0,32.0,39.0,40.0,41.0,19.0,23.0,14.0,29.0,46.0,25.0,39.0,24.0,43.0,11.0,0.0,21.0,39.0,27.0,24.0,23.0,22.0,24.0,30.0,25.0,78.0,34.0,21.0,25.0,32.0,42.0,44.0,55.0,27.0,26.0,24.0,39.0,32.0,54.0,79.0,39.0,27.0,33.0,32.0,55.0,47.0,25.0,33.0,27.0,25.0,30.0,69.0,61.0,75.0,32.0,42.0,39.0,35.0,52.0,60.0,53.0,30.0,0.0,29.0,29.0,43.0,57.0,62.0,37.0,25.0,30.0,27.0,60.0,55.0,61.0,36.0,21.0,27.0,50.0,46.0,52.0,64.0,16.0,27.0,28.0,37.0,54.0,57.0,46.0,27.0,28.0,33.0,32.0,58.0,50.0,55.0,27.0,24.0,35.0,37.0,64.0,74.0,51.0,47.0,39.0,25.0,34.0,77.0,82.0,87.0,63.0,25.0,34.0,41.0,45.0,63.0,44.0,20.0,29.0,31.0,41.0,58.0,66.0,75.0,45.0,25.0,49.0,51.0,73.0,85.0,103.0,32.0,22.0,53.0,25.0,67.0,80.0,60.0,38.0,42.0,22.0,66.0,62.0,101.0,67.0,61.0,53.0,54.0,44.0,78.0,77.0,57.0,48.0,41.0,34.0,40.0,82.0,91.0,68.0,41.0,39.0,36.0,46.0,68.0,97.0,93.0,47.0,32.0,41.0,38.0,74.0,99.0,107.0,41.0,36.0,33.0,34.0,59.0,61.0,72.0,49.0,34.0,45.0,47.0,76.0,38.0,82.0,52.0,44.0,40.0,38.0,80.0,81.0,103.0,36.0,38.0,25.0,32.0,38.0,71.0,53.0,23.0,34.0,29.0,35.0,84.0,83.0,75.0,102.0,29.0,25.0,49.0,33.0,72.0,48.0,28.0,34.0,34.0,40.0,47.0,86.0,77.0,30.0,30.0,24.0,26.0,48.0,63.0,48.0,27.0,26.0,25.0,31.0,50.0,56.0,59.0,34.0,29.0,28.0,27.0,46.0,55.0,47.0,37.0,24.0,30.0,53.0,51.0,65.0,88.0,25.0,19.0,28.0,23.0,71.0,79.0,51.0,18.0,24.0,28.0,34.0,42.0,62.0,61.0,34.0,39.0,28.0,29.0,33.0,60.0,57.0,28.0,23.0,25.0,31.0,38.0,44.0,74.0,25.0,29.0,19.0,29.0,46.0,22.0,34.0,34.0,44.0,61.0,116.0,39.0,120.0,151.0,22.0,19.0,38.0,20.0,47.0,38.0,49.0,23.0,28.0,32.0,24.0,38.0,59.0,39.0,37.0,29.0,40.0,26.0,29.0,57.0,42.0,35.0,22.0,47.0,47.0,51.0,51.0,84.0,55.0,74.0,44.0,42.0,53.0,52.0
34.0,45.0,29.0,15.0,34.0,28.0,28.0,29.0,52.0,24.0,23.0,14.0,31.0,42.0,46.0,41.0,39.0,18.0,32.0,35.0,32.0,22.0,48.0,28.0,29.0,14.0,32.0,34.0,46.0,53.0,56.0,25.0,19.0,24.0,25.0,32.0,58.0,25.0,36.0,24.0,34.0,45.0,38.0,37.0,20.0,23.0,17.0,26.0,33.0,35.0,56.0,28.0,51.0,10.0,0.0,8.0,26.0,22.0,14.0,29.0,21.0,37.0,24.0,27.0,44.0,22.0,27.0,18.0,28.0,39.0,45.0,74.0,27.0,30.0,28.0,24.0,61.0,34.0,52.0,25.0,20.0,26.0,32.0,31.0,61.0,75.0,26.0,29.0,27.0,21.0,44.0,52.0,72.0,44.0,38.0,36.0,35.0,47.0,49.0,45.0,34.0,0.0,27.0,32.0,54.0,47.0,70.0,45.0,29.0,26.0,43.0,51.0,69.0,68.0,37.0,21.0,24.0,25.0,57.0,57.0,71.0,31.0,36.0,33.0,23.0,39.0,55.0,51.0,26.0,38.0,31.0,36.0,61.0,72.0,48.0,39.0,35.0,34.0,39.0,60.0,53.0,78.0,26.0,29.0,43.0,38.0,77.0,63.0,75.0,81.0,23.0,38.0,37.0,50.0,81.0,69.0,44.0,31.0,31.0,38.0,52.0,88.0,57.0,46.0,32.0,49.0,50.0,50.0,76.0,80.0,55.0,43.0,25.0,38.0,71.0,79.0,85.0,36.0,29.0,52.0,44.0,63.0,77.0,60.0,70.0,77.0,43.0,34.0,59.0,69.0,84.0,40.0,37.0,36.0,31.0,69.0,68.0,81.0,33.0,34.0,28.0,56.0,58.0,81.0,68.0,35.0,33.0,24.0,44.0,54.0,71.0,63.0,47.0,32.0,34.0,40.0,69.0,68.0,65.0,51.0,37.0,26.0,44.0,42.0,59.0,69.0,42.0,31.0,44.0,36.0,63.0,58.0,62.0,51.0,26.0,32.0,32.0,36.0,72.0,45.0,37.0,29.0,28.0,59.0,54.0,78.0,63.0,118.0,36.0,23.0,26.0,26.0,57.0,48.0,25.0,34.0,27.0,40.0,52.0,46.0,71.0,28.0,28.0,41.0,36.0,53.0,61.0,41.0,31.0,24.0,16.0,26.0,51.0,70.0,47.0,34.0,26.0,26.0,31.0,43.0,55.0,80.0,31.0,34.0,33.0,34.0,51.0,63.0,67.0,25.0,29.0,28.0,20.0,44.0,60.0,40.0,25.0,25.0,23.0,29.0,59.0,60.0,38.0,20.0,24.0,20.0,26.0,57.0,45.0,54.0,26.0,25.0,28.0,36.0,37.0,44.0,37.0,25.0,31.0,21.0,35.0,36.0,31.0,55.0,41.0,51.0,68.0,94.0,41.0,139.0,131.0,50.0,20.0,35.0,38.0,40.0,38.0,35.0,30.0,26.0,23.0,33.0,24.0,58.0,48.0,29.0,29.0,23.0,23.0,23.0,54.0,49.0,42.0,26.0,51.0,44.0,43.0,38.0,73.0,43.0,62.0,27.0,40.0,57.0,52.0
49.0,42.0,31.0,28.0,20.0,37.0,32.0,29.0,52.0,34.0,41.0,20.0,16.0,38.0,40.0,32.0,43.0,18.0,16.0,20.0,35.0,32.0,22.0,18.0,23.0,29.0,26.0,30.0,45.0,38.0,21.0,25.0,28.0,28.0,31.0,40.0,39.0,16.0,18.0,26.0,16.0,52.0,37.0,30.0,26.0,25.0,22.0,20.0,30.0,26.0,31.0,22.0,36.0,37.0,0.0,39.0,15.0,31.0,53.0,39.0,20.0,35.0,25.0,36.0,37.0,31.0,22.0,25.0,16.0,42.0,35.0,54.0,28.0,30.0,28.0,34.0,53.0,41.0,51.0,22.0,25.0,28.0,18.0,42.0,52.0,49.0,37.0,18.0,24.0,23.0,47.0,49.0,63.0,27.0,25.0,33.0,21.0,51.0,53.0,73.0,25.0,0.0,30.0,48.0,38.0,61.0,49.0,34.0,32.0,39.0,43.0,54.0,55.0,41.0,47.0,21.0,34.0,35.0,47.0,58.0,51.0,36.0,29.0,15.0,31.0,39.0,59.0,54.0,32.0,17.0,32.0,36.0,42.0,37.0,74.0,35.0,22.0,30.0,31.0,44.0,73.0,73.0,48.0,25.0,41.0,44.0,92.0,67.0,73.0,53.0,51.0,34.0,38.0,66.0,61.0,37.0,35.0,31.0,31.0,41.0,62.0,68.0,57.0,25.0,26.0,32.0,48.0,77.0,88.0,111.0,68.0,26.0,41.0,52.0,54.0,59.0,62.0,48.0,37.0,34.0,40.0,84.0,79.0,82.0,62.0,62.0,55.0,40.0,64.0,51.0,61.0,35.0,30.0,30.0,42.0,45.0,82.0,74.0,37.0,28.0,43.0,35.0,48.0,62.0,66.0,41.0,28.0,33.0,40.0,53.0,84.0,80.0,29.0,39.0,36.0,45.0,60.0,68.0,78.0,50.0,49.0,35.0,43.0,52.0,44.0,63.0,34.0,35.0,48.0,47.0,53.0,46.0,65.0,41.0,28.0,32.0,46.0,40.0,51.0,59.0,40.0,27.0,37.0,52.0,44.0,64.0,76.0,100.0,32.0,34.0,26.0,49.0,57.0,36.0,22.0,33.0,28.0,33.0,38.0,45.0,55.0,29.0,36.0,27.0,40.0,56.0,48.0,40.0,36.0,30.0,32.0,24.0,25.0,39.0,66.0,23.0,27.0,32.0,35.0,38.0,52.0,55.0,28.0,31.0,25.0,29.0,46.0,58.0,55.0,21.0,34.0,25.0,29.0,46.0,64.0,49.0,29.0,34.0,21.0,27.0,38.0,52.0,65.0,22.0,28.0,33.0,26.0,36.0,37.0,57.0,26.0,23.0,29.0,28.0,41.0,39.0,53.0,27.0,26.0,21.0,27.0,44.0,39.0,53.0,44.0,52.0,68.0,93.0,40.0,111.0,118.0,23.0,38.0,29.0,41.0,26.0,52.0,36.0,29.0,27.0,23.0,32.0,22.0,43.0,32.0,26.0,33.0,25.0,30.0,16.0,49.0,41.0,34.0,31.0,17.0,44.0,53.0,48.0,89.0,42.0,63.0,49.0,30.0,46.0,39.0
45.0,35.0,30.0,29.0,32.0,34.0,27.0,24.0,34.0,28.0,16.0,21.0,24.0,36.0,39.0,46.0,37.0,19.0,25.0,30.0,19.0,37.0,35.0,27.0,30.0,39.0,22.0,28.0,48.0,44.0,23.0,14.0,15.0,16.0,33.0,32.0,31.0,23.0,32.0,25.0,24.0,39.0,26.0,44.0,22.0,29.0,22.0,17.0,35.0,35.0,40.0,26.0,49.0,17.0,0.0,13.0,24.0,35.0,21.0,35.0,18.0,33.0,35.0,44.0,82.0,32.0,20.0,22.0,31.0,33.0,35.0,49.0,40.0,30.0,19.0,33.0,31.0,35.0,70.0,30.0,24.0,26.0,31.0,33.0,39.0,61.0,38.0,20.0,32.0,36.0,38.0,58.0,63.0,42.0,34.0,31.0,37.0,35.0,52.0,74.0,32.0,0.0,29.0,34.0,49.0,51.0,51.0,37.0,34.0,31.0,37.0,54.0,59.0,75.0,42.0,11.0,27.0,39.0,52.0,60.0,82.0,26.0,29.0,32.0,45.0,43.0,44.0,48.0,32.0,37.0,28.0,18.0,56.0,56.0,43.0,28.0,42.0,27.0,39.0,62.0,60.0,57.0,30.0,24.0,36.0,40.0,66.0,63.0,83.0,85.0,31.0,36.0,38.0,64.0,59.0,61.0,34.0,27.0,32.0,36.0,38.0,67.0,54.0,33.0,24.0,43.0,48.0,71.0,77.0,52.0,44.0,39.0,41.0,32.0,42.0,0.0,44.0,51.0,34.0,37.0,33.0,76.0,74.0,43.0,37.0,66.0,45.0,42.0,63.0,63.0,45.0,36.0,30.0,37.0,32.0,63.0,78.0,46.0,41.0,36.0,28.0,39.0,44.0,77.0,59.0,20.0,27.0,25.0,44.0,50.0,57.0,65.0,51.0,43.0,26.0,30.0,53.0,62.0,43.0,33.0,29.0,34.0,29.0,53.0,43.0,42.0,36.0,29.0,48.0,39.0,63.0,50.0,59.0,24.0,27.0,29.0,34.0,30.0,67.0,34.0,33.0,21.0,31.0,49.0,42.0,52.0,66.0,63.0,32.0,21.0,27.0,48.0,36.0,47.0,28.0,21.0,29.0,33.0,39.0,50.0,40.0,35.0,21.0,30.0,27.0,26.0,42.0,55.0,35.0,34.0,26.0,35.0,41.0,73.0,58.0,38.0,25.0,29.0,37.0,49.0,44.0,38.0,25.0,26.0,15.0,54.0,51.0,57.0,39.0,22.0,26.0,15.0,34.0,25.0,36.0,50.0,34.0,36.0,23.0,31.0,43.0,73.0,44.0,16.0,30.0,20.0,29.0,34.0,49.0,42.0,24.0,14.0,31.0,40.0,49.0,43.0,74.0,21.0,24.0,23.0,18.0,30.0,36.0,34.0,32.0,46.0,68.0,109.0,59.0,98.0,115.0,23.0,20.0,25.0,28.0,33.0,46.0,60.0,29.0,30.0,36.0,27.0,19.0,55.0,35.0,35.0,22.0,16.0,26.0,36.0,45.0,40.0,25.0,23.0,33.0,39.0,49.0,31.0,68.0,60.0,39.0,49.0,44.0,64.0,36.0
55.0,26.0,32.0,28.0,29.0,27.0,42.0,31.0,67.0,19.0,24.0,21.0,22.0,27.0,39.0,25.0,38.0,27.0,18.0,26.0,28.0,38.0,35.0,17.0,18.0,20.0,26.0,35.0,36.0,32.0,23.0,23.0,32.0,15.0,32.0,37.0,27.0,16.0,25.0,19.0,32.0,45.0,44.0,37.0,17.0,27.0,24.0,53.0,32.0,36.0,34.0,15.0,39.0,21.0,0.0,21.0,28.0,32.0,32.0,26.0,19.0,34.0,30.0,24.0,39.0,14.0,20.0,23.0,26.0,34.0,43.0,43.0,38.0,20.0,29.0,35.0,54.0,47.0,46.0,35.0,29.0,27.0,26.0,31.0,44.0,64.0,28.0,24.0,27.0,15.0,25.0,42.0,54.0,20.0,35.0,24.0,39.0,36.0,49.0,60.0,28.0,0.0,26.0,30.0,44.0,63.0,54.0,37.0,19.0,28.0,34.0,51.0,38.0,45.0,37.0,28.0,30.0,27.0,53.0,42.0,47.0,30.0,21.0,29.0,27.0,32.0,42.0,44.0,33.0,24.0,31.0,29.0,62.0,65.0,66.0,19.0,34.0,20.0,43.0,48.0,51.0,51.0,40.0,25.0,41.0,40.0,64.0,65.0,75.0,80.0,34.0,43.0,32.0,73.0,63.0,52.0,29.0,23.0,34.0,39.0,57.0,42.0,45.0,34.0,23.0,34.0,44.0,54.0,91.0,51.0,60.0,27.0,41.0,35.0,54.0,0.0,53.0,28.0,28.0,30.0,37.0,48.0,62.0,44.0,47.0,59.0,46.0,31.0,63.0,7.0,63.0,31.0,22.0,30.0,40.0,61.0,56.0,59.0,42.0,47.0,34.0,54.0,48.0,60.0,56.0,40.0,31.0,32.0,33.0,58.0,68.0,84.0,37.0,30.0,35.0,49.0,55.0,44.0,54.0,34.0,19.0,23.0,35.0,60.0,57.0,34.0,33.0,47.0,27.0,25.0,63.0,47.0,43.0,0.0,26.0,24.0,22.0,40.0,62.0,55.0,26.0,17.0,19.0,43.0,60.0,51.0,78.0,112.0,49.0,32.0,33.0,58.0,54.0,53.0,31.0,31.0,24.0,32.0,44.0,73.0,64.0,26.0,24.0,25.0,18.0,53.0,53.0,51.0,32.0,25.0,22.0,41.0,51.0,46.0,41.0,27.0,27.0,28.0,32.0,39.0,53.0,64.0,34.0,31.0,26.0,22.0,35.0,43.0,55.0,21.0,24.0,25.0,38.0,42.0,46.0,39.0,27.0,26.0,30.0,24.0,35.0,43.0,47.0,32.0,38.0,25.0,23.0,30.0,48.0,50.0,31.0,16.0,15.0,25.0,55.0,41.0,37.0,27.0,33.0,22.0,27.0,51.0,24.0,41.0,28.0,42.0,82.0,77.0,36.0,123.0,133.0,26.0,28.0,29.0,34.0,32.0,34.0,31.0,28.0,31.0,23.0,36.0,24.0,52.0,29.0,22.0,25.0,29.0,19.0,23.0,56.0,42.0,25.0,22.0,37.0,38.0,47.0,49.0,82.0,38.0,60.0,39.0,41.0,59.0,39.0
40.0,36.0,25.0,26.0,30.0,27.0,57.0,22.0,84.0,28.0,15.0,19.0,24.0,51.0,21.0,24.0,31.0,23.0,18.0,23.0,27.0,34.0,32.0,12.0,12.0,10.0,28.0,28.0,35.0,26.0,20.0,26.0,26.0,28.0,34.0,28.0,30.0,19.0,24.0,25.0,30.0,43.0,36.0,37.0,23.0,14.0,21.0,39.0,33.0,38.0,30.0,20.0,38.0,11.0,0.0,32.0,27.0,21.0,27.0,21.0,26.0,26.0,29.0,29.0,9.0,18.0,18.0,21.0,27.0,32.0,44.0,49.0,26.0,25.0,20.0,22.0,43.0,44.0,54.0,21.0,16.0,23.0,45.0,34.0,32.0,41.0,24.0,34.0,25.0,30.0,37.0,33.0,58.0,21.0,29.0,41.0,38.0,31.0,38.0,54.0,37.0,0.0,26.0,35.0,48.0,68.0,57.0,30.0,16.0,18.0,35.0,44.0,51.0,61.0,36.0,27.0,33.0,24.0,42.0,45.0,74.0,31.0,27.0,23.0,28.0,43.0,42.0,53.0,33.0,17.0,20.0,32.0,37.0,46.0,56.0,32.0,19.0,29.0,30.0,37.0,54.0,74.0,45.0,28.0,30.0,33.0,55.0,60.0,59.0,79.0,31.0,30.0,46.0,51.0,51.0,57.0,37.0,35.0,34.0,35.0,29.0,50.0,34.0,26.0,19.0,33.0,61.0,83.0,64.0,61.0,39.0,29.0,38.0,29.0,49.0,0.0,67.0,34.0,27.0,19.0,40.0,60.0,55.0,53.0,50.0,43.0,40.0,38.0,47.0,91.0,44.0,31.0,27.0,25.0,28.0,51.0,58.0,39.0,29.0,27.0,36.0,31.0,62.0,67.0,63.0,23.0,32.0,25.0,32.0,28.0,50.0,66.0,39.0,32.0,36.0,34.0,52.0,43.0,56.0,43.0,42.0,29.0,40.0,40.0,53.0,39.0,41.0,28.0,32.0,32.0,59.0,50.0,58.0,25.0,28.0,25.0,32.0,35.0,54.0,31.0,32.0,27.0,38.0,41.0,65.0,46.0,60.0,112.0,28.0,26.0,25.0,21.0,55.0,32.0,23.0,34.0,30.0,36.0,37.0,64.0,44.0,26.0,40.0,16.0,27.0,51.0,69.0,22.0,33.0,25.0,29.0,25.0,44.0,36.0,64.0,27.0,26.0,26.0,36.0,53.0,40.0,45.0,32.0,22.0,31.0,27.0,54.0,52.0,52.0,42.0,20.0,22.0,28.0,37.0,55.0,52.0,31.0,21.0,27.0,27.0,63.0,59.0,29.0,22.0,29.0,21.0,18.0,38.0,32.0,45.0,33.0,24.0,15.0,41.0,40.0,48.0,23.0,32.0,21.0,26.0,24.0,48.0,19.0,34.0,25.0,60.0,68.0,99.0,43.0,100.0,66.0,38.0,21.0,23.0,24.0,41.0,25.0,41.0,26.0,24.0,23.0,20.0,23.0,65.0,25.0,26.0,23.0,29.0,30.0,36.0,41.0,36.0,30.0,21.0,23.0,43.0,59.0,48.0,46.0,56.0,63.0,35.0,40.0,31.0,47.0
38.0,40.0,30.0,33.0,21.0,15.0,28.0,20.0,86.0,24.0,23.0,22.0,30.0,36.0,29.0,39.0,19.0,13.0,26.0,20.0,22.0,30.0,31.0,27.0,14.0,21.0,23.0,33.0,29.0,44.0,23.0,14.0,14.0,21.0,22.0,20.0,32.0,29.0,24.0,19.0,24.0,26.0,24.0,16.0,32.0,29.0,18.0,30.0,33.0,31.0,33.0,30.0,44.0,32.0,0.0,15.0,40.0,21.0,23.0,27.0,28.0,30.0,23.0,33.0,70.0,27.0,16.0,32.0,25.0,37.0,48.0,46.0,32.0,26.0,33.0,28.0,29.0,38.0,43.0,29.0,24.0,31.0,36.0,51.0,51.0,45.0,31.0,20.0,32.0,23.0,35.0,39.0,69.0,19.0,36.0,12.0,28.0,50.0,50.0,41.0,34.0,0.0,31.0,14.0,34.0,36.0,34.0,43.0,31.0,33.0,19.0,42.0,55.0,69.0,28.0,21.0,28.0,42.0,40.0,38.0,45.0,28.0,28.0,28.0,32.0,42.0,42.0,45.0,29.0,30.0,29.0,26.0,40.0,34.0,45.0,31.0,31.0,32.0,33.0,39.0,41.0,62.0,29.0,29.0,31.0,46.0,58.0,43.0,59.0,65.0,38.0,37.0,34.0,48.0,73.0,52.0,37.0,30.0,27.0,40.0,53.0,60.0,51.0,32.0,28.0,27.0,38.0,70.0,55.0,58.0,36.0,32.0,35.0,36.0,54.0,58.0,52.0,35.0,40.0,33.0,29.0,67.0,66.0,54.0,68.0,43.0,44.0,38.0,37.0,14.0,52.0,29.0,23.0,26.0,28.0,47.0,55.0,46.0,25.0,23.0,31.0,32.0,39.0,51.0,68.0,40.0,31.0,30.0,45.0,56.0,69.0,44.0,47.0,33.0,31.0,43.0,42.0,75.0,57.0,42.0,17.0,39.0,29.0,39.0,60.0,17.0,38.0,27.0,26.0,30.0,59.0,55.0,62.0,39.0,28.0,35.0,29.0,26.0,60.0,41.0,39.0,17.0,30.0,34.0,62.0,45.0,63.0,99.0,26.0,36.0,30.0,48.0,44.0,30.0,51.0,42.0,29.0,31.0,41.0,62.0,43.0,22.0,23.0,42.0,30.0,41.0,52.0,23.0,40.0,27.0,23.0,25.0,52.0,49.0,31.0,25.0,23.0,32.0,33.0,43.0,39.0,54.0,49.0,26.0,23.0,39.0,39.0,39.0,38.0,24.0,36.0,30.0,33.0,53.0,44.0,64.0,28.0,22.0,32.0,28.0,36.0,63.0,73.0,25.0,25.0,19.0,29.0,32.0,27.0,54.0,29.0,22.0,27.0,47.0,31.0,25.0,66.0,28.0,31.0,19.0,26.0,29.0,26.0,47.0,37.0,41.0,74.0,118.0,44.0,105.0,150.0,29.0,19.0,26.0,21.0,41.0,36.0,25.0,28.0,20.0,20.0,25.0,21.0,33.0,47.0,26.0,28.0,26.0,27.0,38.0,50.0,45.0,40.0,23.0,23.0,44.0,38.0,37.0,75.0,40.0,68.0,39.0,20.0,61.0,42.0
43.0,37.0,39.0,27.0,23.0,21.0,25.0,26.0,79.0,23.0,26.0,18.0,32.0,25.0,41.0,39.0,32.0,25.0,22.0,25.0,22.0,32.0,32.0,25.0,14.0,23.0,25.0,28.0,36.0,42.0,20.0,24.0,16.0,25.0,22.0,31.0,29.0,33.0,20.0,15.0,24.0,31.0,37.0,32.0,19.0,24.0,18.0,39.0,25.0,35.0,34.0,25.0,34.0,10.0,0.0,16.0,16.0,10.0,20.0,14.0,17.0,26.0,38.0,40.0,37.0,20.0,21.0,21.0,30.0,23.0,30.0,56.0,34.0,19.0,23.0,39.0,35.0,26.0,47.0,18.0,17.0,20.0,21.0,32.0,41.0,46.0,13.0,31.0,41.0,22.0,47.0,50.0,34.0,28.0,26.0,38.0,34.0,31.0,47.0,52.0,41.0,0.0,32.0,28.0,36.0,39.0,46.0,31.0,25.0,33.0,28.0,47.0,49.0,56.0,19.0,36.0,21.0,30.0,39.0,44.0,43.0,28.0,25.0,23.0,36.0,44.0,36.0,26.0,22.0,20.0,26.0,20.0,53.0,45.0,54.0,25.0,24.0,27.0,36.0,56.0,44.0,69.0,25.0,32.0,24.0,52.0,75.0,46.0,73.0,56.0,27.0,17.0,32.0,39.0,50.0,45.0,16.0,21.0,31.0,28.0,37.0,43.0,54.0,27.0,22.0,0.0,47.0,68.0,74.0,62.0,49.0,24.0,40.0,33.0,51.0,58.0,76.0,27.0,25.0,22.0,47.0,68.0,47.0,47.0,52.0,49.0,30.0,35.0,59.0,47.0,56.0,38.0,33.0,27.0,20.0,52.0,44.0,64.0,36.0,29.0,26.0,25.0,44.0,75.0,49.0,29.0,18.0,37.0,54.0,34.0,67.0,65.0,37.0,24.0,40.0,36.0,34.0,49.0,47.0,34.0,25.0,23.0,26.0,31.0,78.0,34.0,24.0,42.0,38.0,40.0,41.0,33.0,44.0,30.0,24.0,26.0,38.0,65.0,59.0,46.0,24.0,35.0,35.0,48.0,65.0,56.0,62.0,57.0,32.0,36.0,28.0,51.0,43.0,47.0,30.0,26.0,34.0,40.0,42.0,54.0,48.0,38.0,32.0,36.0,27.0,29.0,40.0,36.0,26.0,32.0,27.0,24.0,42.0,25.0,40.0,35.0,35.0,34.0,34.0,54.0,38.0,35.0,25.0,16.0,19.0,27.0,43.0,37.0,36.0,32.0,24.0,19.0,34.0,29.0,50.0,43.0,25.0,23.0,20.0,32.0,36.0,55.0,42.0,28.0,20.0,30.0,24.0,30.0,27.0,39.0,28.0,21.0,24.0,30.0,28.0,42.0,37.0,50.0,24.0,11.0,20.0,35.0,20.0,45.0,32.0,52.0,72.0,100.0,30.0,69.0,134.0,18.0,16.0,30.0,20.0,34.0,40.0,30.0,26.0,25.0,26.0,26.0,22.0,50.0,22.0,23.0,13.0,21.0,24.0,35.0,47.0,31.0,20.0,28.0,31.0,35.0,38.0,44.0,86.0,52.0,51.0,36.0,45.0,59.0,41.0
43.0,33.0,28.0,26.0,22.0,26.0,27.0,37.0,84.0,23.0,14.0,16.0,34.0,29.0,27.0,33.0,31.0,27.0,26.0,27.0,23.0,27.0,32.0,12.0,40.0,24.0,27.0,29.0,35.0,51.0,22.0,21.0,20.0,18.0,22.0,26.0,28.0,36.0,21.0,21.0,21.0,37.0,32.0,35.0,22.0,17.0,14.0,28.0,27.0,27.0,35.0,24.0,50.0,14.0,0.0,21.0,21.0,24.0,24.0,24.0,22.0,29.0,27.0,35.0,26.0,15.0,24.0,17.0,34.0,47.0,29.0,39.0,33.0,21.0,24.0,31.0,43.0,27.0,58.0,26.0,16.0,15.0,26.0,37.0,30.0,34.0,35.0,21.0,22.0,30.0,37.0,43.0,68.0,27.0,24.0,22.0,31.0,38.0,37.0,40.0,28.0,0.0,22.0,41.0,49.0,37.0,51.0,37.0,24.0,23.0,31.0,53.0,39.0,34.0,33.0,23.0,25.0,24.0,42.0,53.0,26.0,35.0,24.0,21.0,27.0,41.0,40.0,45.0,26.0,29.0,24.0,35.0,50.0,36.0,49.0,23.0,21.0,28.0,26.0,32.0,44.0,56.0,36.0,21.0,31.0,25.0,51.0,45.0,40.0,57.0,27.0,19.0,19.0,44.0,46.0,34.0,33.0,19.0,27.0,30.0,33.0,49.0,59.0,33.0,19.0,49.0,34.0,56.0,55.0,57.0,57.0,29.0,31.0,37.0,49.0,59.0,53.0,29.0,39.0,23.0,30.0,73.0,43.0,48.0,62.0,63.0,38.0,41.0,51.0,2.0,56.0,32.0,26.0,27.0,38.0,70.0,36.0,83.0,42.0,24.0,21.0,35.0,32.0,52.0,52.0,36.0,19.0,41.0,41.0,28.0,56.0,58.0,39.0,31.0,44.0,27.0,36.0,30.0,73.0,34.0,31.0,26.0,20.0,42.0,51.0,49.0,32.0,34.0,20.0,26.0,58.0,42.0,35.0,41.0,32.0,33.0,24.0,58.0,48.0,54.0,23.0,25.0,16.0,46.0,49.0,38.0,65.0,93.0,35.0,30.0,34.0,10.0,38.0,34.0,29.0,31.0,19.0,39.0,50.0,41.0,42.0,29.0,24.0,20.0,41.0,27.0,42.0,28.0,35.0,32.0,22.0,25.0,22.0,35.0,38.0,24.0,25.0,22.0,33.0,37.0,47.0,38.0,22.0,29.0,27.0,38.0,38.0,37.0,51.0,28.0,28.0,35.0,35.0,39.0,45.0,39.0,26.0,24.0,27.0,18.0,29.0,48.0,61.0,28.0,17.0,17.0,21.0,41.0,27.0,46.0,27.0,32.0,18.0,24.0,21.0,45.0,32.0,28.0,22.0,25.0,17.0,27.0,26.0,27.0,33.0,47.0,46.0,89.0,31.0,76.0,96.0,28.0,18.0,19.0,23.0,33.0,32.0,39.0,20.0,15.0,23.0,20.0,32.0,33.0,46.0,21.0,19.0,25.0,27.0,24.0,41.0,36.0,15.0,33.0,32.0,30.0,52.0,27.0,80.0,26.0,64.0,37.0,34.0,34.0,46.0
36.0,43.0,35.0,27.0,30.0,20.0,36.0,27.0,89.0,19.0,27.0,16.0,32.0,47.0,34.0,25.0,27.0,24.0,13.0,24.0,29.0,23.0,20.0,23.0,30.0,31.0,26.0,25.0,22.0,17.0,24.0,27.0,11.0,20.0,24.0,31.0,30.0,17.0,10.0,19.0,19.0,41.0,36.0,38.0,32.0,23.0,28.0,24.0,30.0,25.0,27.0,26.0,38.0,19.0,0.0,18.0,27.0,23.0,15.0,19.0,18.0,22.0,34.0,37.0,26.0,17.0,14.0,19.0,24.0,35.0,34.0,33.0,24.0,20.0,29.0,29.0,51.0,47.0,45.0,29.0,18.0,29.0,40.0,35.0,34.0,28.0,11.0,26.0,26.0,27.0,32.0,38.0,53.0,30.0,23.0,29.0,15.0,43.0,32.0,67.0,23.0,0.0,30.0,41.0,40.0,33.0,34.0,29.0,22.0,26.0,35.0,41.0,47.0,43.0,31.0,23.0,16.0,37.0,26.0,42.0,61.0,21.0,24.0,26.0,34.0,33.0,32.0,35.0,38.0,19.0,30.0,34.0,52.0,45.0,41.0,39.0,31.0,27.0,29.0,46.0,54.0,43.0,27.0,21.0,35.0,33.0,64.0,49.0,62.0,69.0,33.0,27.0,30.0,37.0,40.0,40.0,33.0,37.0,39.0,46.0,33.0,30.0,57.0,36.0,27.0,34.0,31.0,29.0,54.0,62.0,39.0,30.0,37.0,35.0,39.0,49.0,32.0,42.0,23.0,33.0,42.0,53.0,56.0,52.0,47.0,49.0,26.0,46.0,69.0,32.0,37.0,35.0,29.0,27.0,48.0,42.0,40.0,55.0,22.0,29.0,25.0,36.0,45.0,59.0,47.0,33.0,27.0,28.0,38.0,39.0,0.0,56.0,37.0,26.0,26.0,38.0,50.0,42.0,56.0,41.0,25.0,30.0,54.0,33.0,36.0,34.0,31.0,34.0,19.0,24.0,45.0,46.0,34.0,25.0,27.0,32.0,31.0,33.0,31.0,42.0,35.0,32.0,29.0,28.0,50.0,70.0,52.0,68.0,37.0,27.0,28.0,26.0,52.0,35.0,22.0,31.0,24.0,28.0,44.0,45.0,43.0,26.0,23.0,34.0,31.0,48.0,43.0,29.0,36.0,24.0,22.0,31.0,33.0,38.0,53.0,22.0,34.0,27.0,30.0,49.0,44.0,43.0,28.0,27.0,23.0,31.0,35.0,37.0,40.0,29.0,36.0,36.0,31.0,32.0,56.0,33.0,18.0,25.0,30.0,32.0,45.0,57.0,48.0,19.0,14.0,31.0,25.0,30.0,35.0,39.0,21.0,18.0,15.0,32.0,26.0,33.0,42.0,19.0,24.0,23.0,33.0,34.0,26.0,50.0,42.0,62.0,49.0,87.0,33.0,84.0,109.0,26.0,18.0,19.0,24.0,30.0,37.0,24.0,11.0,13.0,16.0,26.0,24.0,34.0,43.0,15.0,22.0,23.0,13.0,20.0,34.0,47.0,33.0,11.0,34.0,24.0,45.0,37.0,59.0,41.0,62.0,39.0,38.0,40.0,34.0
35.0,26.0,30.0,31.0,24.0,28.0,41.0,40.0,61.0,17.0,14.0,28.0,20.0,42.0,36.0,17.0,38.0,19.0,9.0,27.0,26.0,23.0,41.0,18.0,22.0,12.0,31.0,33.0,25.0,38.0,19.0,29.0,19.0,19.0,27.0,23.0,25.0,24.0,15.0,15.0,19.0,36.0,22.0,31.0,22.0,23.0,34.0,20.0,40.0,29.0,36.0,21.0,43.0,9.0,0.0,10.0,4.0,15.0,23.0,21.0,27.0,24.0,31.0,29.0,44.0,32.0,27.0,12.0,25.0,32.0,28.0,62.0,25.0,21.0,25.0,20.0,28.0,21.0,56.0,17.0,26.0,21.0,24.0,33.0,31.0,29.0,23.0,22.0,17.0,20.0,42.0,54.0,39.0,25.0,20.0,30.0,20.0,31.0,39.0,26.0,30.0,0.0,24.0,24.0,47.0,34.0,35.0,31.0,29.0,32.0,26.0,28.0,36.0,25.0,19.0,21.0,23.0,28.0,35.0,41.0,33.0,34.0,27.0,33.0,30.0,29.0,36.0,32.0,13.0,28.0,21.0,28.0,30.0,39.0,63.0,25.0,35.0,38.0,33.0,42.0,42.0,44.0,29.0,32.0,26.0,27.0,45.0,31.0,56.0,63.0,29.0,40.0,30.0,45.0,31.0,37.0,26.0,29.0,18.0,29.0,24.0,43.0,52.0,34.0,26.0,54.0,61.0,43.0,67.0,53.0,54.0,37.0,28.0,33.0,47.0,49.0,58.0,31.0,40.0,22.0,56.0,56.0,51.0,63.0,33.0,46.0,54.0,39.0,56.0,53.0,45.0,21.0,26.0,30.0,39.0,44.0,48.0,61.0,31.0,27.0,34.0,34.0,49.0,60.0,53.0,38.0,23.0,28.0,35.0,53.0,55.0,60.0,36.0,38.0,26.0,40.0,48.0,32.0,36.0,33.0,33.0,30.0,43.0,48.0,60.0,45.0,32.0,27.0,33.0,33.0,62.0,47.0,34.0,36.0,32.0,25.0,32.0,57.0,66.0,37.0,24.0,36.0,39.0,38.0,58.0,15.0,48.0,80.0,29.0,21.0,44.0,56.0,44.0,28.0,35.0,35.0,28.0,46.0,48.0,51.0,41.0,45.0,29.0,29.0,35.0,31.0,44.0,31.0,30.0,30.0,35.0,31.0,45.0,44.0,53.0,32.0,37.0,28.0,21.0,42.0,35.0,51.0,36.0,28.0,34.0,22.0,43.0,36.0,28.0,32.0,25.0,30.0,30.0,25.0,27.0,54.0,31.0,28.0,26.0,23.0,29.0,44.0,49.0,29.0,20.0,25.0,38.0,34.0,38.0,48.0,33.0,24.0,38.0,29.0,25.0,39.0,44.0,32.0,34.0,35.0,14.0,28.0,29.0,43.0,33.0,50.0,38.0,114.0,32.0,69.0,87.0,29.0,26.0,25.0,34.0,29.0,26.0,32.0,22.0,17.0,22.0,23.0,6.0,37.0,39.0,23.0,22.0,16.0,29.0,24.0,42.0,23.0,24.0,24.0,25.0,33.0,47.0,36.0,66.0,64.0,67.0,38.0,26.0,34.0,38.0
36.0,36.0,25.0,24.0,30.0,29.0,34.0,23.0,81.0,32.0,17.0,27.0,33.0,29.0,21.0,34.0,31.0,26.0,14.0,27.0,29.0,22.0,23.0,10.0,24.0,16.0,18.0,23.0,24.0,34.0,27.0,11.0,16.0,14.0,22.0,32.0,20.0,18.0,12.0,24.0,16.0,30.0,23.0,24.0,15.0,22.0,14.0,52.0,31.0,23.0,25.0,17.0,47.0,20.0,0.0,25.0,27.0,10.0,25.0,17.0,14.0,23.0,21.0,36.0,30.0,26.0,14.0,15.0,18.0,28.0,42.0,56.0,23.0,30.0,18.0,14.0,33.0,48.0,48.0,19.0,18.0,24.0,29.0,34.0,31.0,38.0,29.0,15.0,20.0,22.0,43.0,40.0,58.0,23.0,29.0,20.0,29.0,29.0,26.0,44.0,26.0,0.0,21.0,37.0,31.0,39.0,21.0,44.0,16.0,30.0,34.0,54.0,34.0,40.0,22.0,22.0,27.0,38.0,32.0,40.0,43.0,30.0,28.0,23.0,17.0,40.0,58.0,43.0,26.0,20.0,30.0,21.0,53.0,53.0,32.0,19.0,30.0,36.0,32.0,40.0,35.0,49.0,37.0,17.0,21.0,41.0,53.0,34.0,58.0,42.0,29.0,28.0,35.0,47.0,37.0,35.0,23.0,24.0,33.0,37.0,37.0,29.0,28.0,38.0,24.0,41.0,34.0,69.0,53.0,68.0,43.0,42.0,29.0,23.0,55.0,58.0,51.0,33.0,26.0,36.0,50.0,67.0,38.0,44.0,36.0,46.0,44.0,45.0,45.0,47.0,56.0,35.0,25.0,28.0,33.0,36.0,35.0,34.0,29.0,28.0,26.0,40.0,40.0,46.0,49.0,32.0,40.0,32.0,33.0,46.0,42.0,82.0,35.0,33.0,45.0,54.0,41.0,52.0,40.0,34.0,40.0,34.0,45.0,32.0,109.0,39.0,22.0,26.0,33.0,34.0,55.0,33.0,46.0,26.0,32.0,23.0,38.0,61.0,47.0,32.0,24.0,36.0,33.0,25.0,45.0,47.0,47.0,45.0,40.0,33.0,31.0,15.0,51.0,34.0,28.0,37.0,35.0,35.0,42.0,41.0,53.0,30.0,34.0,17.0,23.0,35.0,45.0,25.0,31.0,33.0,26.0,19.0,45.0,33.0,36.0,28.0,16.0,29.0,31.0,40.0,29.0,50.0,13.0,23.0,26.0,43.0,46.0,26.0,44.0,23.0,17.0,22.0,28.0,28.0,35.0,55.0,35.0,21.0,23.0,36.0,23.0,47.0,41.0,24.0,35.0,31.0,34.0,35.0,38.0,53.0,24.0,21.0,16.0,42.0,31.0,29.0,42.0,27.0,28.0,22.0,26.0,39.0,22.0,37.0,20.0,38.0,42.0,108.0,28.0,91.0,63.0,20.0,22.0,17.0,21.0,24.0,24.0,29.0,27.0,22.0,21.0,20.0,23.0,43.0,42.0,28.0,21.0,25.0,27.0,12.0,41.0,25.0,23.0,28.0,30.0,28.0,34.0,28.0,67.0,41.0,52.0,36.0,30.0,36.0,32.0
37.0,31.0,17.0,35.0,23.0,22.0,30.0,25.0,39.0,29.0,18.0,22.0,30.0,17.0,23.0,35.0,25.0,20.0,14.0,11.0,22.0,31.0,14.0,24.0,19.0,11.0,18.0,33.0,28.0,29.0,19.0,18.0,18.0,28.0,21.0,25.0,31.0,13.0,13.0,23.0,26.0,24.0,25.0,38.0,17.0,18.0,22.0,29.0,29.0,15.0,30.0,18.0,42.0,15.0,0.0,23.0,18.0,7.0,23.0,18.0,18.0,32.0,29.0,43.0,25.0,24.0,19.0,30.0,26.0,24.0,27.0,29.0,23.0,19.0,15.0,27.0,34.0,35.0,32.0,32.0,19.0,20.0,27.0,35.0,37.0,40.0,16.0,19.0,32.0,17.0,28.0,25.0,52.0,25.0,25.0,34.0,21.0,31.0,30.0,45.0,24.0,0.0,24.0,28.0,28.0,17.0,36.0,31.0,25.0,21.0,37.0,45.0,36.0,47.0,35.0,15.0,25.0,39.0,22.0,29.0,28.0,29.0,25.0,29.0,18.0,32.0,28.0,37.0,32.0,22.0,26.0,28.0,35.0,26.0,39.0,41.0,24.0,25.0,27.0,42.0,41.0,50.0,27.0,31.0,28.0,41.0,59.0,36.0,60.0,45.0,32.0,23.0,19.0,38.0,40.0,39.0,36.0,23.0,26.0,38.0,28.0,36.0,35.0,28.0,22.0,43.0,44.0,61.0,69.0,53.0,55.0,35.0,29.0,41.0,33.0,36.0,41.0,40.0,34.0,32.0,34.0,46.0,32.0,28.0,43.0,50.0,42.0,32.0,44.0,42.0,45.0,33.0,34.0,37.0,39.0,48.0,40.0,61.0,42.0,22.0,28.0,34.0,42.0,46.0,41.0,36.0,29.0,30.0,41.0,32.0,40.0,46.0,32.0,19.0,43.0,34.0,46.0,32.0,44.0,39.0,30.0,23.0,31.0,48.0,45.0,27.0,33.0,38.0,34.0,28.0,59.0,32.0,50.0,38.0,41.0,25.0,25.0,39.0,55.0,49.0,33.0,32.0,28.0,34.0,68.0,33.0,50.0,59.0,22.0,25.0,31.0,20.0,33.0,28.0,26.0,27.0,26.0,40.0,35.0,45.0,41.0,23.0,33.0,31.0,36.0,46.0,31.0,41.0,26.0,17.0,29.0,34.0,42.0,25.0,41.0,34.0,32.0,29.0,30.0,44.0,36.0,47.0,25.0,30.0,25.0,28.0,56.0,30.0,24.0,33.0,14.0,32.0,26.0,33.0,32.0,38.0,23.0,25.0,29.0,30.0,32.0,38.0,45.0,29.0,29.0,27.0,31.0,38.0,31.0,41.0,28.0,28.0,28.0,25.0,27.0,32.0,28.0,28.0,25.0,20.0,34.0,33.0,14.0,29.0,29.0,64.0,53.0,76.0,29.0,42.0,98.0,24.0,26.0,21.0,32.0,30.0,31.0,35.0,16.0,15.0,14.0,18.0,12.0,35.0,33.0,21.0,20.0,18.0,26.0,31.0,26.0,43.0,23.0,26.0,30.0,42.0,36.0,28.0,63.0,43.0,66.0,33.0,36.0,39.0,27.0
31.0,34.0,26.0,38.0,22.0,34.0,29.0,22.0,42.0,25.0,0.0,17.0,23.0,19.0,24.0,34.0,26.0,22.0,22.0,26.0,32.0,21.0,31.0,21.0,13.0,37.0,39.0,37.0,23.0,35.0,12.0,29.0,20.0,20.0,19.0,22.0,28.0,11.0,19.0,25.0,32.0,40.0,20.0,32.0,25.0,22.0,23.0,28.0,29.0,16.0,32.0,18.0,44.0,18.0,0.0,17.0,4.0,15.0,26.0,24.0,23.0,12.0,31.0,32.0,31.0,28.0,19.0,16.0,30.0,27.0,18.0,38.0,35.0,34.0,20.0,36.0,22.0,43.0,28.0,20.0,25.0,27.0,31.0,27.0,28.0,70.0,28.0,36.0,34.0,14.0,40.0,35.0,45.0,31.0,25.0,23.0,26.0,28.0,47.0,44.0,22.0,0.0,16.0,33.0,38.0,22.0,35.0,41.0,16.0,33.0,41.0,38.0,33.0,39.0,22.0,34.0,25.0,30.0,24.0,29.0,42.0,18.0,32.0,20.0,29.0,24.0,21.0,40.0,22.0,32.0,19.0,26.0,37.0,43.0,47.0,20.0,26.0,30.0,22.0,34.0,39.0,45.0,31.0,26.0,30.0,42.0,66.0,41.0,65.0,52.0,27.0,31.0,33.0,44.0,34.0,45.0,43.0,32.0,24.0,20.0,37.0,28.0,33.0,24.0,35.0,32.0,46.0,50.0,39.0,45.0,32.0,30.0,37.0,34.0,48.0,38.0,37.0,26.0,32.0,35.0,28.0,38.0,46.0,42.0,25.0,34.0,34.0,31.0,40.0,42.0,41.0,39.0,31.0,26.0,39.0,45.0,49.0,69.0,38.0,30.0,25.0,33.0,28.0,54.0,42.0,37.0,25.0,23.0,31.0,43.0,42.0,40.0,29.0,33.0,35.0,44.0,50.0,36.0,51.0,30.0,32.0,33.0,29.0,29.0,35.0,42.0,34.0,28.0,38.0,34.0,53.0,53.0,31.0,31.0,31.0,28.0,37.0,44.0,28.0,49.0,35.0,20.0,28.0,37.0,53.0,33.0,36.0,52.0,42.0,34.0,31.0,26.0,35.0,42.0,33.0,28.0,35.0,36.0,22.0,30.0,47.0,24.0,25.0,31.0,39.0,41.0,36.0,34.0,30.0,17.0,36.0,34.0,34.0,31.0,34.0,18.0,29.0,34.0,39.0,27.0,37.0,46.0,22.0,24.0,33.0,24.0,29.0,42.0,37.0,23.0,34.0,18.0,32.0,25.0,43.0,33.0,25.0,27.0,20.0,33.0,43.0,34.0,38.0,23.0,16.0,26.0,34.0,23.0,32.0,37.0,24.0,34.0,22.0,42.0,26.0,17.0,38.0,24.0,26.0,20.0,25.0,33.0,20.0,30.0,34.0,54.0,44.0,91.0,39.0,65.0,138.0,24.0,16.0,34.0,37.0,31.0,35.0,27.0,24.0,21.0,15.0,21.0,11.0,13.0,35.0,27.0,30.0,27.0,24.0,24.0,44.0,25.0,27.0,28.0,20.0,35.0,40.0,30.0,76.0,37.0,69.0,41.0,53.0,30.0,39.0
33.0,28.0,27.0,40.0,27.0,19.0,37.0,21.0,39.0,21.0,0.0,18.0,32.0,25.0,15.0,38.0,31.0,25.0,19.0,26.0,24.0,17.0,27.0,18.0,8.0,25.0,25.0,22.0,22.0,35.0,11.0,23.0,16.0,24.0,23.0,18.0,25.0,16.0,19.0,22.0,21.0,28.0,35.0,34.0,21.0,22.0,21.0,35.0,27.0,20.0,31.0,17.0,32.0,10.0,0.0,20.0,10.0,25.0,18.0,31.0,16.0,23.0,41.0,20.0,33.0,25.0,15.0,18.0,20.0,36.0,35.0,54.0,19.0,16.0,17.0,20.0,28.0,29.0,37.0,30.0,22.0,29.0,29.0,30.0,37.0,80.0,14.0,26.0,25.0,21.0,42.0,32.0,44.0,32.0,22.0,30.0,20.0,52.0,28.0,43.0,38.0,0.0,21.0,30.0,36.0,40.0,44.0,29.0,26.0,32.0,29.0,33.0,34.0,27.0,29.0,26.0,36.0,24.0,46.0,22.0,40.0,27.0,18.0,33.0,31.0,34.0,19.0,42.0,30.0,25.0,35.0,21.0,37.0,38.0,44.0,35.0,26.0,34.0,37.0,35.0,34.0,59.0,38.0,26.0,39.0,46.0,58.0,39.0,53.0,55.0,27.0,40.0,45.0,36.0,34.0,36.0,27.0,25.0,25.0,30.0,34.0,33.0,40.0,33.0,29.0,37.0,56.0,45.0,36.0,52.0,47.0,41.0,37.0,39.0,58.0,33.0,43.0,41.0,38.0,34.0,27.0,62.0,35.0,31.0,32.0,37.0,45.0,45.0,41.0,28.0,56.0,42.0,35.0,33.0,30.0,48.0,45.0,50.0,29.0,33.0,20.0,34.0,31.0,42.0,45.0,44.0,40.0,37.0,39.0,39.0,44.0,49.0,27.0,25.0,38.0,40.0,23.0,43.0,48.0,52.0,31.0,37.0,41.0,48.0,46.0,39.0,40.0,32.0,25.0,34.0,71.0,44.0,39.0,41.0,44.0,25.0,44.0,49.0,29.0,27.0,33.0,23.0,36.0,36.0,34.0,33.0,49.0,41.0,34.0,33.0,36.0,29.0,42.0,34.0,33.0,33.0,25.0,34.0,44.0,45.0,39.0,31.0,32.0,38.0,30.0,32.0,35.0,39.0,17.0,30.0,30.0,31.0,31.0,34.0,40.0,20.0,24.0,33.0,40.0,35.0,32.0,48.0,31.0,26.0,20.0,39.0,30.0,31.0,27.0,37.0,26.0,32.0,32.0,43.0,52.0,36.0,23.0,23.0,26.0,24.0,33.0,37.0,44.0,35.0,23.0,30.0,22.0,35.0,18.0,37.0,34.0,28.0,29.0,32.0,33.0,22.0,42.0,34.0,28.0,23.0,30.0,32.0,18.0,34.0,26.0,61.0,60.0,95.0,22.0,48.0,117.0,22.0,23.0,36.0,32.0,22.0,35.0,35.0,11.0,26.0,18.0,30.0,26.0,27.0,37.0,26.0,29.0,14.0,18.0,15.0,35.0,29.0,31.0,17.0,31.0,25.0,44.0,39.0,45.0,31.0,71.0,30.0,35.0,38.0,35.0
26.0,32.0,21.0,30.0,17.0,31.0,29.0,19.0,31.0,24.0,16.0,11.0,29.0,23.0,15.0,38.0,32.0,21.0,14.0,13.0,23.0,12.0,20.0,24.0,16.0,23.0,30.0,22.0,28.0,29.0,20.0,26.0,28.0,20.0,26.0,33.0,36.0,49.0,13.0,28.0,19.0,27.0,20.0,28.0,27.0,24.0,23.0,35.0,28.0,23.0,29.0,28.0,36.0,27.0,0.0,28.0,17.0,17.0,21.0,23.0,20.0,25.0,30.0,32.0,33.0,27.0,22.0,15.0,32.0,22.0,22.0,42.0,25.0,21.0,20.0,27.0,26.0,33.0,51.0,36.0,14.0,20.0,31.0,28.0,32.0,34.0,30.0,30.0,36.0,22.0,24.0,31.0,47.0,34.0,21.0,35.0,35.0,35.0,31.0,34.0,38.0,0.0,35.0,39.0,29.0,32.0,54.0,40.0,37.0,0.0,27.0,37.0,35.0,40.0,24.0,19.0,23.0,30.0,45.0,48.0,32.0,20.0,24.0,20.0,37.0,32.0,6.0,43.0,26.0,26.0,25.0,37.0,42.0,23.0,51.0,29.0,29.0,19.0,31.0,36.0,31.0,42.0,31.0,28.0,31.0,33.0,48.0,30.0,43.0,50.0,29.0,31.0,15.0,43.0,29.0,50.0,28.0,35.0,37.0,32.0,36.0,32.0,45.0,43.0,31.0,32.0,38.0,50.0,44.0,71.0,39.0,36.0,40.0,40.0,44.0,26.0,46.0,54.0,28.0,25.0,47.0,44.0,46.0,32.0,44.0,49.0,36.0,60.0,52.0,32.0,43.0,39.0,21.0,45.0,24.0,36.0,38.0,46.0,45.0,30.0,45.0,25.0,52.0,32.0,54.0,31.0,32.0,31.0,30.0,36.0,46.0,44.0,49.0,32.0,35.0,37.0,36.0,43.0,48.0,34.0,39.0,23.0,35.0,37.0,43.0,32.0,31.0,41.0,38.0,42.0,60.0,35.0,31.0,33.0,38.0,34.0,37.0,43.0,39.0,65.0,22.0,24.0,29.0,38.0,53.0,44.0,38.0,34.0,33.0,27.0,35.0,17.0,37.0,25.0,35.0,30.0,29.0,38.0,47.0,32.0,40.0,38.0,32.0,21.0,19.0,41.0,39.0,38.0,23.0,27.0,25.0,26.0,48.0,53.0,21.0,37.0,34.0,27.0,39.0,44.0,34.0,30.0,33.0,22.0,27.0,25.0,29.0,33.0,54.0,16.0,22.0,23.0,46.0,45.0,30.0,33.0,31.0,28.0,25.0,28.0,28.0,31.0,42.0,29.0,34.0,19.0,25.0,32.0,39.0,39.0,29.0,22.0,16.0,27.0,30.0,27.0,24.0,29.0,19.0,15.0,22.0,28.0,17.0,36.0,35.0,40.0,52.0,96.0,27.0,80.0,77.0,19.0,26.0,29.0,38.0,24.0,19.0,31.0,22.0,16.0,18.0,23.0,26.0,28.0,29.0,18.0,22.0,29.0,33.0,19.0,46.0,32.0,21.0,18.0,30.0,33.0,33.0,31.0,76.0,31.0,58.0,30.0,25.0,40.0,47.0
29.0,24.0,27.0,25.0,33.0,34.0,30.0,13.0,40.0,22.0,23.0,23.0,29.0,21.0,20.0,34.0,21.0,18.0,18.0,15.0,12.0,20.0,18.0,26.0,27.0,18.0,26.0,20.0,17.0,30.0,18.0,26.0,20.0,30.0,17.0,29.0,17.0,28.0,20.0,18.0,21.0,35.0,20.0,25.0,18.0,27.0,17.0,24.0,22.0,14.0,22.0,23.0,55.0,10.0,0.0,15.0,16.0,18.0,21.0,31.0,24.0,27.0,46.0,30.0,28.0,20.0,12.0,27.0,19.0,24.0,30.0,27.0,21.0,27.0,27.0,34.0,25.0,31.0,40.0,20.0,19.0,20.0,36.0,28.0,26.0,28.0,27.0,15.0,18.0,36.0,29.0,28.0,43.0,23.0,17.0,16.0,21.0,30.0,32.0,44.0,35.0,0.0,15.0,27.0,39.0,33.0,30.0,28.0,24.0,26.0,23.0,38.0,32.0,43.0,28.0,31.0,22.0,23.0,25.0,38.0,38.0,30.0,26.0,29.0,19.0,26.0,20.0,28.0,28.0,25.0,20.0,31.0,42.0,23.0,39.0,26.0,29.0,24.0,26.0,37.0,37.0,60.0,24.0,24.0,34.0,40.0,63.0,35.0,49.0,29.0,31.0,35.0,40.0,54.0,30.0,49.0,32.0,26.0,32.0,48.0,51.0,40.0,64.0,43.0,34.0,37.0,28.0,53.0,50.0,55.0,37.0,42.0,31.0,30.0,57.0,41.0,36.0,37.0,39.0,47.0,32.0,36.0,39.0,58.0,32.0,36.0,25.0,38.0,48.0,39.0,47.0,24.0,41.0,33.0,49.0,36.0,22.0,67.0,21.0,25.0,27.0,27.0,33.0,39.0,41.0,30.0,28.0,28.0,45.0,39.0,34.0,50.0,24.0,29.0,37.0,34.0,41.0,25.0,55.0,31.0,28.0,29.0,40.0,32.0,55.0,27.0,41.0,47.0,29.0,39.0,36.0,32.0,49.0,24.0,28.0,30.0,28.0,47.0,44.0,34.0,5.0,36.0,32.0,38.0,51.0,39.0,43.0,65.0,36.0,31.0,25.0,29.0,47.0,43.0,31.0,33.0,27.0,34.0,34.0,38.0,38.0,26.0,27.0,38.0,33.0,41.0,43.0,19.0,26.0,28.0,25.0,27.0,40.0,30.0,43.0,28.0,18.0,31.0,40.0,38.0,34.0,38.0,33.0,21.0,21.0,37.0,34.0,29.0,29.0,12.0,35.0,29.0,31.0,39.0,39.0,40.0,22.0,31.0,19.0,32.0,25.0,39.0,23.0,30.0,26.0,27.0,30.0,27.0,21.0,33.0,25.0,20.0,24.0,27.0,30.0,30.0,44.0,22.0,37.0,14.0,26.0,29.0,14.0,23.0,19.0,46.0,53.0,93.0,23.0,60.0,105.0,25.0,22.0,14.0,25.0,27.0,24.0,33.0,23.0,19.0,25.0,39.0,19.0,30.0,39.0,19.0,16.0,22.0,16.0,14.0,22.0,38.0,27.0,19.0,28.0,24.0,31.0,23.0,49.0,35.0,64.0,22.0,35.0,23.0,31.0
28.0,30.0,27.0,25.0,22.0,24.0,23.0,16.0,30.0,21.0,32.0,31.0,26.0,19.0,25.0,25.0,33.0,23.0,12.0,14.0,24.0,20.0,25.0,19.0,26.0,20.0,25.0,22.0,30.0,33.0,21.0,21.0,22.0,8.0,30.0,15.0,33.0,22.0,16.0,18.0,30.0,23.0,24.0,33.0,24.0,35.0,22.0,17.0,30.0,13.0,31.0,22.0,35.0,17.0,0.0,7.0,14.0,26.0,32.0,19.0,14.0,27.0,33.0,23.0,32.0,14.0,23.0,26.0,29.0,36.0,25.0,37.0,31.0,23.0,17.0,19.0,15.0,28.0,42.0,28.0,20.0,25.0,26.0,36.0,37.0,36.0,31.0,19.0,19.0,17.0,38.0,28.0,41.0,20.0,24.0,18.0,18.0,29.0,19.0,24.0,16.0,0.0,26.0,32.0,41.0,38.0,34.0,28.0,26.0,26.0,24.0,39.0,23.0,49.0,22.0,28.0,24.0,26.0,28.0,21.0,32.0,28.0,33.0,30.0,20.0,24.0,18.0,37.0,25.0,16.0,25.0,38.0,43.0,26.0,45.0,28.0,19.0,30.0,18.0,27.0,31.0,62.0,30.0,38.0,28.0,35.0,50.0,31.0,40.0,36.0,26.0,25.0,20.0,35.0,28.0,36.0,26.0,25.0,22.0,39.0,32.0,34.0,46.0,39.0,27.0,38.0,41.0,46.0,43.0,42.0,25.0,25.0,30.0,37.0,46.0,25.0,47.0,21.0,40.0,19.0,48.0,69.0,31.0,30.0,28.0,45.0,40.0,33.0,38.0,31.0,37.0,28.0,26.0,28.0,29.0,39.0,29.0,43.0,29.0,26.0,33.0,26.0,43.0,38.0,41.0,35.0,19.0,35.0,39.0,24.0,47.0,48.0,22.0,29.0,36.0,26.0,38.0,34.0,58.0,34.0,23.0,17.0,48.0,33.0,33.0,29.0,32.0,25.0,17.0,21.0,38.0,25.0,47.0,24.0,28.0,14.0,24.0,44.0,26.0,44.0,19.0,27.0,22.0,36.0,56.0,43.0,41.0,50.0,25.0,31.0,37.0,26.0,37.0,35.0,35.0,24.0,25.0,30.0,23.0,44.0,47.0,30.0,31.0,24.0,37.0,37.0,38.0,41.0,30.0,26.0,26.0,27.0,33.0,33.0,38.0,29.0,24.0,28.0,19.0,40.0,31.0,27.0,31.0,31.0,20.0,28.0,31.0,41.0,39.0,37.0,25.0,23.0,27.0,35.0,37.0,37.0,28.0,26.0,28.0,41.0,30.0,30.0,43.0,28.0,23.0,26.0,28.0,23.0,23.0,37.0,29.0,22.0,30.0,29.0,32.0,36.0,40.0,27.0,28.0,26.0,26.0,26.0,18.0,38.0,39.0,39.0,43.0,85.0,34.0,47.0,92.0,30.0,20.0,27.0,22.0,28.0,25.0,24.0,22.0,13.0,20.0,24.0,19.0,24.0,29.0,15.0,21.0,21.0,30.0,27.0,27.0,19.0,31.0,19.0,27.0,39.0,28.0,32.0,50.0,29.0,52.0,22.0,35.0,24.0,21.0
28.0,30.0,24.0,26.0,25.0,26.0,30.0,11.0,26.0,33.0,25.0,16.0,24.0,32.0,24.0,35.0,21.0,20.0,16.0,22.0,20.0,13.0,25.0,20.0,22.0,34.0,23.0,27.0,27.0,33.0,21.0,21.0,20.0,19.0,21.0,23.0,28.0,19.0,19.0,13.0,28.0,30.0,16.0,34.0,25.0,21.0,23.0,19.0,32.0,0.0,30.0,21.0,44.0,10.0,0.0,6.0,23.0,3.0,19.0,25.0,24.0,19.0,29.0,27.0,31.0,19.0,23.0,14.0,29.0,30.0,29.0,37.0,20.0,32.0,23.0,27.0,35.0,29.0,25.0,17.0,19.0,22.0,30.0,44.0,32.0,48.0,22.0,20.0,13.0,16.0,20.0,30.0,51.0,20.0,18.0,20.0,21.0,36.0,27.0,35.0,22.0,0.0,18.0,28.0,28.0,25.0,38.0,21.0,17.0,10.0,29.0,39.0,34.0,23.0,32.0,25.0,23.0,21.0,30.0,25.0,37.0,23.0,17.0,28.0,26.0,26.0,30.0,24.0,28.0,25.0,21.0,26.0,41.0,23.0,40.0,33.0,26.0,23.0,34.0,36.0,34.0,48.0,24.0,18.0,26.0,23.0,51.0,39.0,34.0,50.0,42.0,35.0,28.0,34.0,38.0,38.0,44.0,25.0,24.0,32.0,42.0,32.0,48.0,32.0,23.0,23.0,42.0,29.0,38.0,48.0,37.0,35.0,23.0,44.0,33.0,38.0,47.0,42.0,24.0,28.0,33.0,48.0,48.0,27.0,44.0,25.0,37.0,40.0,41.0,38.0,29.0,31.0,21.0,31.0,28.0,37.0,23.0,49.0,32.0,19.0,20.0,35.0,49.0,44.0,58.0,34.0,31.0,24.0,19.0,29.0,32.0,39.0,28.0,27.0,18.0,37.0,33.0,24.0,47.0,29.0,26.0,26.0,22.0,41.0,46.0,27.0,33.0,29.0,35.0,38.0,40.0,36.0,27.0,32.0,23.0,28.0,35.0,28.0,33.0,34.0,35.0,29.0,34.0,45.0,37.0,32.0,46.0,47.0,35.0,22.0,34.0,19.0,44.0,29.0,28.0,33.0,28.0,23.0,25.0,33.0,40.0,32.0,28.0,23.0,32.0,23.0,38.0,23.0,32.0,23.0,22.0,21.0,26.0,35.0,37.0,21.0,27.0,25.0,19.0,45.0,30.0,41.0,30.0,26.0,41.0,28.0,31.0,24.0,42.0,34.0,26.0,33.0,37.0,37.0,39.0,25.0,29.0,23.0,34.0,32.0,33.0,43.0,43.0,24.0,31.0,21.0,27.0,18.0,26.0,41.0,28.0,27.0,24.0,31.0,36.0,34.0,32.0,26.0,25.0,40.0,27.0,32.0,16.0,37.0,20.0,66.0,48.0,71.0,24.0,42.0,121.0,24.0,22.0,20.0,23.0,22.0,24.0,22.0,27.0,30.0,23.0,21.0,18.0,22.0,26.0,15.0,18.0,18.0,10.0,8.0,30.0,31.0,24.0,26.0,36.0,37.0,46.0,41.0,35.0,43.0,55.0,37.0,37.0,37.0,25.0
26.0,28.0,27.0,21.0,21.0,25.0,28.0,19.0,23.0,23.0,16.0,20.0,22.0,29.0,14.0,39.0,32.0,19.0,17.0,30.0,26.0,19.0,24.0,18.0,24.0,20.0,27.0,18.0,37.0,29.0,21.0,20.0,16.0,11.0,20.0,32.0,23.0,18.0,15.0,23.0,20.0,23.0,30.0,25.0,20.0,21.0,15.0,29.0,30.0,0.0,26.0,20.0,39.0,15.0,0.0,16.0,19.0,22.0,14.0,17.0,23.0,35.0,31.0,25.0,32.0,23.0,17.0,24.0,27.0,31.0,0.0,30.0,36.0,21.0,26.0,22.0,32.0,30.0,49.0,15.0,28.0,20.0,23.0,35.0,27.0,31.0,24.0,21.0,23.0,16.0,31.0,29.0,34.0,21.0,27.0,16.0,21.0,46.0,45.0,49.0,15.0,0.0,24.0,25.0,28.0,26.0,38.0,17.0,25.0,18.0,27.0,31.0,34.0,50.0,31.0,24.0,19.0,18.0,29.0,17.0,41.0,23.0,31.0,16.0,21.0,33.0,20.0,32.0,26.0,31.0,20.0,14.0,32.0,35.0,37.0,23.0,25.0,36.0,26.0,53.0,37.0,30.0,27.0,34.0,31.0,31.0,49.0,21.0,37.0,43.0,43.0,26.0,30.0,32.0,29.0,36.0,25.0,38.0,29.0,37.0,21.0,46.0,36.0,32.0,28.0,33.0,33.0,40.0,41.0,52.0,38.0,27.0,31.0,42.0,38.0,32.0,57.0,31.0,23.0,36.0,33.0,58.0,35.0,48.0,27.0,28.0,25.0,28.0,44.0,20.0,30.0,20.0,14.0,32.0,23.0,46.0,20.0,42.0,39.0,28.0,24.0,34.0,39.0,42.0,55.0,33.0,36.0,33.0,46.0,32.0,17.0,59.0,24.0,16.0,30.0,24.0,36.0,37.0,44.0,36.0,36.0,36.0,30.0,32.0,51.0,10.0,28.0,33.0,46.0,36.0,33.0,27.0,45.0,29.0,32.0,33.0,37.0,43.0,36.0,38.0,31.0,29.0,32.0,51.0,45.0,41.0,64.0,47.0,34.0,18.0,23.0,21.0,29.0,37.0,31.0,26.0,20.0,29.0,24.0,26.0,20.0,23.0,26.0,24.0,19.0,37.0,34.0,35.0,25.0,18.0,27.0,32.0,31.0,11.0,39.0,28.0,27.0,22.0,29.0,31.0,31.0,42.0,23.0,22.0,25.0,28.0,26.0,41.0,40.0,32.0,21.0,29.0,39.0,40.0,30.0,20.0,18.0,38.0,31.0,36.0,29.0,38.0,42.0,22.0,33.0,21.0,35.0,21.0,36.0,39.0,22.0,23.0,31.0,34.0,37.0,24.0,29.0,20.0,23.0,22.0,35.0,31.0,19.0,57.0,31.0,53.0,38.0,84.0,44.0,29.0,57.0,30.0,19.0,31.0,25.0,22.0,18.0,31.0,28.0,16.0,26.0,23.0,15.0,23.0,38.0,32.0,29.0,25.0,35.0,24.0,26.0,16.0,37.0,25.0,31.0,35.0,31.0,23.0,47.0,33.0,71.0,30.0,33.0,36.0,27.0
28.0,25.0,26.0,26.0,18.0,20.0,24.0,17.0,16.0,32.0,21.0,19.0,19.0,21.0,23.0,31.0,26.0,25.0,31.0,18.0,15.0,29.0,26.0,25.0,27.0,25.0,31.0,29.0,26.0,29.0,22.0,27.0,16.0,24.0,34.0,19.0,29.0,22.0,11.0,25.0,16.0,17.0,23.0,29.0,22.0,37.0,21.0,24.0,32.0,0.0,30.0,23.0,47.0,13.0,0.0,13.0,18.0,22.0,28.0,26.0,26.0,20.0,26.0,25.0,41.0,33.0,15.0,26.0,22.0,24.0,0.0,35.0,31.0,24.0,26.0,27.0,34.0,31.0,41.0,24.0,27.0,31.0,31.0,32.0,29.0,75.0,24.0,35.0,37.0,25.0,39.0,29.0,30.0,32.0,22.0,24.0,23.0,39.0,21.0,32.0,34.0,0.0,26.0,21.0,34.0,21.0,37.0,33.0,28.0,17.0,21.0,33.0,37.0,32.0,15.0,25.0,19.0,23.0,31.0,28.0,48.0,31.0,26.0,24.0,25.0,34.0,15.0,34.0,15.0,24.0,20.0,28.0,43.0,23.0,46.0,18.0,32.0,22.0,33.0,51.0,26.0,52.0,22.0,35.0,18.0,26.0,46.0,37.0,38.0,46.0,32.0,22.0,27.0,37.0,32.0,32.0,28.0,40.0,35.0,31.0,34.0,41.0,44.0,35.0,24.0,28.0,51.0,43.0,29.0,69.0,44.0,48.0,28.0,40.0,47.0,41.0,48.0,22.0,35.0,30.0,49.0,52.0,31.0,41.0,29.0,44.0,33.0,34.0,32.0,25.0,37.0,36.0,31.0,31.0,46.0,38.0,40.0,37.0,33.0,30.0,32.0,28.0,58.0,38.0,49.0,26.0,31.0,34.0,33.0,36.0,45.0,45.0,40.0,32.0,32.0,35.0,37.0,47.0,41.0,30.0,30.0,26.0,39.0,36.0,37.0,30.0,52.0,27.0,32.0,33.0,44.0,25.0,39.0,27.0,30.0,36.0,27.0,41.0,33.0,39.0,32.0,28.0,30.0,44.0,39.0,44.0,39.0,48.0,31.0,24.0,20.0,19.0,33.0,34.0,27.0,28.0,32.0,36.0,26.0,44.0,39.0,32.0,23.0,31.0,25.0,31.0,39.0,50.0,26.0,19.0,35.0,32.0,30.0,26.0,22.0,18.0,34.0,33.0,31.0,36.0,25.0,26.0,14.0,29.0,29.0,28.0,26.0,32.0,47.0,22.0,26.0,23.0,27.0,35.0,23.0,55.0,27.0,40.0,32.0,26.0,35.0,39.0,42.0,27.0,33.0,31.0,32.0,30.0,28.0,44.0,23.0,24.0,20.0,41.0,25.0,26.0,36.0,10.0,30.0,27.0,26.0,26.0,22.0,25.0,24.0,31.0,46.0,89.0,31.0,48.0,90.0,27.0,25.0,38.0,40.0,36.0,18.0,32.0,41.0,29.0,25.0,28.0,17.0,18.0,25.0,26.0,29.0,42.0,29.0,25.0,33.0,43.0,29.0,35.0,32.0,28.0,40.0,22.0,54.0,44.0,34.0,24.0,28.0,28.0,28.0
29.0,33.0,29.0,26.0,24.0,27.0,27.0,25.0,28.0,35.0,27.0,13.0,18.0,30.0,15.0,23.0,25.0,30.0,23.0,21.0,21.0,10.0,21.0,19.0,23.0,26.0,33.0,19.0,24.0,41.0,26.0,22.0,23.0,18.0,26.0,22.0,26.0,27.0,16.0,29.0,20.0,25.0,28.0,30.0,15.0,18.0,23.0,18.0,40.0,25.0,29.0,22.0,38.0,12.0,0.0,18.0,9.0,26.0,24.0,19.0,28.0,20.0,27.0,19.0,32.0,17.0,16.0,18.0,17.0,27.0,0.0,33.0,17.0,22.0,26.0,26.0,26.0,25.0,40.0,20.0,19.0,24.0,25.0,35.0,29.0,10.0,18.0,30.0,24.0,17.0,30.0,33.0,25.0,26.0,19.0,14.0,16.0,51.0,45.0,28.0,29.0,0.0,19.0,30.0,41.0,18.0,44.0,16.0,15.0,27.0,31.0,21.0,33.0,30.0,25.0,10.0,24.0,29.0,33.0,26.0,31.0,21.0,21.0,20.0,31.0,42.0,18.0,35.0,24.0,23.0,20.0,24.0,26.0,25.0,52.0,35.0,20.0,18.0,27.0,35.0,29.0,41.0,30.0,29.0,34.0,27.0,45.0,21.0,40.0,57.0,41.0,36.0,31.0,28.0,42.0,44.0,34.0,31.0,35.0,25.0,40.0,26.0,53.0,28.0,32.0,29.0,42.0,32.0,46.0,54.0,38.0,27.0,35.0,40.0,42.0,36.0,36.0,33.0,38.0,37.0,42.0,62.0,36.0,41.0,38.0,30.0,26.0,23.0,48.0,36.0,41.0,22.0,28.0,33.0,39.0,59.0,25.0,44.0,36.0,25.0,36.0,37.0,40.0,30.0,47.0,47.0,34.0,23.0,34.0,43.0,37.0,54.0,36.0,33.0,36.0,32.0,33.0,36.0,36.0,22.0,33.0,43.0,25.0,40.0,30.0,37.0,44.0,36.0,26.0,30.0,55.0,37.0,30.0,32.0,17.0,28.0,29.0,26.0,40.0,26.0,25.0,35.0,34.0,37.0,38.0,41.0,52.0,27.0,29.0,25.0,0.0,22.0,42.0,29.0,40.0,31.0,29.0,35.0,43.0,25.0,43.0,25.0,20.0,22.0,31.0,29.0,39.0,34.0,36.0,28.0,25.0,34.0,35.0,30.0,39.0,37.0,29.0,27.0,37.0,36.0,22.0,36.0,28.0,32.0,25.0,42.0,33.0,24.0,49.0,31.0,21.0,26.0,29.0,30.0,31.0,40.0,31.0,26.0,19.0,34.0,29.0,27.0,37.0,25.0,38.0,38.0,31.0,33.0,26.0,43.0,29.0,14.0,33.0,42.0,24.0,38.0,53.0,28.0,27.0,33.0,28.0,23.0,24.0,37.0,37.0,58.0,32.0,95.0,25.0,50.0,45.0,28.0,17.0,29.0,32.0,31.0,17.0,25.0,21.0,26.0,21.0,24.0,14.0,22.0,37.0,30.0,23.0,22.0,28.0,26.0,21.0,34.0,26.0,22.0,40.0,32.0,37.0,13.0,33.0,35.0,56.0,35.0,26.0,44.0,27.0
28.0,34.0,24.0,30.0,24.0,29.0,28.0,17.0,30.0,12.0,19.0,25.0,22.0,21.0,17.0,25.0,25.0,19.0,29.0,18.0,17.0,25.0,25.0,21.0,14.0,29.0,31.0,20.0,17.0,41.0,19.0,26.0,20.0,28.0,15.0,27.0,27.0,17.0,21.0,19.0,24.0,30.0,20.0,26.0,25.0,21.0,26.0,18.0,25.0,23.0,28.0,21.0,57.0,21.0,0.0,16.0,9.0,18.0,20.0,19.0,19.0,18.0,26.0,14.0,33.0,30.0,17.0,19.0,27.0,24.0,0.0,31.0,16.0,23.0,25.0,17.0,36.0,25.0,32.0,21.0,40.0,22.0,24.0,28.0,27.0,32.0,22.0,24.0,23.0,21.0,27.0,24.0,32.0,24.0,19.0,22.0,33.0,31.0,29.0,22.0,23.0,0.0,35.0,20.0,21.0,27.0,28.0,27.0,25.0,22.0,24.0,27.0,40.0,41.0,22.0,19.0,22.0,20.0,33.0,26.0,43.0,26.0,23.0,23.0,27.0,21.0,12.0,33.0,31.0,27.0,29.0,40.0,28.0,29.0,34.0,28.0,31.0,18.0,27.0,44.0,27.0,56.0,25.0,24.0,33.0,31.0,27.0,30.0,40.0,39.0,40.0,26.0,28.0,35.0,36.0,43.0,38.0,31.0,28.0,28.0,31.0,27.0,47.0,41.0,36.0,40.0,43.0,43.0,47.0,69.0,35.0,25.0,26.0,43.0,26.0,26.0,50.0,32.0,27.0,31.0,35.0,42.0,37.0,26.0,37.0,20.0,40.0,37.0,38.0,20.0,37.0,34.0,33.0,29.0,31.0,44.0,27.0,45.0,29.0,21.0,35.0,35.0,43.0,31.0,41.0,34.0,31.0,29.0,33.0,31.0,35.0,40.0,36.0,22.0,27.0,31.0,26.0,26.0,38.0,29.0,27.0,31.0,38.0,25.0,34.0,23.0,39.0,27.0,33.0,49.0,29.0,20.0,45.0,24.0,22.0,26.0,30.0,38.0,22.0,42.0,20.0,51.0,22.0,46.0,49.0,23.0,44.0,30.0,29.0,36.0,2.0,22.0,46.0,40.0,28.0,24.0,22.0,35.0,32.0,38.0,47.0,20.0,27.0,19.0,27.0,37.0,17.0,35.0,33.0,28.0,29.0,29.0,59.0,32.0,40.0,31.0,37.0,26.0,30.0,36.0,33.0,45.0,34.0,18.0,24.0,26.0,27.0,35.0,33.0,40.0,34.0,33.0,25.0,29.0,26.0,34.0,28.0,23.0,33.0,36.0,37.0,46.0,24.0,25.0,31.0,35.0,18.0,26.0,35.0,34.0,34.0,24.0,44.0,36.0,22.0,18.0,30.0,33.0,38.0,27.0,39.0,26.0,16.0,28.0,29.0,40.0,48.0,112.0,10.0,51.0,125.0,26.0,29.0,26.0,42.0,27.0,24.0,38.0,20.0,29.0,34.0,27.0,23.0,16.0,27.0,30.0,35.0,30.0,25.0,18.0,27.0,31.0,32.0,22.0,26.0,30.0,26.0,20.0,35.0,39.0,40.0,35.0,30.0,29.0,19.0
25.0,30.0,29.0,28.0,33.0,23.0,19.0,17.0,24.0,34.0,32.0,21.0,30.0,18.0,24.0,43.0,32.0,24.0,20.0,22.0,28.0,27.0,19.0,28.0,23.0,23.0,25.0,20.0,18.0,40.0,23.0,23.0,25.0,14.0,17.0,18.0,41.0,26.0,20.0,25.0,26.0,21.0,24.0,34.0,25.0,26.0,23.0,24.0,35.0,16.0,37.0,27.0,32.0,15.0,0.0,15.0,15.0,25.0,27.0,24.0,29.0,22.0,29.0,16.0,27.0,20.0,21.0,30.0,30.0,28.0,0.0,30.0,23.0,14.0,22.0,24.0,24.0,36.0,35.0,25.0,23.0,27.0,25.0,28.0,23.0,52.0,18.0,24.0,32.0,20.0,36.0,36.0,37.0,35.0,33.0,32.0,18.0,35.0,31.0,48.0,31.0,0.0,34.0,29.0,36.0,23.0,27.0,28.0,37.0,36.0,46.0,25.0,20.0,35.0,28.0,28.0,27.0,38.0,34.0,32.0,36.0,28.0,22.0,27.0,28.0,32.0,18.0,27.0,29.0,20.0,22.0,29.0,18.0,22.0,40.0,28.0,40.0,27.0,34.0,24.0,22.0,50.0,25.0,37.0,39.0,42.0,70.0,37.0,35.0,55.0,30.0,37.0,31.0,34.0,41.0,33.0,36.0,28.0,34.0,34.0,27.0,23.0,45.0,36.0,30.0,46.0,54.0,42.0,25.0,63.0,35.0,40.0,30.0,38.0,33.0,29.0,55.0,26.0,35.0,43.0,23.0,36.0,33.0,40.0,34.0,42.0,38.0,38.0,38.0,29.0,36.0,31.0,41.0,28.0,39.0,30.0,35.0,39.0,38.0,29.0,36.0,30.0,31.0,37.0,52.0,20.0,25.0,27.0,29.0,28.0,32.0,49.0,25.0,28.0,29.0,35.0,25.0,35.0,36.0,41.0,34.0,35.0,38.0,30.0,37.0,40.0,26.0,24.0,34.0,25.0,57.0,29.0,37.0,23.0,34.0,22.0,33.0,34.0,23.0,26.0,24.0,32.0,35.0,59.0,42.0,32.0,29.0,58.0,34.0,33.0,5.0,30.0,28.0,34.0,22.0,24.0,25.0,30.0,32.0,27.0,37.0,32.0,35.0,27.0,38.0,21.0,22.0,36.0,22.0,34.0,28.0,26.0,55.0,30.0,36.0,31.0,47.0,29.0,32.0,37.0,34.0,37.0,39.0,37.0,26.0,36.0,32.0,38.0,34.0,36.0,22.0,29.0,24.0,34.0,29.0,26.0,31.0,29.0,32.0,40.0,31.0,26.0,38.0,33.0,39.0,38.0,39.0,49.0,30.0,36.0,37.0,38.0,30.0,42.0,28.0,23.0,40.0,33.0,30.0,38.0,36.0,35.0,19.0,32.0,36.0,50.0,32.0,108.0,33.0,30.0,85.0,27.0,29.0,23.0,30.0,21.0,22.0,40.0,22.0,30.0,34.0,31.0,18.0,25.0,47.0,32.0,29.0,24.0,47.0,14.0,21.0,56.0,28.0,36.0,32.0,35.0,38.0,18.0,49.0,34.0,51.0,35.0,34.0,52.0,28.0
21.0,31.0,37.0,28.0,26.0,25.0,22.0,17.0,30.0,30.0,21.0,30.0,34.0,22.0,19.0,38.0,45.0,24.0,35.0,29.0,17.0,18.0,36.0,23.0,38.0,31.0,27.0,29.0,26.0,39.0,22.0,26.0,34.0,34.0,23.0,15.0,23.0,39.0,16.0,27.0,19.0,21.0,26.0,33.0,26.0,37.0,34.0,25.0,41.0,23.0,32.0,26.0,41.0,18.0,0.0,13.0,14.0,13.0,38.0,24.0,23.0,21.0,25.0,24.0,24.0,23.0,23.0,37.0,22.0,13.0,0.0,37.0,31.0,33.0,33.0,37.0,29.0,29.0,44.0,19.0,26.0,31.0,27.0,23.0,21.0,42.0,27.0,37.0,35.0,18.0,24.0,12.0,35.0,32.0,31.0,36.0,25.0,22.0,17.0,45.0,29.0,0.0,37.0,47.0,35.0,29.0,50.0,42.0,37.0,33.0,51.0,41.0,29.0,39.0,38.0,32.0,24.0,39.0,27.0,22.0,47.0,17.0,28.0,33.0,34.0,34.0,19.0,35.0,25.0,32.0,27.0,33.0,9.0,20.0,42.0,42.0,36.0,40.0,26.0,39.0,20.0,42.0,43.0,48.0,40.0,57.0,57.0,25.0,41.0,56.0,42.0,36.0,42.0,35.0,34.0,33.0,43.0,30.0,32.0,39.0,26.0,28.0,44.0,38.0,35.0,48.0,49.0,48.0,33.0,47.0,45.0,42.0,38.0,51.0,34.0,23.0,43.0,40.0,47.0,35.0,45.0,47.0,45.0,37.0,25.0,36.0,30.0,30.0,40.0,40.0,46.0,42.0,32.0,36.0,50.0,37.0,29.0,63.0,38.0,34.0,44.0,45.0,48.0,34.0,37.0,39.0,30.0,36.0,47.0,28.0,24.0,65.0,36.0,45.0,32.0,42.0,31.0,32.0,42.0,40.0,33.0,45.0,47.0,31.0,27.0,40.0,41.0,54.0,39.0,49.0,42.0,30.0,47.0,34.0,26.0,46.0,45.0,15.0,34.0,53.0,30.0,31.0,35.0,41.0,53.0,30.0,40.0,50.0,39.0,37.0,0.0,21.0,18.0,41.0,28.0,33.0,31.0,33.0,29.0,25.0,54.0,25.0,29.0,36.0,36.0,20.0,32.0,46.0,34.0,37.0,41.0,35.0,27.0,28.0,49.0,43.0,24.0,38.0,42.0,34.0,26.0,30.0,39.0,41.0,41.0,31.0,38.0,30.0,57.0,25.0,38.0,35.0,44.0,29.0,29.0,57.0,25.0,23.0,29.0,25.0,25.0,39.0,34.0,35.0,23.0,40.0,34.0,23.0,32.0,46.0,34.0,27.0,39.0,45.0,25.0,35.0,38.0,28.0,37.0,35.0,43.0,36.0,18.0,43.0,44.0,49.0,59.0,113.0,29.0,41.0,68.0,28.0,34.0,34.0,36.0,37.0,18.0,31.0,32.0,31.0,33.0,31.0,23.0,22.0,45.0,32.0,27.0,36.0,23.0,17.0,19.0,30.0,42.0,33.0,39.0,40.0,36.0,23.0,41.0,28.0,47.0,32.0,50.0,18.0,24.0
30.0,36.0,32.0,41.0,32.0,21.0,34.0,21.0,32.0,23.0,39.0,30.0,37.0,25.0,28.0,29.0,28.0,26.0,26.0,35.0,15.0,20.0,38.0,29.0,34.0,33.0,42.0,20.0,25.0,40.0,37.0,22.0,18.0,17.0,23.0,12.0,28.0,34.0,24.0,30.0,33.0,17.0,17.0,37.0,29.0,28.0,26.0,34.0,30.0,18.0,37.0,33.0,35.0,6.0,0.0,8.0,12.0,23.0,23.0,25.0,34.0,29.0,26.0,21.0,34.0,30.0,26.0,34.0,32.0,35.0,0.0,49.0,40.0,24.0,32.0,29.0,29.0,20.0,46.0,44.0,37.0,27.0,32.0,39.0,22.0,38.0,40.0,34.0,29.0,36.0,30.0,10.0,45.0,27.0,33.0,33.0,31.0,33.0,28.0,54.0,36.0,0.0,34.0,35.0,29.0,17.0,38.0,30.0,45.0,32.0,28.0,30.0,31.0,49.0,43.0,32.0,29.0,35.0,22.0,20.0,39.0,28.0,25.0,36.0,35.0,31.0,20.0,20.0,35.0,20.0,24.0,29.0,15.0,22.0,43.0,34.0,33.0,37.0,42.0,43.0,29.0,48.0,42.0,35.0,35.0,37.0,41.0,36.0,46.0,40.0,55.0,37.0,36.0,29.0,30.0,45.0,24.0,25.0,34.0,46.0,39.0,17.0,52.0,32.0,45.0,56.0,46.0,29.0,28.0,54.0,33.0,42.0,31.0,58.0,29.0,33.0,60.0,40.0,34.0,39.0,36.0,31.0,18.0,36.0,31.0,28.0,48.0,46.0,34.0,25.0,33.0,45.0,44.0,32.0,49.0,25.0,25.0,57.0,53.0,46.0,27.0,35.0,43.0,24.0,63.0,46.0,34.0,49.0,34.0,43.0,38.0,36.0,37.0,40.0,44.0,50.0,27.0,18.0,48.0,26.0,36.0,51.0,39.0,32.0,30.0,26.0,29.0,39.0,39.0,45.0,44.0,34.0,37.0,31.0,30.0,38.0,35.0,36.0,28.0,37.0,36.0,34.0,40.0,41.0,35.0,27.0,51.0,46.0,40.0,40.0,0.0,25.0,22.0,43.0,28.0,33.0,53.0,45.0,20.0,32.0,50.0,28.0,31.0,46.0,28.0,40.0,16.0,39.0,34.0,28.0,39.0,35.0,29.0,23.0,37.0,33.0,25.0,44.0,38.0,27.0,30.0,49.0,28.0,45.0,42.0,35.0,25.0,23.0,52.0,40.0,26.0,38.0,34.0,18.0,21.0,52.0,42.0,36.0,30.0,35.0,23.0,38.0,50.0,26.0,28.0,34.0,44.0,30.0,28.0,53.0,35.0,50.0,30.0,32.0,37.0,30.0,41.0,39.0,29.0,45.0,45.0,38.0,9.0,37.0,31.0,54.0,41.0,100.0,28.0,23.0,117.0,42.0,32.0,33.0,43.0,24.0,15.0,51.0,44.0,28.0,33.0,34.0,17.0,18.0,37.0,29.0,38.0,43.0,36.0,12.0,22.0,46.0,29.0,36.0,48.0,37.0,21.0,24.0,28.0,35.0,48.0,40.0,31.0,29.0,32.0
27.0,37.0,39.0,34.0,32.0,37.0,12.0,19.0,29.0,30.0,27.0,33.0,22.0,23.0,21.0,19.0,41.0,31.0,34.0,22.0,18.0,22.0,29.0,47.0,40.0,21.0,37.0,22.0,23.0,28.0,35.0,32.0,28.0,37.0,19.0,21.0,44.0,28.0,22.0,18.0,40.0,18.0,26.0,40.0,35.0,32.0,34.0,26.0,38.0,26.0,35.0,37.0,39.0,9.0,0.0,16.0,23.0,22.0,33.0,27.0,35.0,56.0,30.0,30.0,36.0,24.0,26.0,37.0,38.0,32.0,0.0,34.0,34.0,35.0,32.0,47.0,33.0,38.0,38.0,47.0,34.0,24.0,46.0,18.0,24.0,53.0,34.0,32.0,32.0,28.0,36.0,34.0,88.0,41.0,42.0,34.0,32.0,33.0,24.0,51.0,56.0,0.0,38.0,37.0,27.0,19.0,45.0,34.0,34.0,36.0,42.0,38.0,36.0,47.0,31.0,30.0,41.0,40.0,26.0,27.0,39.0,37.0,34.0,41.0,37.0,34.0,17.0,35.0,45.0,40.0,44.0,49.0,33.0,22.0,47.0,42.0,30.0,34.0,55.0,33.0,30.0,43.0,38.0,33.0,38.0,45.0,43.0,21.0,29.0,42.0,44.0,51.0,49.0,35.0,33.0,45.0,37.0,39.0,44.0,56.0,47.0,37.0,52.0,49.0,42.0,47.0,46.0,37.0,21.0,57.0,44.0,38.0,21.0,49.0,52.0,42.0,47.0,45.0,53.0,37.0,38.0,33.0,29.0,40.0,34.0,39.0,34.0,52.0,28.0,28.0,35.0,37.0,36.0,50.0,39.0,24.0,41.0,40.0,43.0,41.0,41.0,35.0,43.0,26.0,75.0,30.0,44.0,34.0,37.0,30.0,30.0,75.0,40.0,36.0,48.0,42.0,35.0,27.0,57.0,43.0,23.0,33.0,35.0,28.0,23.0,37.0,33.0,20.0,35.0,38.0,47.0,28.0,59.0,29.0,39.0,37.0,47.0,32.0,20.0,43.0,43.0,29.0,37.0,44.0,35.0,39.0,37.0,54.0,42.0,47.0,0.0,13.0,23.0,33.0,29.0,43.0,24.0,34.0,28.0,27.0,47.0,34.0,35.0,38.0,41.0,29.0,26.0,40.0,29.0,35.0,28.0,36.0,29.0,28.0,39.0,45.0,37.0,34.0,39.0,31.0,27.0,42.0,29.0,33.0,53.0,30.0,23.0,28.0,41.0,50.0,49.0,45.0,25.0,40.0,25.0,40.0,40.0,30.0,37.0,33.0,38.0,29.0,49.0,30.0,31.0,43.0,30.0,37.0,28.0,44.0,36.0,27.0,32.0,38.0,25.0,26.0,42.0,40.0,44.0,24.0,48.0,37.0,13.0,55.0,45.0,61.0,38.0,74.0,39.0,53.0,90.0,35.0,38.0,44.0,40.0,33.0,34.0,32.0,29.0,42.0,27.0,44.0,11.0,26.0,45.0,27.0,24.0,33.0,35.0,17.0,21.0,35.0,22.0,23.0,28.0,30.0,33.0,17.0,30.0,45.0,64.0,45.0,32.0,38.0,37.0
34.0,32.0,34.0,43.0,32.0,31.0,22.0,29.0,46.0,35.0,36.0,24.0,48.0,25.0,25.0,34.0,40.0,32.0,28.0,28.0,22.0,20.0,46.0,42.0,35.0,30.0,28.0,37.0,26.0,46.0,40.0,42.0,31.0,41.0,22.0,29.0,36.0,21.0,23.0,8.0,36.0,30.0,22.0,35.0,35.0,26.0,32.0,24.0,37.0,24.0,39.0,36.0,27.0,24.0,0.0,10.0,30.0,13.0,26.0,30.0,27.0,41.0,30.0,26.0,44.0,43.0,27.0,30.0,28.0,23.0,0.0,54.0,25.0,37.0,34.0,35.0,36.0,21.0,46.0,41.0,26.0,30.0,42.0,26.0,20.0,67.0,43.0,35.0,42.0,28.0,41.0,37.0,33.0,40.0,26.0,33.0,36.0,41.0,24.0,46.0,36.0,0.0,31.0,50.0,25.0,20.0,39.0,37.0,32.0,33.0,33.0,31.0,26.0,32.0,50.0,35.0,43.0,37.0,30.0,20.0,42.0,36.0,28.0,34.0,37.0,35.0,19.0,32.0,35.0,47.0,36.0,40.0,20.0,26.0,42.0,36.0,36.0,30.0,43.0,35.0,32.0,52.0,39.0,32.0,33.0,45.0,34.0,23.0,33.0,42.0,57.0,47.0,35.0,36.0,28.0,51.0,34.0,40.0,43.0,40.0,30.0,23.0,46.0,38.0,40.0,45.0,46.0,22.0,31.0,68.0,49.0,45.0,33.0,57.0,44.0,23.0,32.0,43.0,46.0,41.0,44.0,44.0,31.0,43.0,43.0,38.0,41.0,46.0,29.0,23.0,44.0,41.0,41.0,29.0,59.0,39.0,30.0,62.0,32.0,33.0,50.0,39.0,40.0,35.0,44.0,42.0,33.0,52.0,40.0,42.0,38.0,38.0,44.0,42.0,43.0,52.0,23.0,19.0,44.0,41.0,46.0,41.0,47.0,36.0,32.0,32.0,46.0,28.0,42.0,38.0,35.0,31.0,56.0,40.0,35.0,34.0,41.0,27.0,20.0,39.0,38.0,42.0,41.0,41.0,50.0,23.0,46.0,27.0,43.0,47.0,28.0,17.0,24.0,41.0,47.0,36.0,38.0,34.0,30.0,19.0,46.0,34.0,44.0,36.0,45.0,30.0,30.0,44.0,28.0,30.0,38.0,48.0,31.0,21.0,38.0,30.0,36.0,39.0,48.0,26.0,26.0,49.0,42.0,36.0,44.0,54.0,32.0,21.0,44.0,46.0,31.0,42.0,26.0,35.0,29.0,44.0,34.0,30.0,34.0,47.0,37.0,30.0,43.0,32.0,31.0,38.0,41.0,26.0,29.0,46.0,39.0,39.0,43.0,42.0,28.0,29.0,38.0,37.0,41.0,36.0,43.0,22.0,13.0,53.0,37.0,55.0,37.0,86.0,36.0,39.0,91.0,41.0,23.0,31.0,35.0,41.0,18.0,36.0,25.0,34.0,44.0,50.0,10.0,16.0,31.0,30.0,45.0,40.0,32.0,17.0,23.0,48.0,32.0,46.0,40.0,37.0,40.0,23.0,38.0,33.0,47.0,55.0,35.0,25.0,18.0
23.0,31.0,29.0,39.0,37.0,47.0,14.0,26.0,38.0,34.0,36.0,33.0,24.0,21.0,17.0,25.0,41.0,26.0,34.0,37.0,25.0,22.0,39.0,34.0,34.0,35.0,28.0,28.0,15.0,38.0,25.0,45.0,38.0,28.0,29.0,16.0,44.0,34.0,23.0,0.0,32.0,24.0,27.0,48.0,36.0,33.0,24.0,36.0,17.0,24.0,43.0,33.0,49.0,26.0,0.0,26.0,20.0,13.0,36.0,40.0,24.0,20.0,26.0,18.0,39.0,34.0,38.0,26.0,29.0,33.0,0.0,62.0,42.0,33.0,30.0,35.0,37.0,22.0,49.0,37.0,29.0,36.0,32.0,27.0,20.0,32.0,51.0,37.0,37.0,29.0,32.0,30.0,46.0,32.0,39.0,33.0,41.0,33.0,19.0,27.0,41.0,0.0,44.0,51.0,20.0,25.0,47.0,33.0,28.0,34.0,50.0,20.0,31.0,49.0,40.0,37.0,42.0,37.0,40.0,28.0,36.0,47.0,42.0,39.0,32.0,20.0,19.0,37.0,37.0,34.0,49.0,42.0,18.0,27.0,44.0,51.0,37.0,38.0,43.0,32.0,25.0,42.0,43.0,46.0,58.0,55.0,34.0,27.0,31.0,56.0,32.0,43.0,45.0,36.0,23.0,41.0,38.0,42.0,33.0,43.0,37.0,23.0,62.0,38.0,34.0,60.0,41.0,33.0,26.0,79.0,45.0,40.0,27.0,43.0,36.0,30.0,50.0,40.0,39.0,43.0,43.0,28.0,25.0,34.0,27.0,30.0,37.0,48.0,33.0,29.0,38.0,50.0,39.0,39.0,44.0,33.0,33.0,46.0,35.0,20.0,33.0,41.0,58.0,29.0,53.0,39.0,46.0,42.0,36.0,29.0,19.0,52.0,41.0,43.0,47.0,39.0,33.0,31.0,53.0,61.0,43.0,33.0,46.0,27.0,27.0,27.0,40.0,40.0,58.0,62.0,41.0,37.0,45.0,54.0,39.0,39.0,43.0,31.0,26.0,36.0,36.0,25.0,52.0,45.0,46.0,30.0,35.0,49.0,40.0,31.0,38.0,18.0,12.0,45.0,32.0,40.0,36.0,36.0,35.0,25.0,45.0,33.0,37.0,46.0,46.0,30.0,13.0,54.0,44.0,40.0,35.0,33.0,20.0,25.0,34.0,40.0,51.0,34.0,49.0,32.0,29.0,39.0,42.0,30.0,33.0,39.0,36.0,32.0,57.0,30.0,44.0,32.0,36.0,41.0,24.0,56.0,39.0,34.0,43.0,43.0,32.0,33.0,50.0,36.0,45.0,30.0,36.0,19.0,30.0,53.0,37.0,40.0,45.0,35.0,36.0,19.0,47.0,34.0,50.0,30.0,35.0,35.0,12.0,53.0,38.0,59.0,50.0,70.0,39.0,54.0,68.0,37.0,32.0,31.0,36.0,32.0,20.0,38.0,45.0,45.0,32.0,21.0,23.0,15.0,37.0,34.0,40.0,40.0,42.0,15.0,28.0,27.0,34.0,33.0,38.0,63.0,33.0,26.0,28.0,34.0,46.0,39.0,47.0,31.0,27.0
19.0,38.0,34.0,23.0,44.0,40.0,33.0,18.0,36.0,31.0,34.0,27.0,31.0,18.0,14.0,32.0,33.0,25.0,40.0,28.0,22.0,18.0,29.0,38.0,33.0,38.0,38.0,31.0,14.0,51.0,39.0,26.0,36.0,27.0,28.0,25.0,0.0,30.0,26.0,0.0,38.0,30.0,24.0,47.0,33.0,31.0,49.0,32.0,35.0,14.0,37.0,36.0,47.0,12.0,0.0,12.0,20.0,27.0,41.0,34.0,38.0,32.0,25.0,19.0,24.0,29.0,14.0,45.0,46.0,34.0,0.0,43.0,30.0,31.0,30.0,24.0,32.0,23.0,49.0,29.0,24.0,33.0,35.0,19.0,18.0,51.0,46.0,40.0,33.0,30.0,29.0,22.0,56.0,47.0,34.0,26.0,35.0,23.0,19.0,64.0,38.0,0.0,37.0,39.0,47.0,21.0,65.0,49.0,41.0,38.0,55.0,22.0,30.0,52.0,38.0,41.0,38.0,34.0,23.0,26.0,65.0,38.0,42.0,32.0,45.0,25.0,20.0,44.0,43.0,38.0,31.0,41.0,20.0,26.0,46.0,51.0,42.0,46.0,52.0,38.0,23.0,43.0,35.0,49.0,37.0,34.0,41.0,24.0,34.0,56.0,46.0,37.0,46.0,26.0,17.0,46.0,44.0,44.0,38.0,49.0,42.0,21.0,48.0,47.0,54.0,47.0,53.0,36.0,28.0,46.0,68.0,57.0,44.0,42.0,34.0,36.0,47.0,53.0,41.0,56.0,38.0,46.0,19.0,58.0,33.0,19.0,43.0,40.0,40.0,25.0,44.0,50.0,41.0,43.0,32.0,53.0,23.0,57.0,30.0,58.0,43.0,35.0,38.0,34.0,37.0,36.0,52.0,45.0,39.0,20.0,36.0,48.0,44.0,52.0,40.0,48.0,32.0,30.0,42.0,36.0,48.0,43.0,41.0,26.0,25.0,34.0,27.0,46.0,44.0,48.0,40.0,31.0,44.0,54.0,33.0,33.0,45.0,24.0,40.0,52.0,39.0,40.0,43.0,43.0,39.0,33.0,31.0,43.0,40.0,42.0,40.0,26.0,30.0,31.0,47.0,40.0,46.0,39.0,24.0,27.0,44.0,44.0,44.0,38.0,49.0,35.0,35.0,43.0,42.0,31.0,41.0,49.0,30.0,20.0,52.0,49.0,43.0,44.0,45.0,27.0,32.0,49.0,42.0,32.0,46.0,33.0,26.0,30.0,35.0,42.0,42.0,46.0,38.0,28.0,14.0,47.0,40.0,35.0,38.0,55.0,27.0,34.0,42.0,41.0,23.0,42.0,35.0,30.0,28.0,45.0,40.0,46.0,45.0,51.0,29.0,23.0,39.0,38.0,36.0,47.0,45.0,38.0,18.0,42.0,50.0,52.0,24.0,76.0,22.0,41.0,78.0,36.0,39.0,33.0,53.0,26.0,23.0,45.0,33.0,44.0,41.0,40.0,22.0,9.0,37.0,43.0,45.0,36.0,34.0,18.0,23.0,40.0,46.0,27.0,43.0,33.0,35.0,27.0,30.0,37.0,61.0,50.0,35.0,35.0,23.0
24.0,38.0,35.0,39.0,28.0,42.0,24.0,10.0,51.0,34.0,38.0,26.0,48.0,28.0,12.0,40.0,40.0,36.0,24.0,30.0,21.0,15.0,46.0,35.0,19.0,38.0,37.0,28.0,20.0,52.0,45.0,31.0,34.0,48.0,24.0,20.0,33.0,35.0,23.0,0.0,39.0,35.0,21.0,21.0,34.0,44.0,32.0,37.0,33.0,21.0,39.0,38.0,49.0,23.0,0.0,5.0,21.0,35.0,40.0,31.0,36.0,37.0,19.0,15.0,42.0,33.0,39.0,36.0,48.0,19.0,0.0,31.0,29.0,28.0,38.0,41.0,32.0,23.0,49.0,38.0,36.0,40.0,38.0,29.0,25.0,57.0,39.0,33.0,41.0,30.0,26.0,23.0,51.0,42.0,36.0,61.0,34.0,27.0,24.0,40.0,40.0,0.0,30.0,44.0,28.0,24.0,48.0,47.0,35.0,46.0,47.0,29.0,21.0,41.0,41.0,41.0,44.0,39.0,22.0,18.0,45.0,34.0,52.0,35.0,40.0,36.0,25.0,37.0,27.0,32.0,41.0,45.0,21.0,23.0,49.0,25.0,43.0,29.0,26.0,27.0,24.0,51.0,44.0,41.0,53.0,40.0,29.0,21.0,39.0,50.0,43.0,62.0,45.0,39.0,34.0,44.0,41.0,36.0,45.0,30.0,39.0,23.0,64.0,41.0,41.0,36.0,53.0,36.0,27.0,72.0,49.0,32.0,53.0,45.0,42.0,28.0,52.0,37.0,34.0,42.0,45.0,52.0,17.0,36.0,14.0,36.0,39.0,49.0,35.0,30.0,38.0,41.0,45.0,42.0,39.0,26.0,18.0,60.0,34.0,34.0,43.0,50.0,60.0,27.0,51.0,46.0,44.0,45.0,39.0,40.0,29.0,61.0,47.0,53.0,49.0,47.0,25.0,29.0,51.0,30.0,34.0,52.0,47.0,28.0,33.0,35.0,45.0,39.0,49.0,43.0,33.0,25.0,47.0,27.0,44.0,25.0,42.0,28.0,26.0,41.0,33.0,39.0,37.0,48.0,30.0,29.0,52.0,49.0,33.0,55.0,37.0,22.0,27.0,39.0,40.0,26.0,39.0,34.0,35.0,35.0,37.0,31.0,65.0,33.0,41.0,31.0,27.0,25.0,52.0,36.0,42.0,32.0,30.0,26.0,37.0,39.0,41.0,41.0,41.0,39.0,27.0,51.0,31.0,36.0,33.0,38.0,44.0,18.0,49.0,37.0,53.0,40.0,49.0,29.0,21.0,50.0,31.0,48.0,33.0,45.0,31.0,23.0,42.0,33.0,23.0,41.0,23.0,37.0,22.0,50.0,33.0,30.0,35.0,47.0,25.0,17.0,55.0,34.0,26.0,37.0,41.0,43.0,6.0,45.0,37.0,44.0,33.0,68.0,34.0,36.0,60.0,47.0,34.0,36.0,33.0,24.0,28.0,44.0,28.0,35.0,45.0,43.0,17.0,22.0,28.0,45.0,35.0,34.0,41.0,18.0,21.0,43.0,42.0,37.0,52.0,35.0,43.0,28.0,42.0,40.0,36.0,27.0,36.0,40.0,28.0
27.0,38.0,37.0,42.0,37.0,45.0,31.0,14.0,38.0,35.0,46.0,34.0,46.0,18.0,19.0,40.0,40.0,39.0,39.0,34.0,20.0,19.0,45.0,26.0,24.0,37.0,33.0,17.0,24.0,48.0,33.0,42.0,28.0,36.0,28.0,25.0,45.0,40.0,44.0,36.0,40.0,26.0,22.0,35.0,51.0,33.0,45.0,40.0,12.0,28.0,44.0,36.0,53.0,13.0,0.0,7.0,21.0,16.0,28.0,29.0,45.0,35.0,33.0,16.0,53.0,36.0,28.0,44.0,35.0,27.0,26.0,50.0,30.0,34.0,45.0,33.0,29.0,15.0,44.0,39.0,47.0,32.0,25.0,29.0,17.0,44.0,37.0,46.0,43.0,32.0,18.0,16.0,35.0,47.0,45.0,43.0,18.0,36.0,22.0,57.0,43.0,0.0,51.0,36.0,32.0,21.0,34.0,43.0,34.0,43.0,36.0,23.0,24.0,32.0,33.0,67.0,32.0,41.0,28.0,23.0,48.0,50.0,42.0,41.0,49.0,32.0,16.0,40.0,54.0,38.0,48.0,27.0,13.0,15.0,39.0,37.0,36.0,44.0,51.0,26.0,17.0,40.0,25.0,44.0,30.0,36.0,39.0,32.0,37.0,57.0,45.0,42.0,41.0,33.0,16.0,35.0,41.0,40.0,33.0,34.0,27.0,24.0,47.0,39.0,54.0,48.0,26.0,31.0,32.0,37.0,45.0,52.0,33.0,37.0,46.0,23.0,65.0,54.0,46.0,37.0,59.0,0.0,24.0,38.0,36.0,27.0,42.0,38.0,31.0,40.0,46.0,41.0,40.0,43.0,49.0,25.0,29.0,58.0,52.0,33.0,36.0,47.0,45.0,24.0,70.0,34.0,54.0,43.0,50.0,27.0,33.0,49.0,24.0,57.0,35.0,60.0,29.0,34.0,52.0,53.0,54.0,48.0,40.0,38.0,26.0,41.0,41.0,46.0,45.0,43.0,46.0,26.0,62.0,57.0,43.0,45.0,53.0,26.0,22.0,54.0,48.0,39.0,39.0,38.0,33.0,33.0,26.0,54.0,60.0,43.0,41.0,20.0,22.0,49.0,38.0,46.0,57.0,34.0,22.0,28.0,56.0,41.0,46.0,45.0,16.0,27.0,28.0,62.0,33.0,24.0,33.0,43.0,25.0,28.0,50.0,49.0,50.0,45.0,46.0,25.0,22.0,38.0,48.0,46.0,45.0,30.0,35.0,23.0,48.0,41.0,41.0,45.0,51.0,42.0,24.0,29.0,50.0,37.0,45.0,52.0,30.0,29.0,39.0,46.0,57.0,44.0,47.0,33.0,25.0,41.0,48.0,33.0,53.0,49.0,37.0,17.0,39.0,34.0,38.0,38.0,42.0,35.0,17.0,44.0,39.0,47.0,35.0,60.0,32.0,27.0,60.0,45.0,42.0,50.0,43.0,28.0,22.0,51.0,40.0,40.0,35.0,42.0,20.0,19.0,54.0,52.0,45.0,46.0,41.0,32.0,23.0,47.0,44.0,41.0,41.0,39.0,40.0,12.0,25.0,37.0,45.0,43.0,41.0,47.0,13.0
13.0,38.0,39.0,57.0,45.0,29.0,19.0,15.0,28.0,45.0,31.0,35.0,37.0,26.0,21.0,48.0,50.0,31.0,43.0,35.0,20.0,17.0,47.0,41.0,47.0,39.0,44.0,32.0,22.0,48.0,41.0,45.0,50.0,30.0,19.0,20.0,34.0,37.0,25.0,34.0,46.0,29.0,20.0,45.0,44.0,38.0,36.0,44.0,35.0,21.0,45.0,42.0,37.0,19.0,0.0,17.0,15.0,34.0,36.0,42.0,50.0,38.0,19.0,15.0,34.0,42.0,34.0,43.0,58.0,29.0,31.0,44.0,50.0,39.0,39.0,38.0,30.0,17.0,43.0,33.0,37.0,44.0,40.0,24.0,24.0,47.0,49.0,45.0,44.0,29.0,15.0,13.0,77.0,36.0,45.0,40.0,0.0,31.0,20.0,42.0,43.0,0.0,47.0,45.0,39.0,20.0,50.0,58.0,53.0,36.0,35.0,29.0,17.0,59.0,38.0,33.0,31.0,41.0,17.0,19.0,54.0,36.0,43.0,36.0,45.0,22.0,22.0,60.0,44.0,43.0,36.0,51.0,16.0,22.0,47.0,30.0,37.0,55.0,46.0,25.0,27.0,52.0,47.0,55.0,47.0,42.0,44.0,24.0,39.0,55.0,46.0,43.0,37.0,35.0,19.0,68.0,37.0,41.0,33.0,53.0,44.0,25.0,58.0,36.0,39.0,52.0,52.0,38.0,42.0,61.0,63.0,43.0,27.0,44.0,33.0,28.0,46.0,60.0,50.0,48.0,52.0,61.0,28.0,45.0,29.0,28.0,51.0,47.0,37.0,24.0,50.0,38.0,55.0,47.0,51.0,37.0,32.0,50.0,48.0,45.0,36.0,56.0,39.0,27.0,74.0,39.0,38.0,51.0,48.0,32.0,26.0,46.0,44.0,47.0,57.0,39.0,32.0,28.0,36.0,52.0,48.0,49.0,48.0,38.0,25.0,29.0,55.0,40.0,52.0,44.0,28.0,23.0,51.0,52.0,53.0,65.0,36.0,34.0,24.0,51.0,37.0,36.0,41.0,46.0,44.0,26.0,32.0,49.0,54.0,47.0,54.0,21.0,30.0,65.0,50.0,45.0,51.0,54.0,44.0,23.0,50.0,40.0,39.0,48.0,35.0,40.0,38.0,43.0,44.0,50.0,55.0,39.0,37.0,24.0,47.0,46.0,54.0,50.0,34.0,39.0,24.0,44.0,53.0,45.0,58.0,39.0,26.0,18.0,46.0,50.0,42.0,43.0,68.0,37.0,22.0,64.0,53.0,52.0,33.0,47.0,41.0,19.0,46.0,44.0,35.0,35.0,45.0,22.0,21.0,48.0,50.0,48.0,41.0,49.0,35.0,19.0,36.0,50.0,62.0,54.0,40.0,32.0,15.0,48.0,49.0,54.0,45.0,78.0,38.0,42.0,48.0,52.0,42.0,36.0,61.0,28.0,23.0,48.0,56.0,43.0,45.0,33.0,20.0,22.0,46.0,50.0,42.0,48.0,36.0,12.0,20.0,36.0,39.0,54.0,54.0,49.0,35.0,27.0,18.0,40.0,54.0,44.0,40.0,31.0,26.0
20.0,51.0,43.0,36.0,37.0,31.0,24.0,18.0,48.0,25.0,29.0,40.0,58.0,29.0,15.0,41.0,38.0,45.0,38.0,48.0,23.0,17.0,32.0,44.0,33.0,42.0,55.0,30.0,20.0,54.0,40.0,51.0,38.0,45.0,25.0,17.0,62.0,54.0,29.0,43.0,36.0,28.0,21.0,44.0,38.0,55.0,46.0,42.0,26.0,16.0,49.0,46.0,51.0,15.0,0.0,21.0,9.0,47.0,51.0,54.0,56.0,45.0,39.0,15.0,52.0,45.0,31.0,44.0,54.0,31.0,22.0,51.0,49.0,45.0,40.0,48.0,33.0,20.0,53.0,38.0,50.0,32.0,37.0,29.0,17.0,32.0,48.0,58.0,42.0,36.0,34.0,29.0,44.0,52.0,42.0,39.0,3.0,34.0,29.0,48.0,41.0,0.0,39.0,36.0,30.0,20.0,59.0,54.0,44.0,56.0,38.0,37.0,23.0,44.0,45.0,53.0,44.0,46.0,42.0,19.0,44.0,38.0,43.0,44.0,56.0,25.0,15.0,34.0,51.0,32.0,31.0,41.0,24.0,14.0,54.0,39.0,54.0,55.0,58.0,37.0,23.0,61.0,45.0,51.0,43.0,56.0,38.0,31.0,29.0,62.0,50.0,35.0,51.0,29.0,24.0,63.0,36.0,46.0,47.0,43.0,34.0,24.0,44.0,39.0,43.0,55.0,41.0,36.0,34.0,57.0,48.0,55.0,42.0,51.0,43.0,25.0,55.0,47.0,54.0,48.0,38.0,43.0,22.0,41.0,30.0,41.0,48.0,52.0,34.0,23.0,51.0,45.0,56.0,56.0,53.0,34.0,27.0,40.0,36.0,43.0,56.0,48.0,49.0,21.0,70.0,53.0,48.0,62.0,60.0,44.0,29.0,55.0,50.0,55.0,53.0,66.0,39.0,33.0,58.0,46.0,65.0,49.0,60.0,39.0,25.0,46.0,51.0,67.0,42.0,60.0,47.0,28.0,32.0,55.0,52.0,42.0,51.0,43.0,25.0,69.0,48.0,64.0,49.0,51.0,50.0,28.0,35.0,70.0,50.0,37.0,48.0,20.0,21.0,63.0,52.0,48.0,48.0,41.0,55.0,19.0,57.0,67.0,58.0,47.0,63.0,33.0,33.0,65.0,46.0,74.0,49.0,48.0,30.0,25.0,72.0,47.0,61.0,47.0,50.0,40.0,24.0,58.0,49.0,53.0,53.0,61.0,40.0,27.0,78.0,54.0,47.0,47.0,59.0,44.0,21.0,63.0,56.0,44.0,51.0,41.0,45.0,30.0,62.0,48.0,55.0,44.0,48.0,33.0,25.0,65.0,51.0,41.0,51.0,48.0,41.0,13.0,64.0,52.0,41.0,44.0,53.0,32.0,10.0,54.0,53.0,73.0,26.0,58.0,35.0,45.0,80.0,48.0,56.0,51.0,50.0,29.0,23.0,54.0,53.0,59.0,42.0,49.0,21.0,17.0,59.0,53.0,42.0,50.0,68.0,25.0,23.0,52.0,53.0,51.0,49.0,47.0,20.0,17.0,19.0,41.0,47.0,37.0,54.0,17.0,22.0
20.0,52.0,42.0,31.0,41.0,43.0,16.0,20.0,46.0,46.0,49.0,53.0,60.0,23.0,21.0,50.0,57.0,47.0,49.0,45.0,23.0,15.0,55.0,53.0,46.0,76.0,48.0,31.0,16.0,50.0,45.0,35.0,41.0,44.0,42.0,14.0,73.0,34.0,35.0,55.0,54.0,32.0,16.0,45.0,55.0,55.0,55.0,43.0,26.0,17.0,54.0,49.0,45.0,21.0,0.0,24.0,19.0,32.0,51.0,40.0,62.0,58.0,33.0,19.0,55.0,60.0,40.0,51.0,50.0,31.0,26.0,67.0,53.0,56.0,51.0,44.0,27.0,21.0,70.0,41.0,48.0,65.0,44.0,38.0,18.0,70.0,45.0,38.0,49.0,43.0,32.0,14.0,65.0,43.0,40.0,61.0,49.0,40.0,18.0,52.0,38.0,0.0,54.0,48.0,33.0,19.0,69.0,50.0,37.0,48.0,44.0,37.0,26.0,65.0,59.0,57.0,54.0,64.0,38.0,17.0,58.0,49.0,47.0,47.0,59.0,39.0,25.0,90.0,55.0,46.0,58.0,61.0,26.0,15.0,43.0,53.0,57.0,53.0,49.0,43.0,17.0,56.0,58.0,51.0,59.0,59.0,39.0,21.0,27.0,83.0,60.0,52.0,56.0,40.0,22.0,59.0,62.0,57.0,49.0,46.0,31.0,14.0,87.0,48.0,53.0,40.0,56.0,47.0,26.0,67.0,57.0,57.0,29.0,61.0,47.0,27.0,71.0,48.0,61.0,45.0,63.0,48.0,21.0,38.0,41.0,53.0,62.0,62.0,51.0,20.0,46.0,60.0,52.0,62.0,55.0,38.0,26.0,59.0,41.0,57.0,68.0,61.0,58.0,31.0,58.0,48.0,68.0,69.0,53.0,45.0,29.0,62.0,54.0,50.0,59.0,53.0,32.0,24.0,64.0,72.0,54.0,75.0,50.0,59.0,20.0,56.0,46.0,65.0,70.0,61.0,39.0,26.0,73.0,65.0,66.0,45.0,72.0,55.0,17.0,67.0,72.0,43.0,62.0,76.0,38.0,23.0,35.0,76.0,59.0,67.0,56.0,34.0,21.0,64.0,63.0,53.0,65.0,74.0,37.0,26.0,52.0,62.0,53.0,41.0,46.0,40.0,27.0,76.0,78.0,53.0,56.0,48.0,38.0,29.0,61.0,64.0,49.0,60.0,62.0,33.0,27.0,54.0,73.0,61.0,52.0,62.0,50.0,24.0,61.0,60.0,62.0,60.0,61.0,34.0,28.0,70.0,45.0,68.0,62.0,70.0,34.0,23.0,62.0,50.0,40.0,66.0,67.0,39.0,26.0,62.0,57.0,57.0,52.0,52.0,35.0,18.0,67.0,51.0,65.0,72.0,69.0,47.0,16.0,64.0,48.0,68.0,45.0,66.0,47.0,48.0,98.0,43.0,66.0,69.0,61.0,35.0,24.0,58.0,57.0,55.0,45.0,58.0,25.0,14.0,56.0,52.0,68.0,60.0,62.0,26.0,26.0,74.0,53.0,51.0,45.0,52.0,33.0,18.0,18.0,51.0,60.0,50.0,42.0,36.0,25.0
22.0,60.0,57.0,55.0,45.0,62.0,33.0,19.0,43.0,46.0,40.0,62.0,46.0,44.0,15.0,50.0,48.0,56.0,62.0,52.0,36.0,18.0,59.0,67.0,52.0,55.0,57.0,41.0,13.0,65.0,70.0,53.0,56.0,76.0,33.0,18.0,55.0,53.0,43.0,63.0,59.0,47.0,22.0,59.0,67.0,57.0,58.0,54.0,43.0,21.0,63.0,69.0,57.0,39.0,0.0,31.0,8.0,18.0,63.0,68.0,49.0,74.0,37.0,19.0,57.0,70.0,48.0,61.0,66.0,25.0,28.0,63.0,57.0,57.0,56.0,49.0,36.0,18.0,70.0,68.0,54.0,60.0,53.0,35.0,18.0,57.0,80.0,63.0,68.0,43.0,34.0,23.0,66.0,46.0,67.0,50.0,45.0,32.0,16.0,58.0,76.0,0.0,50.0,49.0,34.0,18.0,69.0,49.0,58.0,56.0,58.0,40.0,24.0,63.0,58.0,54.0,48.0,55.0,43.0,18.0,56.0,71.0,51.0,59.0,60.0,44.0,23.0,65.0,60.0,61.0,59.0,58.0,34.0,20.0,69.0,65.0,62.0,66.0,62.0,48.0,30.0,78.0,64.0,62.0,81.0,90.0,47.0,29.0,43.0,64.0,64.0,65.0,75.0,36.0,20.0,70.0,55.0,70.0,66.0,53.0,39.0,25.0,87.0,60.0,62.0,64.0,99.0,34.0,25.0,87.0,71.0,58.0,45.0,68.0,45.0,22.0,91.0,54.0,66.0,51.0,74.0,49.0,29.0,66.0,25.0,79.0,60.0,63.0,49.0,26.0,76.0,83.0,67.0,78.0,69.0,45.0,27.0,78.0,68.0,50.0,53.0,60.0,31.0,23.0,80.0,73.0,64.0,63.0,65.0,46.0,31.0,76.0,65.0,56.0,66.0,56.0,57.0,27.0,53.0,78.0,71.0,67.0,70.0,40.0,25.0,66.0,70.0,71.0,68.0,67.0,41.0,26.0,89.0,67.0,64.0,64.0,67.0,49.0,35.0,58.0,77.0,69.0,78.0,54.0,41.0,28.0,46.0,79.0,68.0,63.0,61.0,30.0,22.0,70.0,62.0,58.0,77.0,77.0,36.0,25.0,70.0,67.0,76.0,88.0,93.0,42.0,35.0,46.0,49.0,75.0,79.0,85.0,48.0,23.0,66.0,80.0,71.0,78.0,60.0,59.0,27.0,83.0,65.0,72.0,62.0,52.0,51.0,26.0,69.0,60.0,61.0,49.0,60.0,49.0,25.0,87.0,52.0,48.0,56.0,56.0,41.0,25.0,65.0,73.0,71.0,66.0,74.0,35.0,26.0,77.0,65.0,65.0,73.0,77.0,42.0,12.0,70.0,64.0,73.0,67.0,57.0,49.0,14.0,69.0,63.0,64.0,40.0,64.0,39.0,29.0,93.0,69.0,61.0,53.0,61.0,37.0,21.0,47.0,81.0,68.0,80.0,72.0,16.0,27.0,65.0,67.0,63.0,76.0,76.0,23.0,30.0,60.0,68.0,72.0,62.0,63.0,40.0,18.0,25.0,53.0,60.0,53.0,58.0,34.0,23.0
27.0,59.0,56.0,41.0,68.0,43.0,37.0,17.0,43.0,51.0,56.0,61.0,48.0,34.0,27.0,50.0,70.0,42.0,54.0,58.0,37.0,22.0,56.0,55.0,46.0,72.0,70.0,36.0,15.0,51.0,57.0,66.0,56.0,54.0,43.0,11.0,51.0,52.0,30.0,55.0,70.0,49.0,20.0,70.0,71.0,54.0,74.0,46.0,31.0,18.0,59.0,60.0,57.0,40.0,0.0,25.0,10.0,15.0,63.0,63.0,71.0,50.0,36.0,12.0,95.0,72.0,55.0,62.0,53.0,45.0,30.0,66.0,59.0,71.0,64.0,65.0,53.0,27.0,73.0,64.0,47.0,64.0,53.0,43.0,23.0,64.0,42.0,66.0,56.0,40.0,46.0,21.0,75.0,71.0,57.0,43.0,60.0,43.0,25.0,69.0,59.0,0.0,59.0,63.0,42.0,19.0,75.0,66.0,64.0,82.0,78.0,63.0,21.0,62.0,71.0,61.0,74.0,78.0,36.0,24.0,86.0,55.0,51.0,76.0,76.0,37.0,29.0,56.0,49.0,57.0,62.0,44.0,26.0,19.0,72.0,71.0,87.0,64.0,53.0,41.0,33.0,56.0,65.0,74.0,79.0,75.0,55.0,20.0,37.0,84.0,67.0,79.0,71.0,45.0,24.0,75.0,70.0,65.0,66.0,81.0,51.0,22.0,82.0,72.0,66.0,81.0,84.0,43.0,23.0,91.0,73.0,61.0,32.0,73.0,40.0,28.0,63.0,63.0,77.0,63.0,78.0,46.0,29.0,55.0,46.0,69.0,72.0,63.0,54.0,27.0,85.0,60.0,70.0,58.0,67.0,58.0,24.0,68.0,68.0,59.0,64.0,74.0,67.0,27.0,68.0,70.0,60.0,55.0,64.0,52.0,32.0,78.0,64.0,46.0,51.0,61.0,59.0,30.0,91.0,67.0,62.0,55.0,59.0,59.0,24.0,53.0,45.0,69.0,73.0,72.0,41.0,25.0,89.0,77.0,70.0,67.0,76.0,45.0,25.0,94.0,65.0,84.0,64.0,106.0,49.0,27.0,41.0,79.0,78.0,87.0,86.0,29.0,35.0,82.0,80.0,75.0,82.0,75.0,34.0,20.0,82.0,71.0,68.0,75.0,81.0,52.0,19.0,96.0,88.0,75.0,69.0,74.0,58.0,26.0,66.0,61.0,60.0,81.0,60.0,39.0,36.0,94.0,72.0,86.0,54.0,84.0,52.0,25.0,91.0,76.0,72.0,63.0,73.0,53.0,28.0,70.0,73.0,67.0,76.0,62.0,46.0,33.0,86.0,67.0,66.0,75.0,75.0,32.0,31.0,88.0,72.0,77.0,66.0,72.0,54.0,23.0,65.0,73.0,77.0,59.0,53.0,37.0,16.0,87.0,70.0,96.0,36.0,80.0,46.0,42.0,63.0,68.0,63.0,73.0,70.0,45.0,15.0,70.0,56.0,56.0,62.0,56.0,35.0,22.0,74.0,79.0,62.0,69.0,55.0,36.0,65.0,65.0,73.0,79.0,76.0,65.0,40.0,17.0,19.0,46.0,65.0,70.0,79.0,30.0,33.0
25.0,69.0,61.0,65.0,59.0,58.0,35.0,19.0,42.0,72.0,60.0,49.0,73.0,38.0,19.0,48.0,68.0,52.0,55.0,57.0,22.0,20.0,51.0,55.0,51.0,58.0,81.0,35.0,24.0,84.0,70.0,46.0,65.0,62.0,33.0,19.0,51.0,58.0,37.0,46.0,49.0,30.0,24.0,77.0,61.0,55.0,49.0,59.0,28.0,18.0,69.0,61.0,56.0,40.0,0.0,13.0,13.0,20.0,55.0,52.0,65.0,62.0,39.0,20.0,70.0,55.0,61.0,59.0,61.0,21.0,25.0,66.0,62.0,65.0,66.0,55.0,49.0,20.0,69.0,57.0,64.0,54.0,55.0,41.0,18.0,74.0,80.0,55.0,79.0,60.0,43.0,25.0,83.0,74.0,59.0,72.0,61.0,37.0,27.0,87.0,70.0,0.0,74.0,67.0,48.0,21.0,65.0,56.0,53.0,76.0,73.0,29.0,30.0,105.0,56.0,56.0,67.0,66.0,42.0,25.0,78.0,64.0,83.0,70.0,66.0,48.0,24.0,73.0,56.0,55.0,68.0,70.0,23.0,30.0,78.0,71.0,55.0,46.0,55.0,43.0,20.0,88.0,86.0,66.0,67.0,69.0,51.0,28.0,34.0,73.0,64.0,62.0,76.0,48.0,22.0,75.0,80.0,68.0,67.0,70.0,66.0,20.0,87.0,85.0,74.0,74.0,72.0,46.0,36.0,76.0,73.0,59.0,64.0,89.0,53.0,31.0,75.0,84.0,74.0,73.0,80.0,40.0,39.0,46.0,30.0,64.0,80.0,62.0,45.0,0.0,107.0,99.0,63.0,88.0,75.0,57.0,27.0,74.0,71.0,67.0,79.0,71.0,58.0,25.0,108.0,87.0,61.0,80.0,65.0,48.0,26.0,77.0,92.0,80.0,75.0,95.0,37.0,27.0,77.0,82.0,73.0,68.0,98.0,35.0,36.0,60.0,99.0,83.0,64.0,80.0,57.0,30.0,94.0,87.0,64.0,81.0,70.0,51.0,33.0,84.0,74.0,90.0,72.0,101.0,66.0,33.0,35.0,82.0,82.0,89.0,87.0,29.0,30.0,89.0,66.0,85.0,86.0,97.0,19.0,29.0,129.0,77.0,87.0,97.0,84.0,72.0,26.0,107.0,73.0,71.0,103.0,77.0,65.0,29.0,84.0,88.0,99.0,97.0,78.0,48.0,19.0,92.0,83.0,72.0,81.0,100.0,46.0,29.0,96.0,92.0,70.0,90.0,79.0,42.0,30.0,96.0,78.0,82.0,78.0,88.0,43.0,26.0,96.0,71.0,66.0,79.0,86.0,54.0,26.0,97.0,81.0,84.0,47.0,90.0,51.0,17.0,102.0,82.0,70.0,84.0,84.0,43.0,16.0,80.0,75.0,90.0,40.0,65.0,46.0,35.0,123.0,74.0,76.0,69.0,75.0,34.0,16.0,80.0,89.0,92.0,79.0,73.0,20.0,26.0,100.0,77.0,81.0,74.0,65.0,32.0,25.0,89.0,68.0,76.0,69.0,69.0,39.0,32.0,24.0,61.0,84.0,75.0,65.0,35.0,18.0
23.0,78.0,80.0,63.0,69.0,73.0,42.0,19.0,59.0,58.0,54.0,81.0,46.0,35.0,15.0,50.0,55.0,76.0,56.0,77.0,34.0,15.0,55.0,65.0,47.0,54.0,57.0,36.0,18.0,68.0,44.0,64.0,61.0,65.0,34.0,20.0,59.0,36.0,55.0,65.0,64.0,34.0,16.0,94.0,60.0,69.0,67.0,70.0,31.0,21.0,65.0,52.0,75.0,25.0,0.0,24.0,9.0,64.0,57.0,71.0,57.0,75.0,43.0,14.0,89.0,75.0,51.0,84.0,62.0,31.0,37.0,77.0,56.0,63.0,52.0,83.0,21.0,30.0,73.0,67.0,72.0,71.0,59.0,31.0,20.0,84.0,63.0,83.0,84.0,54.0,36.0,25.0,103.0,73.0,53.0,85.0,74.0,44.0,34.0,81.0,87.0,0.0,72.0,71.0,31.0,25.0,74.0,65.0,56.0,83.0,78.0,42.0,21.0,96.0,80.0,84.0,59.0,77.0,40.0,21.0,77.0,83.0,63.0,75.0,79.0,43.0,32.0,65.0,68.0,55.0,77.0,83.0,35.0,16.0,87.0,83.0,80.0,64.0,77.0,52.0,23.0,97.0,95.0,84.0,85.0,73.0,34.0,24.0,44.0,100.0,66.0,81.0,72.0,40.0,27.0,82.0,83.0,72.0,55.0,72.0,37.0,30.0,65.0,78.0,95.0,79.0,84.0,55.0,20.0,110.0,82.0,79.0,59.0,83.0,66.0,26.0,106.0,70.0,73.0,80.0,65.0,51.0,33.0,56.0,41.0,81.0,92.0,97.0,40.0,20.0,95.0,82.0,79.0,83.0,89.0,59.0,32.0,95.0,107.0,72.0,66.0,85.0,45.0,22.0,103.0,68.0,92.0,88.0,79.0,40.0,23.0,99.0,83.0,70.0,78.0,89.0,31.0,30.0,96.0,76.0,85.0,77.0,85.0,59.0,31.0,70.0,84.0,92.0,89.0,104.0,46.0,39.0,88.0,89.0,98.0,70.0,84.0,54.0,29.0,100.0,88.0,75.0,78.0,78.0,49.0,32.0,43.0,107.0,106.0,95.0,76.0,32.0,32.0,105.0,88.0,94.0,78.0,86.0,31.0,22.0,92.0,111.0,83.0,91.0,82.0,52.0,21.0,114.0,68.0,88.0,85.0,78.0,65.0,28.0,91.0,93.0,95.0,84.0,97.0,61.0,33.0,84.0,83.0,80.0,82.0,110.0,50.0,32.0,66.0,97.0,87.0,90.0,77.0,47.0,35.0,85.0,89.0,84.0,101.0,92.0,47.0,29.0,77.0,73.0,78.0,92.0,97.0,38.0,33.0,80.0,86.0,73.0,87.0,76.0,50.0,21.0,88.0,88.0,92.0,76.0,81.0,44.0,9.0,88.0,82.0,104.0,33.0,69.0,47.0,46.0,115.0,82.0,109.0,90.0,86.0,63.0,25.0,101.0,84.0,71.0,82.0,99.0,18.0,26.0,120.0,91.0,77.0,78.0,76.0,21.0,23.0,79.0,82.0,68.0,77.0,85.0,39.0,28.0,19.0,74.0,74.0,61.0,83.0,47.0,20.0
24.0,74.0,79.0,55.0,52.0,59.0,39.0,15.0,64.0,55.0,67.0,50.0,53.0,45.0,18.0,67.0,56.0,72.0,78.0,88.0,38.0,13.0,84.0,62.0,60.0,68.0,79.0,34.0,15.0,76.0,56.0,63.0,83.0,69.0,38.0,25.0,72.0,73.0,45.0,83.0,87.0,44.0,18.0,65.0,84.0,72.0,68.0,53.0,30.0,19.0,75.0,70.0,73.0,16.0,0.0,18.0,9.0,24.0,73.0,63.0,70.0,76.0,42.0,25.0,71.0,78.0,74.0,92.0,69.0,31.0,27.0,88.0,65.0,93.0,73.0,74.0,50.0,27.0,92.0,74.0,75.0,80.0,78.0,59.0,23.0,74.0,84.0,47.0,76.0,40.0,33.0,40.0,78.0,83.0,90.0,68.0,64.0,56.0,24.0,75.0,81.0,0.0,63.0,65.0,32.0,32.0,78.0,76.0,78.0,87.0,71.0,47.0,20.0,80.0,100.0,89.0,91.0,77.0,50.0,19.0,98.0,66.0,75.0,79.0,90.0,42.0,21.0,86.0,102.0,72.0,66.0,67.0,37.0,19.0,100.0,74.0,98.0,92.0,78.0,50.0,22.0,98.0,75.0,98.0,95.0,75.0,44.0,24.0,48.0,115.0,77.0,76.0,102.0,41.0,31.0,122.0,81.0,81.0,98.0,72.0,48.0,31.0,98.0,91.0,95.0,109.0,92.0,51.0,37.0,90.0,100.0,88.0,62.0,92.0,51.0,34.0,89.0,80.0,78.0,121.0,106.0,53.0,32.0,66.0,41.0,83.0,91.0,85.0,51.0,30.0,87.0,114.0,75.0,100.0,102.0,62.0,27.0,108.0,72.0,91.0,96.0,90.0,69.0,25.0,115.0,96.0,85.0,90.0,84.0,41.0,29.0,112.0,89.0,87.0,95.0,93.0,46.0,28.0,105.0,86.0,67.0,95.0,82.0,59.0,26.0,61.0,109.0,72.0,91.0,91.0,52.0,34.0,118.0,98.0,112.0,122.0,101.0,36.0,25.0,118.0,78.0,85.0,99.0,90.0,41.0,27.0,40.0,103.0,100.0,82.0,109.0,35.0,30.0,90.0,73.0,94.0,98.0,82.0,32.0,32.0,86.0,84.0,72.0,89.0,88.0,49.0,30.0,83.0,108.0,100.0,123.0,89.0,41.0,42.0,93.0,75.0,80.0,94.0,95.0,53.0,29.0,121.0,94.0,97.0,98.0,93.0,50.0,20.0,111.0,105.0,81.0,88.0,86.0,72.0,26.0,91.0,91.0,77.0,90.0,77.0,61.0,40.0,116.0,101.0,68.0,104.0,84.0,47.0,28.0,113.0,99.0,75.0,90.0,80.0,48.0,28.0,105.0,100.0,90.0,82.0,91.0,49.0,27.0,100.0,97.0,91.0,40.0,75.0,39.0,62.0,91.0,95.0,75.0,100.0,102.0,52.0,31.0,103.0,85.0,96.0,100.0,89.0,43.0,32.0,80.0,93.0,114.0,81.0,90.0,38.0,23.0,103.0,67.0,100.0,83.0,86.0,39.0,23.0,22.0,84.0,88.0,76.0,79.0,37.0,31.0
24.0,77.0,81.0,85.0,85.0,58.0,30.0,32.0,78.0,76.0,62.0,91.0,91.0,38.0,15.0,63.0,78.0,74.0,72.0,72.0,34.0,20.0,86.0,77.0,78.0,60.0,65.0,32.0,17.0,94.0,92.0,78.0,70.0,68.0,29.0,20.0,87.0,54.0,49.0,77.0,67.0,50.0,23.0,86.0,81.0,73.0,95.0,53.0,52.0,14.0,87.0,81.0,75.0,44.0,0.0,31.0,12.0,17.0,72.0,87.0,73.0,75.0,47.0,26.0,88.0,72.0,62.0,72.0,76.0,52.0,22.0,94.0,88.0,83.0,101.0,94.0,50.0,20.0,96.0,86.0,87.0,83.0,88.0,30.0,22.0,88.0,95.0,86.0,83.0,48.0,40.0,23.0,98.0,92.0,65.0,74.0,55.0,32.0,37.0,91.0,65.0,0.0,75.0,61.0,38.0,13.0,101.0,87.0,99.0,86.0,89.0,50.0,17.0,73.0,66.0,68.0,107.0,93.0,40.0,25.0,84.0,84.0,89.0,79.0,89.0,47.0,13.0,106.0,89.0,79.0,89.0,81.0,29.0,30.0,104.0,77.0,88.0,102.0,105.0,77.0,31.0,79.0,98.0,100.0,89.0,88.0,45.0,24.0,50.0,98.0,103.0,102.0,85.0,64.0,33.0,98.0,107.0,120.0,71.0,118.0,47.0,25.0,108.0,102.0,100.0,91.0,99.0,79.0,28.0,104.0,105.0,118.0,68.0,107.0,57.0,28.0,124.0,111.0,118.0,87.0,115.0,68.0,31.0,69.0,28.0,96.0,101.0,87.0,64.0,27.0,108.0,96.0,104.0,106.0,84.0,59.0,29.0,111.0,111.0,80.0,87.0,103.0,54.0,37.0,111.0,85.0,93.0,91.0,101.0,53.0,40.0,99.0,83.0,85.0,95.0,101.0,37.0,40.0,101.0,101.0,100.0,79.0,94.0,45.0,32.0,76.0,102.0,112.0,82.0,115.0,49.0,32.0,82.0,110.0,88.0,116.0,102.0,53.0,26.0,91.0,115.0,93.0,89.0,80.0,39.0,33.0,34.0,128.0,121.0,99.0,107.0,42.0,23.0,111.0,90.0,102.0,111.0,91.0,30.0,28.0,112.0,86.0,95.0,95.0,110.0,53.0,32.0,99.0,95.0,92.0,90.0,92.0,58.0,27.0,108.0,98.0,106.0,99.0,80.0,53.0,25.0,97.0,95.0,92.0,101.0,95.0,63.0,27.0,107.0,106.0,104.0,87.0,86.0,52.0,22.0,102.0,90.0,87.0,104.0,88.0,58.0,17.0,122.0,105.0,113.0,109.0,114.0,46.0,25.0,107.0,100.0,88.0,89.0,82.0,58.0,14.0,106.0,103.0,112.0,88.0,90.0,56.0,19.0,122.0,98.0,108.0,32.0,70.0,40.0,49.0,89.0,119.0,103.0,89.0,81.0,59.0,31.0,98.0,91.0,102.0,110.0,91.0,29.0,28.0,105.0,77.0,76.0,96.0,99.0,29.0,34.0,87.0,112.0,102.0,77.0,74.0,35.0,21.0,21.0,69.0,88.0,77.0,60.0,37.0,17.0
24.0,91.0,89.0,90.0,76.0,78.0,36.0,28.0,82.0,68.0,103.0,81.0,81.0,38.0,23.0,77.0,85.0,82.0,88.0,72.0,33.0,18.0,68.0,73.0,103.0,82.0,93.0,41.0,17.0,91.0,89.0,71.0,68.0,73.0,32.0,19.0,76.0,91.0,51.0,95.0,61.0,41.0,21.0,119.0,94.0,99.0,74.0,82.0,27.0,24.0,85.0,88.0,84.0,57.0,0.0,17.0,9.0,42.0,100.0,91.0,81.0,87.0,39.0,34.0,90.0,86.0,75.0,89.0,92.0,51.0,27.0,99.0,87.0,85.0,92.0,71.0,36.0,26.0,91.0,91.0,100.0,83.0,92.0,56.0,20.0,117.0,88.0,100.0,79.0,61.0,45.0,31.0,96.0,84.0,112.0,95.0,98.0,26.0,27.0,116.0,89.0,0.0,77.0,71.0,52.0,27.0,84.0,87.0,100.0,91.0,70.0,45.0,27.0,93.0,84.0,74.0,95.0,84.0,40.0,24.0,116.0,86.0,90.0,84.0,72.0,38.0,21.0,93.0,101.0,96.0,100.0,89.0,33.0,25.0,81.0,109.0,94.0,102.0,109.0,49.0,36.0,105.0,83.0,102.0,81.0,80.0,53.0,23.0,57.0,104.0,102.0,85.0,93.0,56.0,27.0,103.0,115.0,107.0,116.0,119.0,65.0,28.0,102.0,109.0,82.0,97.0,88.0,53.0,34.0,123.0,121.0,106.0,101.0,82.0,69.0,23.0,127.0,88.0,91.0,98.0,90.0,62.0,27.0,61.0,47.0,89.0,91.0,93.0,68.0,42.0,98.0,94.0,96.0,92.0,114.0,78.0,28.0,117.0,84.0,96.0,100.0,91.0,37.0,20.0,92.0,103.0,103.0,99.0,101.0,48.0,33.0,123.0,87.0,90.0,102.0,99.0,47.0,33.0,118.0,93.0,105.0,88.0,118.0,45.0,30.0,70.0,110.0,96.0,109.0,83.0,50.0,29.0,115.0,100.0,100.0,68.0,103.0,53.0,30.0,129.0,91.0,88.0,91.0,66.0,51.0,33.0,27.0,127.0,116.0,113.0,111.0,30.0,31.0,127.0,116.0,101.0,117.0,104.0,40.0,29.0,111.0,100.0,115.0,109.0,96.0,54.0,20.0,105.0,100.0,109.0,102.0,96.0,56.0,20.0,134.0,125.0,104.0,111.0,104.0,54.0,34.0,100.0,81.0,98.0,106.0,100.0,57.0,26.0,116.0,101.0,117.0,112.0,114.0,52.0,30.0,121.0,101.0,112.0,84.0,106.0,56.0,33.0,116.0,118.0,117.0,92.0,91.0,56.0,32.0,114.0,102.0,114.0,98.0,97.0,79.0,29.0,123.0,107.0,99.0,103.0,113.0,70.0,20.0,116.0,110.0,108.0,35.0,65.0,53.0,49.0,116.0,91.0,147.0,115.0,130.0,64.0,35.0,118.0,125.0,99.0,73.0,96.0,28.0,28.0,100.0,105.0,99.0,100.0,96.0,32.0,21.0,105.0,87.0,92.0,105.0,104.0,41.0,17.0,23.0,72.0,98.0,74.0,106.0,45.0,21.0
26.0,94.0,100.0,91.0,81.0,91.0,44.0,24.0,59.0,98.0,73.0,78.0,99.0,31.0,31.0,58.0,128.0,103.0,90.0,83.0,31.0,31.0,96.0,81.0,97.0,92.0,87.0,40.0,26.0,95.0,95.0,80.0,96.0,96.0,41.0,14.0,77.0,83.0,61.0,104.0,83.0,52.0,29.0,104.0,112.0,106.0,87.0,61.0,0.0,16.0,92.0,92.0,114.0,78.0,0.0,33.0,16.0,63.0,103.0,118.0,82.0,105.0,40.0,24.0,100.0,93.0,83.0,93.0,101.0,42.0,23.0,114.0,113.0,95.0,96.0,89.0,34.0,32.0,111.0,91.0,101.0,90.0,94.0,47.0,26.0,143.0,108.0,108.0,92.0,65.0,37.0,28.0,115.0,116.0,99.0,102.0,73.0,58.0,26.0,112.0,97.0,0.0,94.0,107.0,39.0,28.0,106.0,93.0,104.0,96.0,80.0,48.0,35.0,123.0,96.0,96.0,106.0,85.0,40.0,33.0,111.0,97.0,76.0,87.0,96.0,53.0,20.0,114.0,107.0,115.0,83.0,111.0,37.0,23.0,123.0,84.0,91.0,89.0,100.0,52.0,27.0,105.0,110.0,119.0,123.0,99.0,58.0,30.0,45.0,131.0,116.0,127.0,89.0,66.0,29.0,128.0,103.0,111.0,88.0,96.0,50.0,35.0,123.0,114.0,113.0,83.0,112.0,53.0,45.0,111.0,114.0,128.0,117.0,123.0,47.0,38.0,104.0,135.0,115.0,105.0,104.0,73.0,41.0,71.0,38.0,123.0,104.0,111.0,73.0,47.0,130.0,89.0,127.0,104.0,113.0,60.0,45.0,113.0,106.0,105.0,113.0,93.0,67.0,32.0,108.0,117.0,116.0,115.0,121.0,44.0,21.0,96.0,94.0,128.0,89.0,102.0,51.0,37.0,111.0,126.0,112.0,109.0,100.0,59.0,33.0,112.0,91.0,100.0,116.0,97.0,65.0,38.0,121.0,127.0,114.0,121.0,93.0,51.0,24.0,108.0,117.0,129.0,109.0,77.0,46.0,35.0,41.0,104.0,97.0,108.0,105.0,31.0,29.0,135.0,83.0,110.0,103.0,125.0,42.0,32.0,153.0,129.0,115.0,126.0,93.0,68.0,26.0,102.0,118.0,94.0,120.0,113.0,54.0,29.0,129.0,128.0,117.0,116.0,104.0,66.0,24.0,126.0,127.0,128.0,107.0,117.0,49.0,35.0,135.0,119.0,104.0,109.0,105.0,53.0,22.0,128.0,121.0,118.0,127.0,97.0,57.0,32.0,114.0,128.0,121.0,113.0,123.0,53.0,27.0,127.0,123.0,109.0,124.0,87.0,51.0,22.0,119.0,123.0,140.0,123.0,115.0,63.0,31.0,131.0,125.0,134.0,51.0,75.0,46.0,34.0,146.0,125.0,118.0,104.0,115.0,64.0,37.0,137.0,125.0,133.0,125.0,146.0,41.0,35.0,160.0,121.0,124.0,99.0,120.0,30.0,22.0,127.0,132.0,122.0,110.0,95.0,50.0,22.0,22.0,69.0,114.0,107.0,77.0,65.0,25.0
29.0,108.0,104.0,94.0,103.0,91.0,42.0,22.0,96.0,113.0,105.0,104.0,80.0,48.0,21.0,80.0,95.0,99.0,101.0,92.0,38.0,19.0,95.0,105.0,100.0,110.0,90.0,50.0,19.0,105.0,104.0,100.0,80.0,85.0,47.0,22.0,106.0,89.0,69.0,107.0,84.0,39.0,22.0,115.0,105.0,109.0,96.0,86.0,0.0,27.0,105.0,104.0,102.0,32.0,0.0,21.0,6.0,95.0,82.0,93.0,109.0,101.0,38.0,22.0,100.0,116.0,104.0,99.0,98.0,37.0,38.0,107.0,101.0,100.0,92.0,90.0,54.0,31.0,99.0,115.0,90.0,122.0,95.0,42.0,24.0,108.0,115.0,105.0,99.0,78.0,63.0,40.0,129.0,101.0,113.0,101.0,85.0,58.0,28.0,74.0,112.0,0.0,104.0,93.0,49.0,18.0,121.0,106.0,108.0,107.0,128.0,55.0,28.0,97.0,129.0,90.0,98.0,93.0,71.0,29.0,111.0,105.0,106.0,120.0,96.0,67.0,29.0,134.0,111.0,84.0,109.0,113.0,37.0,24.0,125.0,133.0,113.0,119.0,114.0,68.0,37.0,135.0,120.0,122.0,128.0,92.0,44.0,21.0,48.0,128.0,127.0,132.0,129.0,56.0,35.0,109.0,125.0,129.0,104.0,125.0,69.0,30.0,156.0,109.0,134.0,121.0,136.0,87.0,24.0,112.0,166.0,115.0,70.0,111.0,81.0,42.0,147.0,116.0,103.0,108.0,132.0,69.0,35.0,95.0,43.0,103.0,144.0,109.0,61.0,37.0,145.0,138.0,108.0,141.0,118.0,65.0,49.0,134.0,109.0,112.0,116.0,92.0,71.0,42.0,130.0,132.0,126.0,139.0,122.0,68.0,43.0,129.0,113.0,108.0,122.0,107.0,68.0,28.0,138.0,102.0,104.0,130.0,106.0,55.0,41.0,77.0,148.0,133.0,146.0,133.0,50.0,23.0,139.0,110.0,141.0,126.0,116.0,61.0,39.0,110.0,125.0,114.0,130.0,85.0,50.0,32.0,47.0,136.0,125.0,107.0,125.0,55.0,41.0,122.0,96.0,129.0,126.0,124.0,47.0,46.0,120.0,134.0,131.0,136.0,120.0,60.0,36.0,152.0,134.0,129.0,112.0,136.0,74.0,32.0,111.0,104.0,117.0,119.0,125.0,68.0,24.0,137.0,138.0,164.0,152.0,128.0,56.0,31.0,148.0,138.0,149.0,154.0,134.0,48.0,29.0,175.0,158.0,158.0,148.0,140.0,66.0,29.0,148.0,124.0,120.0,138.0,146.0,62.0,28.0,153.0,138.0,138.0,143.0,147.0,57.0,22.0,140.0,159.0,126.0,120.0,132.0,53.0,12.0,126.0,147.0,112.0,56.0,61.0,50.0,34.0,149.0,125.0,122.0,159.0,135.0,53.0,31.0,147.0,164.0,126.0,136.0,100.0,36.0,34.0,121.0,133.0,143.0,145.0,106.0,54.0,35.0,158.0,118.0,129.0,124.0,77.0,55.0,24.0,24.0,96.0,117.0,112.0,107.0,52.0,32.0
29.0,123.0,117.0,113.0,99.0,131.0,54.0,26.0,73.0,105.0,107.0,119.0,116.0,49.0,23.0,87.0,134.0,101.0,119.0,117.0,58.0,21.0,113.0,118.0,77.0,102.0,112.0,53.0,34.0,125.0,105.0,105.0,114.0,112.0,40.0,43.0,119.0,115.0,87.0,103.0,111.0,64.0,26.0,134.0,121.0,123.0,134.0,102.0,0.0,33.0,122.0,118.0,140.0,72.0,0.0,39.0,9.0,76.0,137.0,124.0,127.0,111.0,43.0,25.0,136.0,113.0,74.0,122.0,117.0,45.0,27.0,144.0,98.0,126.0,137.0,127.0,45.0,26.0,137.0,130.0,106.0,116.0,119.0,57.0,37.0,104.0,109.0,142.0,142.0,124.0,62.0,29.0,137.0,115.0,106.0,96.0,89.0,64.0,41.0,132.0,130.0,0.0,124.0,113.0,54.0,26.0,131.0,121.0,120.0,118.0,119.0,49.0,42.0,174.0,125.0,127.0,121.0,122.0,51.0,35.0,159.0,155.0,131.0,111.0,120.0,58.0,36.0,135.0,126.0,146.0,128.0,140.0,26.0,36.0,146.0,102.0,113.0,147.0,124.0,66.0,28.0,145.0,140.0,133.0,127.0,105.0,51.0,34.0,48.0,168.0,112.0,137.0,117.0,85.0,29.0,148.0,116.0,130.0,142.0,131.0,57.0,35.0,147.0,125.0,150.0,154.0,152.0,63.0,35.0,160.0,135.0,142.0,111.0,136.0,52.0,19.0,156.0,132.0,132.0,150.0,133.0,61.0,41.0,88.0,55.0,70.0,146.0,120.0,72.0,25.0,134.0,126.0,136.0,133.0,132.0,82.0,32.0,125.0,146.0,124.0,121.0,103.0,60.0,32.0,159.0,135.0,147.0,136.0,134.0,68.0,27.0,157.0,129.0,146.0,157.0,145.0,80.0,40.0,151.0,160.0,131.0,145.0,121.0,64.0,29.0,127.0,171.0,149.0,141.0,136.0,69.0,46.0,132.0,148.0,135.0,163.0,130.0,57.0,33.0,147.0,156.0,134.0,155.0,102.0,55.0,37.0,37.0,165.0,162.0,150.0,103.0,43.0,27.0,163.0,120.0,145.0,110.0,141.0,45.0,29.0,187.0,132.0,125.0,141.0,138.0,64.0,32.0,135.0,153.0,154.0,124.0,171.0,54.0,32.0,153.0,131.0,122.0,131.0,116.0,56.0,30.0,134.0,140.0,120.0,135.0,152.0,62.0,28.0,151.0,169.0,145.0,137.0,136.0,70.0,30.0,136.0,139.0,168.0,160.0,154.0,70.0,41.0,182.0,121.0,152.0,196.0,144.0,50.0,32.0,146.0,140.0,150.0,150.0,127.0,54.0,26.0,212.0,147.0,170.0,139.0,147.0,69.0,24.0,170.0,139.0,158.0,40.0,75.0,54.0,52.0,152.0,166.0,147.0,125.0,148.0,77.0,42.0,148.0,173.0,149.0,173.0,115.0,33.0,26.0,155.0,157.0,153.0,148.0,158.0,43.0,42.0,186.0,126.0,136.0,134.0,132.0,49.0,21.0,18.0,87.0,122.0,117.0,119.0,51.0,29.0
32.0,125.0,139.0,137.0,166.0,129.0,36.0,31.0,80.0,136.0,132.0,119.0,128.0,29.0,19.0,106.0,143.0,134.0,130.0,114.0,36.0,40.0,101.0,161.0,154.0,125.0,108.0,58.0,25.0,152.0,120.0,94.0,137.0,136.0,54.0,20.0,116.0,164.0,110.0,125.0,139.0,53.0,26.0,159.0,130.0,135.0,134.0,120.0,0.0,26.0,136.0,150.0,103.0,58.0,0.0,29.0,16.0,101.0,130.0,131.0,135.0,132.0,50.0,21.0,140.0,144.0,134.0,133.0,115.0,44.0,29.0,168.0,131.0,142.0,143.0,126.0,54.0,31.0,145.0,128.0,151.0,136.0,148.0,49.0,21.0,180.0,150.0,143.0,155.0,117.0,53.0,43.0,139.0,150.0,151.0,137.0,116.0,62.0,25.0,147.0,127.0,0.0,132.0,110.0,49.0,34.0,176.0,138.0,172.0,147.0,136.0,54.0,43.0,159.0,153.0,144.0,125.0,161.0,49.0,32.0,130.0,140.0,150.0,150.0,138.0,65.0,30.0,159.0,147.0,143.0,162.0,140.0,41.0,18.0,155.0,157.0,173.0,174.0,137.0,79.0,43.0,142.0,138.0,131.0,136.0,116.0,70.0,18.0,39.0,155.0,142.0,129.0,171.0,41.0,27.0,162.0,121.0,164.0,144.0,112.0,78.0,39.0,153.0,166.0,138.0,166.0,130.0,68.0,34.0,185.0,168.0,128.0,152.0,121.0,70.0,33.0,173.0,175.0,154.0,159.0,152.0,69.0,27.0,79.0,43.0,158.0,154.0,165.0,82.0,39.0,150.0,145.0,156.0,178.0,161.0,72.0,47.0,174.0,134.0,173.0,176.0,176.0,94.0,29.0,198.0,143.0,161.0,176.0,129.0,62.0,44.0,126.0,213.0,149.0,149.0,144.0,78.0,35.0,209.0,129.0,167.0,175.0,153.0,89.0,48.0,92.0,158.0,172.0,188.0,148.0,87.0,46.0,181.0,151.0,159.0,145.0,131.0,73.0,46.0,182.0,171.0,161.0,163.0,115.0,67.0,44.0,35.0,167.0,185.0,188.0,198.0,37.0,37.0,166.0,160.0,169.0,190.0,169.0,43.0,39.0,157.0,157.0,147.0,155.0,133.0,53.0,45.0,173.0,152.0,176.0,167.0,135.0,71.0,39.0,206.0,150.0,150.0,176.0,144.0,51.0,38.0,168.0,137.0,151.0,124.0,153.0,51.0,36.0,177.0,139.0,143.0,137.0,158.0,61.0,29.0,180.0,157.0,183.0,150.0,171.0,69.0,24.0,191.0,171.0,142.0,167.0,141.0,75.0,34.0,178.0,149.0,186.0,169.0,163.0,57.0,30.0,160.0,153.0,178.0,187.0,158.0,80.0,47.0,176.0,164.0,184.0,40.0,63.0,64.0,41.0,215.0,178.0,159.0,145.0,174.0,67.0,40.0,185.0,167.0,168.0,146.0,147.0,55.0,39.0,186.0,169.0,157.0,164.0,138.0,44.0,35.0,146.0,171.0,164.0,191.0,110.0,49.0,15.0,26.0,120.0,156.0,118.0,138.0,49.0,26.0
31.0,144.0,155.0,148.0,149.0,145.0,58.0,24.0,130.0,164.0,155.0,162.0,159.0,49.0,38.0,96.0,164.0,172.0,142.0,148.0,58.0,26.0,143.0,148.0,151.0,169.0,151.0,58.0,27.0,174.0,177.0,173.0,153.0,128.0,55.0,15.0,175.0,150.0,110.0,165.0,169.0,65.0,26.0,166.0,172.0,130.0,147.0,168.0,0.0,27.0,169.0,155.0,79.0,87.0,0.0,19.0,17.0,128.0,180.0,155.0,179.0,163.0,50.0,30.0,162.0,184.0,134.0,154.0,162.0,66.0,46.0,188.0,151.0,155.0,150.0,160.0,82.0,26.0,170.0,167.0,156.0,156.0,138.0,65.0,27.0,183.0,150.0,150.0,186.0,133.0,69.0,41.0,182.0,200.0,162.0,175.0,151.0,57.0,36.0,182.0,148.0,0.0,173.0,161.0,60.0,32.0,171.0,176.0,140.0,175.0,145.0,69.0,38.0,140.0,149.0,147.0,158.0,138.0,88.0,34.0,127.0,171.0,145.0,166.0,155.0,65.0,34.0,179.0,172.0,141.0,187.0,167.0,51.0,38.0,169.0,154.0,172.0,165.0,169.0,77.0,39.0,206.0,177.0,162.0,170.0,135.0,60.0,34.0,49.0,176.0,140.0,192.0,180.0,62.0,52.0,160.0,189.0,171.0,156.0,161.0,75.0,45.0,192.0,166.0,155.0,157.0,163.0,88.0,38.0,186.0,196.0,136.0,157.0,178.0,75.0,35.0,174.0,206.0,171.0,184.0,162.0,79.0,36.0,102.0,61.0,166.0,167.0,174.0,60.0,30.0,186.0,192.0,187.0,150.0,171.0,101.0,38.0,194.0,185.0,170.0,185.0,201.0,60.0,43.0,229.0,183.0,175.0,169.0,176.0,88.0,38.0,223.0,170.0,196.0,158.0,203.0,76.0,32.0,203.0,196.0,164.0,184.0,159.0,85.0,48.0,116.0,189.0,185.0,186.0,185.0,71.0,38.0,200.0,191.0,204.0,164.0,188.0,86.0,41.0,179.0,200.0,228.0,173.0,78.0,75.0,39.0,38.0,222.0,169.0,199.0,207.0,55.0,47.0,234.0,186.0,194.0,175.0,162.0,50.0,43.0,200.0,180.0,181.0,195.0,197.0,65.0,47.0,213.0,175.0,170.0,221.0,147.0,77.0,45.0,183.0,179.0,170.0,198.0,164.0,69.0,49.0,165.0,182.0,174.0,160.0,140.0,76.0,37.0,220.0,169.0,190.0,169.0,191.0,71.0,44.0,189.0,202.0,172.0,212.0,177.0,64.0,44.0,185.0,187.0,149.0,196.0,171.0,74.0,45.0,186.0,183.0,171.0,165.0,148.0,72.0,34.0,189.0,160.0,191.0,205.0,219.0,91.0,30.0,214.0,182.0,164.0,35.0,82.0,69.0,41.0,200.0,191.0,211.0,207.0,167.0,93.0,62.0,188.0,190.0,198.0,179.0,195.0,56.0,34.0,180.0,165.0,200.0,174.0,158.0,47.0,28.0,199.0,188.0,169.0,163.0,153.0,67.0,39.0,20.0,118.0,158.0,173.0,133.0,48.0,21.0
32.0,180.0,165.0,145.0,208.0,174.0,62.0,21.0,105.0,139.0,166.0,155.0,179.0,53.0,32.0,109.0,198.0,170.0,171.0,170.0,61.0,40.0,162.0,165.0,168.0,152.0,197.0,63.0,30.0,177.0,164.0,174.0,156.0,176.0,60.0,30.0,175.0,166.0,123.0,167.0,163.0,70.0,28.0,214.0,184.0,146.0,153.0,146.0,68.0,32.0,177.0,170.0,160.0,30.0,0.0,35.0,19.0,144.0,142.0,183.0,177.0,168.0,58.0,28.0,184.0,176.0,125.0,197.0,178.0,59.0,29.0,190.0,218.0,193.0,196.0,198.0,81.0,31.0,190.0,194.0,164.0,200.0,137.0,78.0,38.0,165.0,189.0,212.0,182.0,137.0,53.0,48.0,164.0,217.0,191.0,175.0,176.0,76.0,40.0,213.0,190.0,0.0,176.0,170.0,54.0,23.0,149.0,179.0,174.0,202.0,165.0,44.0,39.0,203.0,154.0,195.0,170.0,181.0,52.0,34.0,211.0,185.0,213.0,196.0,144.0,88.0,33.0,241.0,181.0,187.0,189.0,179.0,60.0,33.0,196.0,205.0,178.0,170.0,194.0,74.0,31.0,183.0,194.0,195.0,196.0,177.0,65.0,38.0,66.0,224.0,200.0,157.0,182.0,55.0,42.0,207.0,185.0,182.0,204.0,199.0,77.0,41.0,214.0,211.0,210.0,206.0,213.0,73.0,41.0,202.0,164.0,188.0,146.0,194.0,71.0,49.0,214.0,182.0,224.0,206.0,204.0,71.0,46.0,111.0,37.0,168.0,191.0,196.0,92.0,46.0,227.0,172.0,205.0,205.0,197.0,85.0,36.0,225.0,179.0,224.0,210.0,177.0,101.0,47.0,184.0,199.0,184.0,220.0,238.0,77.0,46.0,204.0,224.0,257.0,178.0,154.0,100.0,47.0,218.0,236.0,224.0,194.0,210.0,103.0,38.0,138.0,241.0,235.0,207.0,232.0,85.0,53.0,245.0,240.0,226.0,221.0,213.0,90.0,42.0,224.0,185.0,199.0,199.0,127.0,85.0,46.0,48.0,278.0,265.0,255.0,222.0,88.0,50.0,217.0,227.0,230.0,203.0,222.0,61.0,44.0,244.0,217.0,211.0,198.0,180.0,80.0,46.0,223.0,224.0,209.0,181.0,166.0,76.0,37.0,222.0,205.0,235.0,201.0,195.0,89.0,50.0,195.0,223.0,201.0,251.0,215.0,64.0,63.0,199.0,233.0,225.0,230.0,198.0,93.0,45.0,232.0,239.0,200.0,170.0,196.0,93.0,40.0,228.0,200.0,233.0,200.0,208.0,93.0,50.0,211.0,226.0,214.0,208.0,176.0,66.0,22.0,240.0,226.0,223.0,210.0,183.0,93.0,39.0,222.0,221.0,188.0,41.0,74.0,64.0,57.0,225.0,243.0,234.0,220.0,210.0,87.0,37.0,211.0,238.0,213.0,188.0,206.0,63.0,23.0,201.0,213.0,205.0,202.0,203.0,49.0,44.0,155.0,201.0,190.0,209.0,165.0,75.0,42.0,22.0,132.0,211.0,157.0,152.0,86.0,39.0
27.0,201.0,174.0,183.0,161.0,144.0,70.0,33.0,159.0,180.0,144.0,209.0,168.0,90.0,34.0,139.0,183.0,170.0,129.0,185.0,64.0,33.0,189.0,199.0,178.0,197.0,195.0,82.0,23.0,180.0,197.0,205.0,225.0,216.0,72.0,31.0,193.0,156.0,150.0,202.0,165.0,96.0,36.0,252.0,215.0,224.0,192.0,158.0,63.0,36.0,192.0,193.0,175.0,52.0,0.0,45.0,33.0,103.0,226.0,217.0,210.0,188.0,93.0,35.0,216.0,226.0,157.0,189.0,191.0,92.0,44.0,233.0,193.0,218.0,217.0,189.0,75.0,39.0,175.0,193.0,223.0,185.0,180.0,77.0,43.0,206.0,219.0,184.0,222.0,149.0,77.0,49.0,204.0,149.0,184.0,218.0,197.0,72.0,39.0,184.0,204.0,0.0,171.0,205.0,62.0,35.0,183.0,220.0,233.0,183.0,168.0,83.0,39.0,272.0,212.0,148.0,215.0,182.0,76.0,41.0,221.0,207.0,201.0,213.0,194.0,76.0,40.0,203.0,231.0,186.0,205.0,142.0,59.0,31.0,230.0,216.0,191.0,196.0,218.0,97.0,34.0,186.0,213.0,176.0,228.0,169.0,76.0,45.0,55.0,242.0,218.0,238.0,209.0,96.0,53.0,301.0,238.0,175.0,215.0,226.0,72.0,47.0,233.0,247.0,194.0,172.0,235.0,105.0,54.0,280.0,196.0,222.0,226.0,188.0,104.0,50.0,254.0,251.0,245.0,242.0,200.0,97.0,49.0,114.0,53.0,300.0,243.0,201.0,95.0,55.0,248.0,239.0,263.0,232.0,203.0,98.0,65.0,246.0,229.0,236.0,247.0,232.0,93.0,57.0,270.0,234.0,199.0,273.0,199.0,101.0,44.0,193.0,233.0,228.0,263.0,208.0,86.0,37.0,250.0,206.0,260.0,254.0,235.0,85.0,60.0,192.0,218.0,221.0,211.0,204.0,133.0,49.0,248.0,259.0,228.0,266.0,238.0,104.0,32.0,268.0,252.0,264.0,257.0,144.0,96.0,44.0,68.0,258.0,257.0,198.0,200.0,83.0,34.0,268.0,222.0,248.0,203.0,250.0,68.0,45.0,267.0,254.0,282.0,263.0,273.0,88.0,49.0,273.0,217.0,242.0,134.0,183.0,87.0,39.0,280.0,267.0,214.0,201.0,229.0,105.0,47.0,256.0,187.0,255.0,220.0,225.0,86.0,33.0,269.0,236.0,291.0,232.0,211.0,79.0,49.0,249.0,222.0,215.0,227.0,253.0,96.0,55.0,199.0,249.0,222.0,217.0,217.0,82.0,49.0,250.0,230.0,248.0,150.0,220.0,85.0,52.0,258.0,248.0,257.0,233.0,238.0,109.0,40.0,263.0,238.0,142.0,43.0,68.0,56.0,65.0,229.0,195.0,209.0,213.0,202.0,102.0,49.0,282.0,210.0,207.0,215.0,230.0,48.0,40.0,289.0,240.0,208.0,236.0,194.0,52.0,54.0,296.0,197.0,222.0,190.0,198.0,67.0,35.0,25.0,150.0,177.0,179.0,182.0,70.0,34.0
42.0,233.0,197.0,192.0,207.0,176.0,64.0,41.0,160.0,210.0,168.0,145.0,173.0,63.0,32.0,118.0,219.0,197.0,195.0,137.0,73.0,30.0,206.0,180.0,186.0,185.0,183.0,90.0,30.0,239.0,197.0,226.0,205.0,176.0,79.0,39.0,266.0,255.0,160.0,174.0,213.0,87.0,36.0,218.0,207.0,225.0,203.0,214.0,67.0,28.0,226.0,204.0,159.0,162.0,0.0,46.0,36.0,199.0,228.0,171.0,247.0,174.0,79.0,32.0,163.0,221.0,132.0,218.0,231.0,94.0,50.0,205.0,205.0,192.0,267.0,190.0,64.0,39.0,258.0,194.0,189.0,204.0,197.0,76.0,42.0,231.0,198.0,207.0,214.0,137.0,80.0,43.0,255.0,223.0,112.0,224.0,170.0,78.0,37.0,267.0,231.0,0.0,217.0,182.0,72.0,9.0,194.0,188.0,199.0,210.0,205.0,93.0,50.0,239.0,204.0,199.0,219.0,190.0,88.0,50.0,169.0,248.0,213.0,172.0,214.0,59.0,38.0,262.0,241.0,231.0,272.0,255.0,64.0,46.0,270.0,297.0,243.0,251.0,239.0,89.0,51.0,348.0,264.0,264.0,210.0,214.0,56.0,31.0,64.0,311.0,261.0,239.0,253.0,102.0,43.0,228.0,312.0,225.0,274.0,180.0,105.0,50.0,228.0,254.0,220.0,267.0,253.0,103.0,40.0,264.0,284.0,260.0,237.0,248.0,110.0,46.0,276.0,211.0,298.0,270.0,236.0,104.0,52.0,128.0,65.0,234.0,250.0,270.0,104.0,52.0,278.0,268.0,235.0,227.0,230.0,132.0,41.0,232.0,292.0,271.0,230.0,238.0,101.0,68.0,283.0,293.0,258.0,227.0,243.0,86.0,65.0,306.0,248.0,263.0,275.0,248.0,95.0,54.0,286.0,252.0,204.0,260.0,183.0,104.0,55.0,212.0,285.0,264.0,241.0,277.0,104.0,46.0,213.0,217.0,293.0,276.0,246.0,95.0,69.0,265.0,287.0,257.0,268.0,116.0,50.0,55.0,75.0,286.0,270.0,310.0,286.0,64.0,52.0,277.0,216.0,273.0,291.0,244.0,62.0,45.0,270.0,248.0,273.0,280.0,185.0,118.0,55.0,254.0,231.0,258.0,239.0,275.0,66.0,39.0,262.0,255.0,239.0,284.0,241.0,84.0,55.0,253.0,280.0,245.0,229.0,230.0,108.0,57.0,263.0,275.0,245.0,250.0,234.0,90.0,69.0,244.0,225.0,283.0,241.0,243.0,110.0,47.0,293.0,266.0,280.0,281.0,225.0,104.0,57.0,259.0,265.0,262.0,257.0,251.0,88.0,31.0,248.0,270.0,260.0,249.0,225.0,105.0,28.0,282.0,254.0,235.0,45.0,110.0,88.0,43.0,286.0,228.0,239.0,239.0,256.0,107.0,53.0,255.0,275.0,285.0,237.0,176.0,49.0,42.0,248.0,237.0,195.0,234.0,233.0,61.0,51.0,263.0,278.0,239.0,236.0,209.0,70.0,30.0,26.0,169.0,229.0,181.0,178.0,79.0,44.0
40.0,237.0,251.0,196.0,234.0,251.0,85.0,27.0,200.0,218.0,205.0,216.0,221.0,87.0,41.0,155.0,242.0,187.0,223.0,186.0,85.0,52.0,202.0,236.0,216.0,233.0,241.0,91.0,38.0,224.0,272.0,217.0,241.0,255.0,60.0,28.0,243.0,234.0,199.0,271.0,181.0,86.0,37.0,287.0,275.0,242.0,291.0,168.0,71.0,28.0,234.0,255.0,128.0,94.0,0.0,48.0,28.0,158.0,225.0,226.0,198.0,242.0,78.0,29.0,283.0,238.0,228.0,219.0,241.0,84.0,32.0,269.0,245.0,263.0,234.0,230.0,81.0,44.0,265.0,249.0,241.0,227.0,214.0,75.0,25.0,279.0,246.0,244.0,248.0,190.0,73.0,51.0,227.0,259.0,272.0,228.0,239.0,70.0,46.0,257.0,267.0,0.0,234.0,213.0,64.0,28.0,274.0,259.0,223.0,234.0,239.0,96.0,37.0,249.0,198.0,238.0,268.0,236.0,112.0,42.0,289.0,251.0,258.0,236.0,200.0,78.0,59.0,241.0,271.0,295.0,250.0,256.0,49.0,41.0,290.0,278.0,270.0,274.0,252.0,90.0,66.0,237.0,252.0,264.0,286.0,200.0,65.0,45.0,45.0,243.0,256.0,255.0,228.0,89.0,47.0,319.0,258.0,271.0,268.0,257.0,91.0,49.0,303.0,297.0,276.0,291.0,294.0,85.0,36.0,317.0,290.0,317.0,304.0,251.0,96.0,54.0,299.0,279.0,250.0,323.0,301.0,88.0,60.0,172.0,66.0,285.0,301.0,336.0,98.0,57.0,289.0,290.0,243.0,293.0,304.0,109.0,60.0,338.0,263.0,342.0,245.0,271.0,108.0,56.0,324.0,265.0,227.0,273.0,226.0,91.0,51.0,300.0,383.0,320.0,280.0,270.0,116.0,54.0,273.0,294.0,313.0,313.0,314.0,99.0,68.0,167.0,266.0,303.0,317.0,295.0,119.0,57.0,383.0,239.0,284.0,308.0,260.0,104.0,59.0,315.0,330.0,307.0,306.0,183.0,111.0,59.0,62.0,294.0,317.0,292.0,266.0,104.0,48.0,354.0,358.0,308.0,283.0,319.0,67.0,41.0,294.0,291.0,307.0,253.0,293.0,86.0,51.0,325.0,348.0,308.0,223.0,289.0,67.0,48.0,305.0,256.0,279.0,265.0,258.0,125.0,45.0,309.0,257.0,279.0,257.0,236.0,87.0,55.0,192.0,276.0,278.0,257.0,260.0,86.0,70.0,336.0,309.0,261.0,266.0,242.0,113.0,65.0,326.0,289.0,253.0,311.0,273.0,107.0,58.0,319.0,283.0,272.0,250.0,230.0,89.0,46.0,239.0,296.0,283.0,308.0,279.0,105.0,42.0,329.0,299.0,274.0,47.0,99.0,78.0,87.0,306.0,312.0,281.0,257.0,299.0,101.0,38.0,328.0,301.0,274.0,269.0,241.0,60.0,44.0,331.0,290.0,303.0,249.0,214.0,71.0,47.0,292.0,315.0,256.0,252.0,19.0,56.0,51.0,21.0,164.0,205.0,167.0,157.0,102.0,38.0
42.0,267.0,278.0,228.0,215.0,212.0,72.0,38.0,200.0,235.0,234.0,222.0,274.0,81.0,39.0,197.0,307.0,263.0,240.0,212.0,91.0,31.0,298.0,255.0,239.0,224.0,262.0,84.0,50.0,286.0,282.0,243.0,260.0,226.0,84.0,43.0,259.0,240.0,166.0,237.0,266.0,95.0,53.0,280.0,266.0,317.0,252.0,200.0,77.0,37.0,281.0,261.0,90.0,67.0,0.0,83.0,22.0,237.0,310.0,228.0,278.0,195.0,88.0,46.0,317.0,292.0,188.0,292.0,277.0,94.0,42.0,290.0,249.0,290.0,289.0,244.0,94.0,50.0,216.0,239.0,229.0,266.0,206.0,100.0,42.0,283.0,302.0,251.0,269.0,226.0,82.0,53.0,266.0,288.0,257.0,298.0,234.0,89.0,45.0,254.0,269.0,0.0,223.0,220.0,81.0,67.0,282.0,248.0,242.0,274.0,278.0,82.0,36.0,289.0,320.0,307.0,251.0,266.0,100.0,44.0,316.0,289.0,270.0,313.0,269.0,74.0,36.0,270.0,308.0,277.0,300.0,260.0,66.0,42.0,317.0,288.0,298.0,282.0,267.0,69.0,44.0,276.0,312.0,279.0,289.0,240.0,91.0,44.0,76.0,289.0,332.0,274.0,302.0,103.0,46.0,256.0,276.0,324.0,288.0,252.0,125.0,56.0,310.0,271.0,316.0,285.0,264.0,106.0,45.0,267.0,327.0,293.0,278.0,316.0,102.0,50.0,313.0,315.0,298.0,324.0,271.0,85.0,52.0,161.0,53.0,261.0,295.0,291.0,109.0,53.0,381.0,323.0,258.0,334.0,288.0,134.0,46.0,335.0,310.0,270.0,322.0,300.0,118.0,57.0,319.0,334.0,309.0,239.0,224.0,109.0,59.0,312.0,250.0,293.0,270.0,294.0,89.0,56.0,314.0,355.0,287.0,332.0,304.0,92.0,48.0,197.0,321.0,330.0,277.0,277.0,104.0,64.0,355.0,328.0,258.0,336.0,290.0,108.0,56.0,346.0,318.0,335.0,304.0,211.0,71.0,56.0,63.0,369.0,316.0,317.0,258.0,99.0,48.0,279.0,288.0,321.0,294.0,312.0,140.0,65.0,356.0,336.0,288.0,328.0,356.0,108.0,48.0,299.0,293.0,273.0,259.0,274.0,106.0,59.0,320.0,297.0,281.0,305.0,245.0,100.0,52.0,317.0,323.0,306.0,362.0,346.0,113.0,45.0,315.0,315.0,322.0,261.0,258.0,117.0,36.0,345.0,350.0,356.0,335.0,293.0,110.0,68.0,358.0,293.0,269.0,299.0,274.0,86.0,48.0,333.0,319.0,303.0,261.0,244.0,114.0,47.0,272.0,315.0,342.0,295.0,287.0,81.0,47.0,302.0,322.0,251.0,52.0,94.0,73.0,59.0,358.0,284.0,293.0,318.0,306.0,113.0,45.0,363.0,327.0,309.0,341.0,319.0,41.0,46.0,268.0,303.0,299.0,299.0,301.0,90.0,49.0,310.0,282.0,295.0,268.0,223.0,79.0,46.0,31.0,205.0,243.0,228.0,189.0,63.0,36.0
43.0,282.0,271.0,246.0,235.0,256.0,78.0,34.0,315.0,307.0,245.0,272.0,206.0,71.0,60.0,174.0,305.0,285.0,275.0,267.0,80.0,33.0,286.0,303.0,241.0,296.0,218.0,95.0,35.0,327.0,290.0,271.0,230.0,253.0,87.0,49.0,285.0,263.0,225.0,268.0,261.0,91.0,45.0,313.0,315.0,254.0,286.0,236.0,97.0,39.0,300.0,296.0,185.0,120.0,0.0,71.0,30.0,220.0,251.0,289.0,288.0,272.0,103.0,40.0,317.0,338.0,232.0,278.0,287.0,90.0,52.0,320.0,331.0,290.0,274.0,289.0,97.0,50.0,285.0,266.0,295.0,293.0,263.0,99.0,45.0,236.0,318.0,276.0,286.0,209.0,110.0,61.0,303.0,315.0,330.0,289.0,268.0,99.0,50.0,278.0,330.0,0.0,227.0,262.0,82.0,33.0,298.0,315.0,314.0,318.0,313.0,83.0,38.0,328.0,301.0,335.0,301.0,294.0,100.0,46.0,299.0,301.0,289.0,350.0,294.0,91.0,46.0,315.0,288.0,288.0,290.0,307.0,96.0,49.0,326.0,333.0,287.0,319.0,293.0,116.0,43.0,330.0,313.0,301.0,271.0,223.0,87.0,37.0,91.0,331.0,336.0,282.0,313.0,101.0,57.0,379.0,264.0,318.0,286.0,296.0,116.0,48.0,307.0,354.0,323.0,315.0,281.0,107.0,47.0,312.0,334.0,300.0,351.0,324.0,90.0,54.0,403.0,305.0,247.0,281.0,297.0,110.0,42.0,173.0,47.0,213.0,296.0,317.0,118.0,60.0,338.0,278.0,300.0,292.0,313.0,91.0,77.0,268.0,299.0,279.0,332.0,299.0,124.0,69.0,348.0,325.0,312.0,332.0,296.0,112.0,49.0,303.0,326.0,303.0,288.0,285.0,125.0,43.0,389.0,256.0,319.0,275.0,300.0,90.0,55.0,251.0,300.0,367.0,333.0,300.0,129.0,61.0,287.0,294.0,321.0,325.0,300.0,108.0,37.0,267.0,360.0,315.0,303.0,145.0,88.0,48.0,63.0,362.0,342.0,321.0,361.0,104.0,50.0,351.0,338.0,334.0,324.0,293.0,67.0,59.0,377.0,325.0,367.0,280.0,281.0,119.0,55.0,372.0,310.0,346.0,347.0,310.0,98.0,61.0,371.0,336.0,345.0,324.0,290.0,115.0,40.0,378.0,351.0,330.0,322.0,328.0,109.0,50.0,371.0,332.0,347.0,364.0,308.0,124.0,43.0,362.0,285.0,349.0,389.0,338.0,80.0,49.0,318.0,338.0,392.0,304.0,297.0,100.0,45.0,364.0,333.0,395.0,373.0,334.0,100.0,63.0,339.0,330.0,322.0,327.0,331.0,119.0,37.0,357.0,312.0,317.0,59.0,96.0,77.0,67.0,331.0,332.0,303.0,374.0,324.0,83.0,54.0,381.0,302.0,339.0,308.0,352.0,89.0,57.0,387.0,322.0,312.0,342.0,296.0,94.0,44.0,331.0,339.0,264.0,339.0,215.0,81.0,39.0,18.0,220.0,250.0,287.0,217.0,75.0,38.0
40.0,313.0,306.0,253.0,293.0,253.0,87.0,34.0,420.0,250.0,331.0,301.0,261.0,115.0,38.0,209.0,303.0,319.0,301.0,255.0,110.0,43.0,339.0,296.0,261.0,331.0,248.0,98.0,33.0,330.0,341.0,286.0,300.0,276.0,79.0,39.0,364.0,318.0,211.0,275.0,302.0,122.0,37.0,381.0,322.0,342.0,298.0,257.0,97.0,35.0,348.0,319.0,236.0,200.0,0.0,40.0,35.0,149.0,300.0,347.0,324.0,263.0,109.0,47.0,357.0,280.0,228.0,350.0,314.0,127.0,64.0,293.0,302.0,305.0,349.0,349.0,93.0,44.0,312.0,303.0,266.0,364.0,314.0,107.0,47.0,342.0,330.0,292.0,387.0,297.0,96.0,66.0,382.0,344.0,336.0,327.0,290.0,79.0,56.0,323.0,308.0,0.0,303.0,279.0,82.0,31.0,314.0,299.0,357.0,329.0,308.0,127.0,52.0,350.0,345.0,330.0,305.0,318.0,111.0,56.0,309.0,314.0,321.0,299.0,315.0,84.0,45.0,302.0,343.0,319.0,281.0,269.0,125.0,52.0,321.0,328.0,313.0,358.0,284.0,116.0,47.0,351.0,324.0,358.0,346.0,270.0,73.0,37.0,59.0,322.0,282.0,366.0,316.0,100.0,57.0,315.0,341.0,271.0,334.0,302.0,113.0,28.0,391.0,317.0,310.0,308.0,311.0,120.0,41.0,359.0,372.0,420.0,342.0,291.0,125.0,64.0,401.0,327.0,356.0,372.0,319.0,105.0,47.0,170.0,52.0,300.0,336.0,303.0,108.0,67.0,374.0,328.0,323.0,355.0,299.0,124.0,72.0,418.0,371.0,349.0,319.0,339.0,155.0,72.0,413.0,357.0,366.0,276.0,342.0,110.0,64.0,340.0,370.0,340.0,320.0,303.0,128.0,59.0,364.0,331.0,357.0,303.0,302.0,134.0,32.0,273.0,409.0,297.0,375.0,357.0,109.0,47.0,364.0,399.0,389.0,430.0,364.0,110.0,59.0,343.0,324.0,396.0,351.0,206.0,105.0,51.0,72.0,358.0,395.0,388.0,283.0,114.0,47.0,368.0,290.0,382.0,349.0,297.0,77.0,45.0,413.0,359.0,383.0,393.0,343.0,107.0,53.0,382.0,353.0,339.0,368.0,347.0,105.0,53.0,417.0,353.0,362.0,373.0,384.0,115.0,55.0,402.0,323.0,379.0,362.0,387.0,116.0,55.0,390.0,391.0,403.0,385.0,342.0,124.0,56.0,367.0,405.0,341.0,361.0,294.0,116.0,55.0,383.0,400.0,383.0,357.0,361.0,109.0,56.0,386.0,396.0,386.0,338.0,323.0,111.0,49.0,315.0,399.0,352.0,357.0,341.0,120.0,35.0,437.0,403.0,284.0,42.0,97.0,77.0,68.0,348.0,383.0,373.0,345.0,353.0,114.0,56.0,377.0,411.0,381.0,390.0,320.0,68.0,68.0,385.0,374.0,348.0,376.0,349.0,88.0,54.0,384.0,354.0,341.0,320.0,312.0,82.0,40.0,25.0,249.0,316.0,264.0,241.0,80.0,39.0
31.0,319.0,329.0,333.0,349.0,288.0,88.0,27.0,346.0,324.0,267.0,343.0,327.0,89.0,42.0,250.0,351.0,338.0,314.0,285.0,107.0,41.0,336.0,366.0,396.0,356.0,359.0,98.0,43.0,405.0,348.0,340.0,388.0,292.0,99.0,40.0,381.0,314.0,235.0,325.0,280.0,137.0,41.0,444.0,373.0,448.0,313.0,263.0,100.0,49.0,394.0,355.0,194.0,82.0,0.0,82.0,19.0,212.0,376.0,369.0,377.0,340.0,98.0,32.0,390.0,351.0,324.0,326.0,356.0,116.0,42.0,397.0,425.0,406.0,374.0,329.0,123.0,40.0,372.0,317.0,351.0,380.0,357.0,86.0,38.0,336.0,354.0,341.0,403.0,296.0,93.0,55.0,386.0,390.0,359.0,374.0,298.0,107.0,47.0,399.0,363.0,0.0,393.0,278.0,103.0,57.0,336.0,367.0,319.0,370.0,343.0,113.0,41.0,329.0,344.0,363.0,394.0,348.0,116.0,41.0,354.0,381.0,369.0,378.0,378.0,103.0,51.0,387.0,374.0,390.0,345.0,371.0,102.0,34.0,373.0,409.0,372.0,340.0,362.0,96.0,53.0,437.0,397.0,359.0,334.0,266.0,110.0,54.0,70.0,446.0,363.0,331.0,338.0,118.0,70.0,388.0,392.0,381.0,397.0,364.0,101.0,59.0,419.0,345.0,412.0,391.0,329.0,129.0,49.0,390.0,331.0,404.0,421.0,359.0,110.0,47.0,415.0,426.0,317.0,372.0,348.0,100.0,43.0,191.0,64.0,307.0,362.0,385.0,121.0,48.0,325.0,326.0,415.0,394.0,388.0,125.0,41.0,381.0,384.0,344.0,314.0,350.0,124.0,66.0,374.0,322.0,394.0,337.0,332.0,106.0,63.0,416.0,385.0,368.0,409.0,364.0,125.0,63.0,397.0,367.0,405.0,408.0,368.0,120.0,44.0,236.0,371.0,400.0,341.0,335.0,140.0,65.0,433.0,340.0,411.0,369.0,347.0,148.0,68.0,437.0,428.0,419.0,386.0,158.0,104.0,62.0,86.0,430.0,362.0,482.0,382.0,125.0,61.0,363.0,386.0,405.0,391.0,405.0,95.0,68.0,399.0,377.0,403.0,405.0,341.0,124.0,47.0,381.0,416.0,433.0,400.0,317.0,113.0,59.0,374.0,379.0,391.0,405.0,368.0,119.0,55.0,444.0,376.0,387.0,370.0,359.0,107.0,64.0,383.0,418.0,379.0,377.0,390.0,121.0,53.0,495.0,445.0,449.0,384.0,402.0,108.0,63.0,363.0,420.0,430.0,391.0,379.0,119.0,59.0,411.0,416.0,413.0,383.0,333.0,97.0,54.0,368.0,418.0,459.0,377.0,365.0,158.0,33.0,406.0,434.0,345.0,56.0,84.0,73.0,58.0,414.0,411.0,396.0,434.0,381.0,98.0,70.0,412.0,395.0,418.0,375.0,417.0,76.0,49.0,435.0,383.0,427.0,391.0,339.0,72.0,45.0,427.0,441.0,353.0,333.0,265.0,74.0,37.0,33.0,291.0,356.0,290.0,278.0,75.0,40.0
44.0,392.0,395.0,312.0,374.0,370.0,96.0,50.0,412.0,353.0,378.0,384.0,353.0,104.0,36.0,235.0,412.0,383.0,368.0,326.0,91.0,50.0,393.0,334.0,374.0,429.0,370.0,103.0,40.0,372.0,375.0,385.0,371.0,359.0,119.0,42.0,347.0,388.0,242.0,361.0,339.0,105.0,48.0,384.0,386.0,392.0,372.0,369.0,89.0,47.0,379.0,376.0,262.0,348.0,0.0,24.0,22.0,232.0,368.0,395.0,358.0,330.0,120.0,50.0,387.0,398.0,338.0,380.0,387.0,120.0,48.0,486.0,334.0,395.0,396.0,368.0,120.0,53.0,381.0,386.0,377.0,345.0,342.0,109.0,56.0,403.0,410.0,370.0,379.0,242.0,113.0,56.0,448.0,386.0,419.0,347.0,326.0,107.0,61.0,429.0,429.0,0.0,351.0,277.0,93.0,27.0,325.0,377.0,428.0,391.0,341.0,117.0,50.0,406.0,383.0,390.0,407.0,382.0,86.0,41.0,428.0,399.0,411.0,360.0,383.0,106.0,63.0,324.0,421.0,379.0,431.0,333.0,95.0,48.0,439.0,361.0,394.0,427.0,347.0,127.0,51.0,393.0,406.0,408.0,379.0,347.0,80.0,46.0,77.0,340.0,382.0,473.0,372.0,136.0,53.0,420.0,418.0,347.0,467.0,359.0,130.0,64.0,423.0,404.0,373.0,417.0,314.0,125.0,58.0,373.0,421.0,404.0,376.0,331.0,121.0,51.0,387.0,404.0,408.0,425.0,402.0,106.0,50.0,193.0,67.0,366.0,417.0,315.0,139.0,55.0,403.0,412.0,403.0,432.0,355.0,126.0,40.0,437.0,398.0,405.0,376.0,377.0,128.0,85.0,402.0,418.0,365.0,429.0,386.0,149.0,64.0,443.0,419.0,379.0,399.0,365.0,139.0,56.0,401.0,419.0,369.0,423.0,444.0,120.0,68.0,305.0,377.0,408.0,335.0,384.0,137.0,73.0,399.0,432.0,405.0,392.0,387.0,140.0,70.0,456.0,402.0,369.0,397.0,210.0,87.0,66.0,62.0,416.0,416.0,459.0,376.0,136.0,64.0,442.0,454.0,406.0,428.0,385.0,88.0,72.0,399.0,461.0,428.0,397.0,403.0,141.0,59.0,426.0,421.0,430.0,460.0,457.0,114.0,67.0,404.0,437.0,449.0,436.0,409.0,132.0,58.0,426.0,443.0,434.0,423.0,318.0,123.0,50.0,461.0,427.0,443.0,442.0,297.0,120.0,57.0,369.0,390.0,433.0,436.0,359.0,111.0,56.0,482.0,427.0,431.0,470.0,375.0,112.0,57.0,442.0,426.0,469.0,426.0,403.0,107.0,65.0,332.0,454.0,491.0,463.0,421.0,125.0,41.0,348.0,427.0,416.0,44.0,89.0,81.0,78.0,428.0,456.0,468.0,406.0,429.0,148.0,67.0,383.0,405.0,427.0,480.0,433.0,80.0,50.0,410.0,436.0,436.0,437.0,426.0,77.0,49.0,454.0,409.0,357.0,386.0,296.0,74.0,47.0,25.0,172.0,336.0,306.0,298.0,76.0,50.0
38.0,427.0,395.0,359.0,392.0,342.0,97.0,37.0,364.0,387.0,400.0,386.0,402.0,115.0,41.0,262.0,353.0,453.0,438.0,315.0,98.0,48.0,427.0,390.0,407.0,449.0,386.0,132.0,34.0,394.0,443.0,432.0,362.0,401.0,75.0,41.0,409.0,417.0,262.0,382.0,350.0,130.0,42.0,425.0,465.0,429.0,417.0,214.0,94.0,31.0,417.0,435.0,202.0,250.0,0.0,44.0,22.0,190.0,423.0,439.0,384.0,402.0,123.0,32.0,420.0,382.0,348.0,411.0,400.0,101.0,39.0,385.0,451.0,384.0,440.0,407.0,112.0,47.0,405.0,432.0,336.0,433.0,351.0,117.0,40.0,407.0,433.0,403.0,403.0,288.0,113.0,51.0,406.0,425.0,378.0,423.0,359.0,113.0,37.0,443.0,442.0,0.0,394.0,367.0,110.0,65.0,382.0,449.0,366.0,358.0,410.0,112.0,48.0,406.0,412.0,439.0,432.0,386.0,107.0,57.0,442.0,275.0,440.0,452.0,324.0,144.0,40.0,383.0,480.0,498.0,280.0,371.0,115.0,47.0,420.0,422.0,364.0,456.0,410.0,111.0,63.0,449.0,416.0,435.0,396.0,318.0,102.0,44.0,70.0,432.0,388.0,413.0,392.0,119.0,61.0,438.0,401.0,436.0,399.0,390.0,109.0,59.0,399.0,414.0,424.0,412.0,372.0,135.0,59.0,411.0,476.0,422.0,445.0,426.0,166.0,64.0,440.0,401.0,456.0,452.0,374.0,138.0,56.0,206.0,76.0,421.0,422.0,359.0,148.0,57.0,459.0,380.0,457.0,447.0,405.0,128.0,70.0,446.0,395.0,413.0,445.0,455.0,131.0,61.0,464.0,414.0,416.0,375.0,408.0,119.0,62.0,443.0,440.0,443.0,370.0,382.0,121.0,49.0,452.0,353.0,449.0,456.0,409.0,158.0,69.0,236.0,480.0,458.0,402.0,399.0,133.0,68.0,444.0,391.0,439.0,392.0,409.0,142.0,55.0,445.0,435.0,463.0,400.0,215.0,85.0,60.0,81.0,297.0,448.0,428.0,410.0,147.0,51.0,484.0,449.0,452.0,432.0,443.0,78.0,46.0,482.0,453.0,447.0,435.0,407.0,114.0,65.0,471.0,465.0,465.0,435.0,451.0,114.0,58.0,424.0,450.0,468.0,431.0,429.0,108.0,63.0,455.0,487.0,440.0,491.0,451.0,154.0,72.0,421.0,454.0,392.0,440.0,394.0,111.0,55.0,445.0,497.0,436.0,418.0,466.0,135.0,65.0,384.0,383.0,492.0,471.0,374.0,104.0,64.0,434.0,457.0,458.0,424.0,407.0,109.0,59.0,360.0,431.0,475.0,423.0,458.0,113.0,37.0,448.0,441.0,395.0,47.0,102.0,74.0,50.0,430.0,429.0,457.0,486.0,449.0,129.0,46.0,458.0,423.0,446.0,440.0,433.0,70.0,50.0,478.0,456.0,470.0,474.0,424.0,103.0,52.0,496.0,487.0,449.0,426.0,374.0,98.0,47.0,20.0,248.0,396.0,356.0,279.0,87.0,50.0
42.0,410.0,464.0,416.0,382.0,428.0,96.0,51.0,413.0,356.0,423.0,444.0,408.0,80.0,48.0,267.0,484.0,378.0,424.0,361.0,85.0,40.0,333.0,457.0,440.0,442.0,412.0,112.0,44.0,452.0,474.0,408.0,447.0,393.0,108.0,39.0,394.0,364.0,313.0,417.0,365.0,123.0,48.0,424.0,429.0,423.0,384.0,353.0,93.0,44.0,404.0,442.0,242.0,189.0,0.0,95.0,12.0,271.0,428.0,432.0,416.0,436.0,117.0,67.0,420.0,466.0,421.0,290.0,433.0,151.0,34.0,454.0,453.0,446.0,426.0,387.0,90.0,60.0,407.0,403.0,370.0,404.0,389.0,91.0,56.0,463.0,398.0,399.0,431.0,418.0,117.0,60.0,461.0,437.0,498.0,471.0,318.0,125.0,61.0,467.0,404.0,0.0,399.0,381.0,87.0,46.0,404.0,378.0,357.0,429.0,355.0,122.0,59.0,457.0,418.0,458.0,366.0,405.0,141.0,66.0,420.0,264.0,460.0,450.0,449.0,133.0,38.0,468.0,391.0,414.0,326.0,430.0,119.0,63.0,439.0,472.0,471.0,406.0,405.0,146.0,55.0,490.0,460.0,446.0,484.0,382.0,94.0,59.0,113.0,422.0,417.0,424.0,463.0,156.0,74.0,439.0,427.0,442.0,396.0,356.0,135.0,58.0,505.0,484.0,490.0,391.0,460.0,132.0,46.0,464.0,442.0,453.0,427.0,394.0,133.0,55.0,437.0,467.0,484.0,391.0,429.0,132.0,58.0,204.0,64.0,291.0,391.0,413.0,151.0,60.0,405.0,413.0,410.0,428.0,422.0,174.0,71.0,378.0,471.0,412.0,424.0,446.0,131.0,62.0,384.0,498.0,484.0,472.0,443.0,171.0,64.0,438.0,474.0,489.0,413.0,385.0,156.0,79.0,466.0,319.0,436.0,447.0,457.0,133.0,55.0,285.0,485.0,409.0,446.0,463.0,157.0,63.0,453.0,515.0,511.0,464.0,444.0,151.0,61.0,479.0,421.0,433.0,445.0,221.0,152.0,65.0,64.0,262.0,492.0,438.0,428.0,129.0,50.0,472.0,391.0,463.0,490.0,456.0,97.0,51.0,442.0,484.0,488.0,459.0,397.0,90.0,74.0,449.0,503.0,450.0,417.0,425.0,117.0,55.0,425.0,440.0,419.0,443.0,435.0,148.0,59.0,415.0,472.0,451.0,427.0,476.0,145.0,59.0,462.0,460.0,438.0,419.0,419.0,119.0,75.0,449.0,380.0,452.0,420.0,448.0,110.0,67.0,447.0,475.0,436.0,493.0,397.0,100.0,64.0,443.0,463.0,515.0,417.0,394.0,118.0,65.0,418.0,413.0,504.0,422.0,444.0,148.0,27.0,442.0,387.0,492.0,50.0,116.0,85.0,66.0,430.0,450.0,408.0,359.0,421.0,129.0,64.0,456.0,325.0,459.0,524.0,436.0,71.0,52.0,501.0,380.0,476.0,455.0,424.0,124.0,52.0,470.0,477.0,430.0,390.0,405.0,81.0,38.0,29.0,323.0,337.0,361.0,343.0,78.0,39.0
47.0,395.0,479.0,398.0,429.0,394.0,80.0,39.0,432.0,425.0,398.0,446.0,449.0,117.0,49.0,371.0,449.0,431.0,456.0,373.0,93.0,36.0,424.0,477.0,454.0,395.0,409.0,103.0,59.0,466.0,490.0,393.0,416.0,372.0,87.0,57.0,424.0,392.0,279.0,462.0,340.0,142.0,61.0,479.0,458.0,442.0,423.0,380.0,102.0,51.0,453.0,453.0,234.0,144.0,0.0,68.0,20.0,307.0,475.0,513.0,412.0,323.0,127.0,42.0,462.0,480.0,350.0,429.0,437.0,125.0,60.0,397.0,446.0,429.0,456.0,425.0,111.0,60.0,327.0,423.0,415.0,441.0,469.0,114.0,57.0,465.0,445.0,469.0,472.0,368.0,118.0,50.0,368.0,397.0,438.0,441.0,414.0,108.0,50.0,489.0,488.0,0.0,454.0,379.0,95.0,56.0,354.0,432.0,443.0,466.0,433.0,116.0,60.0,469.0,428.0,445.0,418.0,489.0,116.0,54.0,475.0,279.0,501.0,404.0,444.0,126.0,57.0,450.0,458.0,450.0,392.0,447.0,109.0,66.0,497.0,458.0,487.0,443.0,433.0,127.0,66.0,439.0,382.0,400.0,364.0,417.0,114.0,53.0,88.0,410.0,394.0,421.0,439.0,121.0,74.0,473.0,495.0,423.0,472.0,416.0,134.0,74.0,500.0,497.0,436.0,477.0,443.0,158.0,64.0,484.0,464.0,422.0,515.0,473.0,161.0,66.0,467.0,438.0,354.0,385.0,480.0,127.0,57.0,248.0,80.0,444.0,509.0,436.0,124.0,63.0,493.0,485.0,512.0,462.0,417.0,139.0,76.0,400.0,463.0,484.0,422.0,456.0,139.0,70.0,408.0,394.0,403.0,475.0,406.0,137.0,62.0,469.0,456.0,426.0,436.0,383.0,147.0,56.0,262.0,289.0,365.0,427.0,430.0,130.0,62.0,452.0,448.0,462.0,446.0,468.0,124.0,67.0,453.0,467.0,471.0,491.0,418.0,163.0,50.0,419.0,438.0,381.0,453.0,355.0,110.0,58.0,76.0,292.0,424.0,372.0,404.0,148.0,47.0,410.0,252.0,444.0,390.0,432.0,87.0,48.0,372.0,399.0,487.0,483.0,399.0,122.0,71.0,382.0,314.0,411.0,421.0,454.0,152.0,47.0,446.0,420.0,439.0,406.0,454.0,159.0,60.0,347.0,480.0,393.0,507.0,415.0,104.0,68.0,459.0,432.0,479.0,468.0,473.0,128.0,55.0,495.0,450.0,455.0,457.0,419.0,122.0,59.0,429.0,432.0,438.0,420.0,432.0,101.0,60.0,442.0,451.0,485.0,416.0,468.0,131.0,70.0,466.0,438.0,425.0,396.0,459.0,149.0,30.0,351.0,441.0,440.0,83.0,117.0,83.0,71.0,376.0,472.0,469.0,436.0,428.0,140.0,73.0,445.0,430.0,468.0,492.0,471.0,95.0,61.0,463.0,485.0,375.0,451.0,500.0,98.0,64.0,322.0,291.0,426.0,381.0,346.0,84.0,55.0,30.0,284.0,401.0,365.0,283.0,91.0,48.0
54.0,351.0,454.0,432.0,476.0,455.0,93.0,49.0,375.0,390.0,467.0,414.0,452.0,113.0,42.0,256.0,459.0,477.0,454.0,399.0,115.0,41.0,448.0,443.0,0.0,475.0,434.0,139.0,57.0,456.0,268.0,517.0,464.0,336.0,96.0,47.0,440.0,372.0,174.0,458.0,406.0,142.0,59.0,389.0,418.0,476.0,385.0,343.0,103.0,37.0,437.0,385.0,244.0,276.0,0.0,50.0,38.0,295.0,492.0,418.0,530.0,456.0,115.0,65.0,441.0,383.0,459.0,463.0,365.0,129.0,65.0,432.0,516.0,456.0,437.0,520.0,138.0,63.0,314.0,369.0,364.0,436.0,301.0,125.0,50.0,334.0,487.0,458.0,497.0,332.0,110.0,63.0,481.0,480.0,329.0,370.0,397.0,135.0,68.0,420.0,469.0,0.0,476.0,408.0,111.0,38.0,420.0,452.0,452.0,463.0,485.0,103.0,60.0,454.0,382.0,445.0,460.0,413.0,124.0,68.0,479.0,297.0,434.0,369.0,429.0,132.0,70.0,454.0,480.0,421.0,352.0,461.0,118.0,52.0,411.0,459.0,457.0,483.0,450.0,141.0,52.0,473.0,380.0,465.0,475.0,354.0,118.0,44.0,86.0,432.0,427.0,442.0,395.0,137.0,72.0,502.0,480.0,427.0,440.0,345.0,160.0,58.0,507.0,481.0,384.0,452.0,393.0,126.0,58.0,274.0,438.0,431.0,425.0,447.0,132.0,69.0,379.0,368.0,340.0,423.0,376.0,83.0,60.0,239.0,57.0,177.0,468.0,395.0,172.0,78.0,437.0,438.0,467.0,435.0,408.0,151.0,79.0,361.0,437.0,489.0,426.0,462.0,152.0,67.0,434.0,446.0,435.0,425.0,432.0,130.0,87.0,489.0,458.0,435.0,383.0,462.0,145.0,90.0,423.0,370.0,391.0,346.0,398.0,103.0,76.0,402.0,461.0,472.0,418.0,426.0,130.0,55.0,464.0,378.0,363.0,483.0,429.0,174.0,69.0,453.0,488.0,394.0,0.0,392.0,104.0,71.0,76.0,280.0,417.0,401.0,415.0,144.0,81.0,290.0,428.0,416.0,423.0,436.0,98.0,54.0,407.0,423.0,358.0,412.0,406.0,125.0,73.0,407.0,349.0,319.0,358.0,461.0,137.0,51.0,430.0,382.0,444.0,399.0,461.0,123.0,68.0,358.0,428.0,470.0,464.0,431.0,110.0,71.0,406.0,391.0,439.0,424.0,398.0,96.0,65.0,327.0,468.0,382.0,343.0,450.0,159.0,72.0,367.0,460.0,392.0,429.0,397.0,100.0,70.0,368.0,451.0,364.0,317.0,428.0,142.0,78.0,425.0,462.0,248.0,431.0,395.0,141.0,43.0,369.0,464.0,426.0,62.0,115.0,88.0,69.0,354.0,314.0,361.0,455.0,402.0,157.0,81.0,410.0,404.0,356.0,308.0,458.0,113.0,71.0,460.0,452.0,385.0,427.0,436.0,71.0,68.0,296.0,335.0,385.0,418.0,345.0,91.0,39.0,21.0,290.0,366.0,422.0,303.0,100.0,34.0
54.0,403.0,385.0,414.0,432.0,396.0,99.0,54.0,451.0,346.0,454.0,444.0,416.0,122.0,61.0,298.0,306.0,405.0,371.0,355.0,82.0,51.0,418.0,274.0,392.0,471.0,320.0,99.0,63.0,409.0,404.0,422.0,432.0,413.0,99.0,57.0,316.0,393.0,230.0,454.0,317.0,132.0,61.0,401.0,222.0,430.0,415.0,399.0,92.0,46.0,387.0,328.0,104.0,193.0,0.0,27.0,60.0,144.0,366.0,435.0,462.0,399.0,127.0,46.0,423.0,355.0,285.0,418.0,443.0,131.0,52.0,326.0,295.0,451.0,415.0,362.0,106.0,64.0,278.0,429.0,374.0,449.0,387.0,96.0,32.0,436.0,456.0,468.0,347.0,284.0,139.0,60.0,419.0,326.0,433.0,420.0,395.0,102.0,62.0,436.0,334.0,0.0,396.0,391.0,118.0,55.0,355.0,279.0,414.0,460.0,374.0,114.0,65.0,398.0,396.0,443.0,458.0,425.0,162.0,55.0,437.0,285.0,438.0,410.0,455.0,136.0,76.0,428.0,460.0,477.0,413.0,465.0,113.0,55.0,403.0,411.0,477.0,463.0,457.0,140.0,82.0,419.0,329.0,372.0,392.0,335.0,136.0,70.0,78.0,335.0,309.0,451.0,384.0,163.0,77.0,389.0,372.0,432.0,428.0,400.0,159.0,56.0,379.0,302.0,316.0,467.0,470.0,153.0,50.0,389.0,381.0,486.0,291.0,389.0,167.0,75.0,436.0,398.0,395.0,334.0,398.0,140.0,63.0,266.0,69.0,342.0,402.0,459.0,142.0,92.0,374.0,358.0,438.0,298.0,416.0,169.0,65.0,271.0,269.0,410.0,329.0,383.0,147.0,78.0,345.0,416.0,448.0,334.0,355.0,140.0,71.0,357.0,275.0,348.0,350.0,405.0,151.0,76.0,417.0,337.0,271.0,377.0,442.0,148.0,62.0,304.0,416.0,432.0,314.0,403.0,155.0,78.0,352.0,390.0,334.0,301.0,405.0,136.0,54.0,255.0,320.0,385.0,349.0,379.0,103.0,72.0,73.0,304.0,274.0,428.0,433.0,182.0,69.0,400.0,345.0,361.0,342.0,402.0,91.0,73.0,379.0,405.0,341.0,419.0,402.0,141.0,68.0,384.0,410.0,440.0,317.0,406.0,123.0,67.0,402.0,400.0,352.0,380.0,445.0,177.0,47.0,408.0,244.0,389.0,387.0,363.0,138.0,75.0,369.0,396.0,340.0,381.0,345.0,162.0,74.0,353.0,257.0,221.0,413.0,404.0,140.0,64.0,373.0,393.0,380.0,356.0,337.0,138.0,63.0,365.0,315.0,412.0,340.0,360.0,132.0,70.0,402.0,400.0,334.0,293.0,272.0,156.0,58.0,374.0,375.0,441.0,54.0,102.0,101.0,75.0,395.0,299.0,296.0,364.0,407.0,161.0,81.0,381.0,449.0,381.0,350.0,432.0,95.0,63.0,398.0,416.0,439.0,454.0,424.0,112.0,74.0,424.0,412.0,363.0,428.0,331.0,74.0,49.0,21.0,296.0,389.0,370.0,337.0,125.0,51.0
56.0,332.0,410.0,360.0,403.0,449.0,105.0,60.0,350.0,389.0,434.0,287.0,435.0,97.0,59.0,329.0,334.0,432.0,372.0,357.0,98.0,39.0,356.0,369.0,458.0,345.0,448.0,114.0,58.0,426.0,431.0,441.0,428.0,399.0,129.0,46.0,412.0,393.0,224.0,421.0,375.0,161.0,58.0,438.0,393.0,359.0,410.0,274.0,96.0,53.0,410.0,392.0,145.0,175.0,0.0,53.0,16.0,235.0,365.0,392.0,441.0,374.0,119.0,69.0,430.0,433.0,364.0,440.0,387.0,93.0,69.0,386.0,368.0,350.0,425.0,381.0,127.0,59.0,416.0,344.0,338.0,357.0,308.0,123.0,76.0,422.0,398.0,460.0,331.0,335.0,130.0,40.0,413.0,372.0,457.0,412.0,364.0,139.0,59.0,447.0,415.0,0.0,400.0,357.0,108.0,47.0,409.0,288.0,407.0,377.0,438.0,150.0,71.0,388.0,401.0,437.0,328.0,384.0,146.0,51.0,354.0,289.0,279.0,431.0,341.0,132.0,73.0,364.0,423.0,342.0,348.0,411.0,153.0,61.0,405.0,389.0,304.0,385.0,408.0,155.0,78.0,344.0,296.0,321.0,432.0,402.0,146.0,53.0,102.0,416.0,384.0,455.0,379.0,147.0,85.0,221.0,332.0,438.0,466.0,407.0,111.0,77.0,274.0,376.0,423.0,345.0,365.0,165.0,67.0,427.0,338.0,340.0,372.0,410.0,144.0,76.0,415.0,422.0,423.0,375.0,389.0,146.0,77.0,262.0,70.0,359.0,417.0,407.0,152.0,73.0,381.0,347.0,425.0,423.0,414.0,160.0,71.0,329.0,393.0,410.0,364.0,418.0,183.0,72.0,393.0,399.0,376.0,277.0,399.0,135.0,69.0,308.0,409.0,263.0,365.0,402.0,133.0,54.0,338.0,398.0,353.0,388.0,341.0,147.0,64.0,408.0,262.0,303.0,421.0,358.0,156.0,81.0,402.0,407.0,357.0,329.0,379.0,133.0,53.0,402.0,392.0,360.0,428.0,286.0,115.0,62.0,67.0,264.0,297.0,409.0,440.0,138.0,91.0,328.0,379.0,322.0,276.0,385.0,91.0,71.0,266.0,327.0,414.0,384.0,385.0,143.0,67.0,341.0,429.0,407.0,396.0,439.0,126.0,81.0,356.0,332.0,390.0,379.0,406.0,145.0,79.0,400.0,321.0,277.0,243.0,394.0,150.0,70.0,389.0,420.0,255.0,382.0,392.0,138.0,57.0,400.0,358.0,375.0,442.0,416.0,120.0,67.0,420.0,317.0,298.0,401.0,362.0,147.0,70.0,405.0,345.0,288.0,370.0,334.0,144.0,70.0,299.0,430.0,400.0,273.0,345.0,151.0,47.0,418.0,366.0,317.0,59.0,121.0,97.0,58.0,326.0,375.0,412.0,389.0,431.0,140.0,74.0,382.0,269.0,327.0,389.0,431.0,84.0,77.0,363.0,291.0,364.0,374.0,395.0,91.0,67.0,403.0,394.0,315.0,414.0,364.0,96.0,62.0,30.0,269.0,385.0,386.0,346.0,104.0,59.0
63.0,364.0,369.0,313.0,384.0,407.0,92.0,60.0,377.0,303.0,348.0,422.0,377.0,110.0,65.0,296.0,398.0,403.0,322.0,310.0,93.0,65.0,398.0,420.0,401.0,394.0,390.0,156.0,60.0,370.0,358.0,275.0,372.0,398.0,128.0,54.0,377.0,309.0,263.0,291.0,427.0,148.0,73.0,415.0,254.0,372.0,344.0,312.0,128.0,61.0,382.0,330.0,223.0,294.0,0.0,68.0,23.0,203.0,427.0,295.0,320.0,448.0,134.0,54.0,430.0,445.0,283.0,394.0,402.0,130.0,67.0,439.0,407.0,273.0,264.0,390.0,142.0,60.0,373.0,378.0,376.0,408.0,339.0,137.0,58.0,416.0,410.0,429.0,362.0,228.0,143.0,67.0,419.0,283.0,411.0,431.0,369.0,128.0,59.0,390.0,432.0,0.0,405.0,317.0,102.0,47.0,321.0,383.0,384.0,306.0,396.0,116.0,50.0,406.0,351.0,307.0,318.0,375.0,106.0,82.0,345.0,279.0,376.0,409.0,408.0,148.0,57.0,287.0,420.0,216.0,360.0,391.0,146.0,54.0,346.0,395.0,392.0,426.0,439.0,163.0,69.0,385.0,279.0,238.0,356.0,266.0,135.0,58.0,74.0,389.0,324.0,286.0,445.0,137.0,72.0,391.0,420.0,416.0,384.0,449.0,141.0,73.0,416.0,381.0,445.0,413.0,359.0,186.0,75.0,385.0,280.0,357.0,379.0,369.0,129.0,72.0,319.0,391.0,360.0,365.0,374.0,118.0,81.0,242.0,67.0,393.0,352.0,422.0,136.0,72.0,329.0,453.0,401.0,421.0,421.0,147.0,70.0,315.0,405.0,395.0,401.0,370.0,147.0,74.0,367.0,401.0,398.0,349.0,384.0,141.0,89.0,386.0,278.0,407.0,396.0,367.0,149.0,83.0,342.0,356.0,398.0,325.0,392.0,150.0,67.0,357.0,377.0,379.0,415.0,376.0,132.0,57.0,375.0,454.0,361.0,398.0,379.0,156.0,65.0,376.0,388.0,292.0,328.0,338.0,121.0,67.0,75.0,260.0,298.0,365.0,347.0,166.0,57.0,364.0,379.0,333.0,396.0,407.0,96.0,60.0,343.0,278.0,403.0,357.0,395.0,175.0,73.0,305.0,244.0,402.0,309.0,332.0,123.0,49.0,364.0,198.0,405.0,361.0,351.0,142.0,75.0,351.0,231.0,384.0,367.0,314.0,141.0,69.0,402.0,335.0,399.0,381.0,405.0,130.0,81.0,416.0,391.0,393.0,307.0,415.0,155.0,61.0,348.0,334.0,361.0,277.0,369.0,123.0,71.0,383.0,324.0,404.0,348.0,363.0,143.0,62.0,324.0,335.0,364.0,262.0,380.0,163.0,55.0,268.0,363.0,371.0,59.0,121.0,97.0,63.0,319.0,415.0,337.0,360.0,411.0,185.0,68.0,307.0,360.0,328.0,420.0,320.0,94.0,83.0,309.0,376.0,358.0,327.0,379.0,97.0,80.0,418.0,408.0,278.0,316.0,341.0,123.0,42.0,34.0,315.0,379.0,355.0,316.0,109.0,65.0
77.0,340.0,140.0,350.0,399.0,400.0,111.0,42.0,228.0,265.0,345.0,389.0,402.0,126.0,72.0,292.0,350.0,371.0,298.0,338.0,106.0,48.0,358.0,428.0,308.0,414.0,395.0,142.0,81.0,362.0,407.0,347.0,398.0,337.0,115.0,66.0,425.0,343.0,146.0,365.0,335.0,143.0,59.0,419.0,355.0,417.0,348.0,315.0,113.0,50.0,406.0,387.0,243.0,316.0,0.0,52.0,39.0,315.0,415.0,371.0,278.0,419.0,123.0,54.0,389.0,383.0,390.0,371.0,423.0,126.0,56.0,434.0,314.0,381.0,392.0,389.0,123.0,61.0,308.0,347.0,248.0,404.0,374.0,149.0,60.0,390.0,406.0,372.0,334.0,236.0,146.0,57.0,380.0,340.0,363.0,406.0,263.0,116.0,42.0,324.0,352.0,0.0,332.0,318.0,112.0,31.0,419.0,378.0,380.0,397.0,363.0,131.0,60.0,393.0,443.0,434.0,378.0,299.0,129.0,55.0,319.0,271.0,409.0,358.0,403.0,155.0,58.0,340.0,335.0,398.0,361.0,356.0,124.0,63.0,370.0,395.0,357.0,365.0,385.0,160.0,81.0,388.0,357.0,389.0,268.0,344.0,123.0,73.0,85.0,418.0,272.0,269.0,354.0,124.0,86.0,397.0,414.0,297.0,442.0,387.0,153.0,69.0,344.0,332.0,258.0,367.0,402.0,148.0,66.0,410.0,198.0,278.0,404.0,294.0,144.0,81.0,348.0,410.0,410.0,412.0,383.0,113.0,77.0,226.0,65.0,386.0,385.0,373.0,136.0,77.0,380.0,348.0,371.0,317.0,350.0,133.0,83.0,279.0,356.0,356.0,397.0,372.0,122.0,67.0,343.0,350.0,346.0,369.0,347.0,102.0,80.0,405.0,330.0,397.0,344.0,355.0,146.0,71.0,293.0,358.0,445.0,308.0,322.0,154.0,74.0,355.0,378.0,387.0,327.0,351.0,162.0,61.0,316.0,420.0,421.0,372.0,350.0,163.0,71.0,352.0,432.0,358.0,341.0,327.0,121.0,66.0,74.0,280.0,183.0,324.0,378.0,112.0,58.0,369.0,376.0,361.0,342.0,393.0,82.0,76.0,262.0,403.0,296.0,395.0,310.0,117.0,82.0,342.0,357.0,348.0,386.0,329.0,153.0,64.0,303.0,382.0,360.0,240.0,273.0,143.0,72.0,375.0,302.0,377.0,308.0,370.0,127.0,74.0,276.0,373.0,357.0,360.0,323.0,139.0,78.0,347.0,345.0,327.0,362.0,391.0,153.0,72.0,313.0,288.0,370.0,297.0,275.0,126.0,77.0,331.0,326.0,338.0,281.0,330.0,145.0,74.0,325.0,345.0,281.0,242.0,402.0,159.0,60.0,264.0,317.0,358.0,86.0,124.0,97.0,63.0,249.0,371.0,284.0,349.0,325.0,185.0,88.0,333.0,371.0,193.0,366.0,382.0,80.0,62.0,273.0,398.0,304.0,293.0,318.0,80.0,57.0,322.0,399.0,238.0,295.0,334.0,107.0,32.0,28.0,233.0,330.0,352.0,332.0,110.0,45.0
47.0,227.0,379.0,313.0,344.0,331.0,106.0,62.0,283.0,336.0,319.0,330.0,366.0,141.0,65.0,305.0,375.0,409.0,327.0,336.0,120.0,62.0,344.0,428.0,289.0,300.0,392.0,139.0,59.0,362.0,336.0,309.0,343.0,380.0,129.0,60.0,339.0,324.0,199.0,362.0,321.0,138.0,80.0,382.0,324.0,320.0,335.0,306.0,125.0,63.0,358.0,333.0,289.0,172.0,0.0,71.0,0.0,228.0,370.0,351.0,382.0,394.0,136.0,59.0,402.0,321.0,334.0,389.0,387.0,123.0,65.0,268.0,262.0,371.0,260.0,373.0,130.0,65.0,289.0,198.0,339.0,387.0,344.0,127.0,76.0,321.0,347.0,422.0,380.0,245.0,128.0,74.0,304.0,355.0,301.0,385.0,315.0,131.0,77.0,421.0,409.0,0.0,380.0,378.0,136.0,47.0,404.0,392.0,434.0,425.0,363.0,141.0,60.0,355.0,417.0,372.0,347.0,374.0,132.0,76.0,419.0,291.0,388.0,368.0,363.0,120.0,68.0,315.0,420.0,356.0,365.0,371.0,123.0,59.0,366.0,362.0,380.0,319.0,427.0,155.0,64.0,346.0,312.0,404.0,376.0,334.0,118.0,62.0,86.0,393.0,349.0,384.0,372.0,150.0,90.0,385.0,376.0,405.0,353.0,351.0,133.0,68.0,380.0,269.0,380.0,245.0,370.0,114.0,70.0,398.0,306.0,289.0,397.0,394.0,171.0,72.0,409.0,338.0,399.0,263.0,369.0,154.0,54.0,215.0,79.0,414.0,360.0,361.0,107.0,79.0,340.0,320.0,363.0,365.0,378.0,162.0,85.0,318.0,368.0,317.0,326.0,371.0,128.0,70.0,329.0,314.0,324.0,323.0,377.0,167.0,55.0,358.0,346.0,421.0,340.0,367.0,130.0,76.0,400.0,207.0,374.0,408.0,362.0,125.0,82.0,335.0,373.0,407.0,350.0,335.0,157.0,75.0,386.0,240.0,293.0,373.0,365.0,143.0,74.0,260.0,334.0,367.0,285.0,322.0,142.0,78.0,85.0,175.0,220.0,394.0,365.0,157.0,68.0,425.0,245.0,359.0,255.0,379.0,127.0,70.0,366.0,336.0,263.0,330.0,353.0,167.0,76.0,358.0,286.0,285.0,349.0,319.0,154.0,67.0,363.0,377.0,301.0,224.0,343.0,165.0,87.0,373.0,289.0,301.0,317.0,383.0,145.0,95.0,328.0,322.0,322.0,314.0,318.0,130.0,72.0,307.0,286.0,318.0,279.0,356.0,160.0,53.0,289.0,385.0,322.0,306.0,363.0,126.0,80.0,318.0,312.0,250.0,264.0,236.0,158.0,73.0,290.0,322.0,320.0,284.0,358.0,146.0,38.0,372.0,337.0,317.0,63.0,130.0,108.0,93.0,256.0,346.0,263.0,275.0,395.0,149.0,80.0,188.0,347.0,378.0,304.0,385.0,86.0,73.0,323.0,292.0,315.0,305.0,354.0,81.0,74.0,278.0,314.0,321.0,334.0,302.0,112.0,59.0,31.0,256.0,334.0,327.0,313.0,129.0,58.0
52.0,305.0,261.0,286.0,362.0,342.0,91.0,60.0,235.0,237.0,354.0,322.0,345.0,109.0,64.0,265.0,264.0,283.0,340.0,282.0,103.0,67.0,340.0,375.0,320.0,387.0,380.0,139.0,60.0,388.0,380.0,401.0,324.0,323.0,138.0,55.0,376.0,328.0,164.0,370.0,386.0,163.0,64.0,287.0,245.0,403.0,361.0,329.0,116.0,51.0,367.0,341.0,145.0,330.0,0.0,85.0,30.0,62.0,355.0,413.0,384.0,368.0,111.0,49.0,365.0,349.0,256.0,383.0,389.0,147.0,63.0,394.0,331.0,364.0,387.0,352.0,120.0,70.0,301.0,355.0,358.0,312.0,342.0,114.0,81.0,413.0,420.0,342.0,346.0,233.0,115.0,76.0,337.0,300.0,264.0,284.0,363.0,113.0,64.0,365.0,373.0,0.0,368.0,400.0,104.0,54.0,411.0,285.0,333.0,237.0,384.0,134.0,67.0,306.0,251.0,391.0,399.0,419.0,107.0,53.0,297.0,235.0,236.0,341.0,343.0,147.0,65.0,364.0,319.0,385.0,351.0,372.0,147.0,59.0,302.0,206.0,362.0,274.0,327.0,155.0,80.0,306.0,267.0,252.0,280.0,347.0,113.0,62.0,99.0,380.0,312.0,338.0,362.0,141.0,64.0,363.0,375.0,328.0,372.0,375.0,138.0,62.0,275.0,392.0,374.0,365.0,328.0,121.0,75.0,350.0,347.0,330.0,317.0,398.0,187.0,74.0,373.0,236.0,301.0,343.0,359.0,140.0,58.0,222.0,57.0,430.0,326.0,286.0,168.0,74.0,290.0,378.0,316.0,309.0,351.0,127.0,57.0,314.0,217.0,336.0,279.0,336.0,150.0,101.0,201.0,298.0,375.0,272.0,327.0,128.0,72.0,282.0,374.0,320.0,335.0,315.0,154.0,77.0,263.0,308.0,350.0,306.0,371.0,98.0,67.0,316.0,387.0,344.0,302.0,344.0,141.0,68.0,375.0,356.0,280.0,313.0,341.0,133.0,68.0,378.0,373.0,310.0,287.0,341.0,115.0,71.0,89.0,377.0,209.0,313.0,361.0,142.0,84.0,297.0,305.0,291.0,243.0,363.0,95.0,81.0,223.0,346.0,354.0,275.0,277.0,145.0,85.0,271.0,239.0,282.0,247.0,403.0,127.0,81.0,315.0,365.0,287.0,264.0,368.0,166.0,67.0,323.0,317.0,267.0,242.0,335.0,171.0,70.0,329.0,308.0,341.0,297.0,395.0,149.0,70.0,163.0,317.0,291.0,313.0,392.0,169.0,61.0,369.0,209.0,330.0,321.0,184.0,152.0,69.0,326.0,309.0,303.0,197.0,305.0,159.0,66.0,312.0,306.0,218.0,295.0,236.0,165.0,39.0,249.0,264.0,319.0,64.0,116.0,123.0,79.0,315.0,223.0,231.0,213.0,271.0,145.0,81.0,204.0,346.0,284.0,254.0,345.0,87.0,82.0,198.0,279.0,314.0,288.0,333.0,83.0,73.0,227.0,229.0,287.0,331.0,334.0,94.0,59.0,23.0,238.0,288.0,290.0,286.0,116.0,67.0
60.0,331.0,320.0,242.0,305.0,346.0,105.0,44.0,261.0,248.0,293.0,304.0,341.0,112.0,74.0,290.0,344.0,275.0,286.0,275.0,102.0,57.0,303.0,271.0,325.0,371.0,326.0,123.0,65.0,280.0,332.0,284.0,301.0,300.0,113.0,49.0,340.0,281.0,237.0,289.0,287.0,109.0,65.0,339.0,272.0,378.0,328.0,254.0,103.0,57.0,323.0,292.0,111.0,130.0,0.0,38.0,42.0,188.0,365.0,317.0,285.0,336.0,143.0,57.0,358.0,300.0,280.0,229.0,392.0,139.0,59.0,364.0,384.0,390.0,345.0,307.0,126.0,75.0,390.0,226.0,247.0,290.0,287.0,126.0,64.0,373.0,360.0,294.0,279.0,265.0,112.0,68.0,318.0,267.0,323.0,391.0,324.0,110.0,66.0,341.0,309.0,0.0,325.0,283.0,101.0,48.0,274.0,341.0,313.0,318.0,325.0,129.0,68.0,264.0,279.0,348.0,278.0,313.0,132.0,75.0,358.0,238.0,376.0,368.0,326.0,117.0,78.0,381.0,332.0,391.0,347.0,383.0,126.0,62.0,269.0,321.0,367.0,379.0,396.0,87.0,105.0,283.0,217.0,365.0,398.0,302.0,120.0,78.0,87.0,349.0,336.0,357.0,337.0,139.0,75.0,276.0,295.0,405.0,242.0,341.0,161.0,83.0,271.0,251.0,354.0,400.0,336.0,152.0,62.0,372.0,262.0,353.0,298.0,353.0,126.0,82.0,259.0,281.0,338.0,298.0,343.0,144.0,80.0,247.0,70.0,318.0,285.0,339.0,167.0,66.0,312.0,353.0,370.0,321.0,379.0,153.0,65.0,276.0,366.0,312.0,331.0,316.0,195.0,62.0,307.0,294.0,270.0,331.0,342.0,143.0,71.0,262.0,341.0,316.0,353.0,336.0,150.0,70.0,303.0,256.0,343.0,304.0,302.0,130.0,82.0,246.0,321.0,342.0,314.0,371.0,153.0,67.0,343.0,327.0,228.0,247.0,337.0,128.0,89.0,287.0,289.0,370.0,274.0,353.0,120.0,79.0,86.0,330.0,210.0,296.0,307.0,140.0,88.0,236.0,323.0,323.0,288.0,363.0,93.0,76.0,306.0,209.0,344.0,227.0,202.0,148.0,72.0,275.0,187.0,302.0,285.0,308.0,129.0,93.0,303.0,325.0,370.0,235.0,351.0,169.0,90.0,272.0,260.0,264.0,226.0,333.0,141.0,84.0,288.0,260.0,244.0,327.0,316.0,120.0,79.0,272.0,306.0,283.0,202.0,273.0,140.0,74.0,245.0,273.0,263.0,142.0,247.0,122.0,80.0,269.0,270.0,270.0,227.0,308.0,129.0,56.0,350.0,273.0,253.0,240.0,219.0,141.0,49.0,211.0,290.0,298.0,61.0,123.0,96.0,80.0,278.0,319.0,324.0,233.0,261.0,136.0,66.0,204.0,284.0,223.0,182.0,299.0,107.0,68.0,258.0,182.0,240.0,246.0,282.0,76.0,81.0,273.0,259.0,283.0,249.0,299.0,109.0,54.0,32.0,221.0,286.0,291.0,304.0,106.0,67.0
66.0,237.0,299.0,285.0,279.0,300.0,93.0,56.0,322.0,218.0,284.0,237.0,271.0,141.0,44.0,265.0,387.0,300.0,280.0,232.0,93.0,55.0,275.0,329.0,295.0,336.0,359.0,122.0,63.0,340.0,257.0,307.0,315.0,279.0,125.0,57.0,313.0,294.0,291.0,262.0,320.0,165.0,62.0,277.0,326.0,323.0,256.0,294.0,119.0,55.0,302.0,306.0,272.0,338.0,0.0,75.0,49.0,115.0,311.0,323.0,248.0,370.0,130.0,64.0,291.0,320.0,208.0,306.0,338.0,133.0,63.0,300.0,315.0,317.0,285.0,327.0,137.0,65.0,381.0,308.0,304.0,285.0,232.0,124.0,64.0,371.0,266.0,284.0,200.0,286.0,133.0,65.0,210.0,296.0,245.0,257.0,303.0,120.0,56.0,315.0,283.0,0.0,313.0,313.0,109.0,54.0,246.0,292.0,276.0,339.0,330.0,132.0,75.0,353.0,321.0,319.0,283.0,329.0,139.0,60.0,327.0,232.0,279.0,341.0,327.0,140.0,64.0,234.0,331.0,324.0,407.0,294.0,153.0,77.0,303.0,276.0,187.0,333.0,382.0,123.0,82.0,219.0,284.0,353.0,278.0,354.0,139.0,61.0,92.0,198.0,376.0,347.0,365.0,161.0,82.0,348.0,273.0,308.0,241.0,371.0,145.0,81.0,325.0,363.0,258.0,283.0,318.0,149.0,60.0,312.0,296.0,337.0,311.0,317.0,127.0,70.0,356.0,292.0,278.0,299.0,347.0,146.0,57.0,237.0,64.0,340.0,338.0,311.0,163.0,90.0,294.0,288.0,336.0,369.0,348.0,169.0,92.0,237.0,340.0,363.0,373.0,326.0,123.0,74.0,310.0,318.0,265.0,332.0,297.0,132.0,59.0,341.0,312.0,298.0,303.0,279.0,150.0,95.0,326.0,286.0,280.0,258.0,289.0,151.0,64.0,244.0,321.0,282.0,273.0,306.0,129.0,75.0,297.0,316.0,267.0,368.0,300.0,169.0,64.0,334.0,286.0,299.0,315.0,293.0,130.0,73.0,73.0,290.0,226.0,306.0,348.0,145.0,81.0,331.0,189.0,265.0,313.0,295.0,102.0,69.0,224.0,290.0,189.0,330.0,358.0,165.0,73.0,325.0,280.0,282.0,295.0,285.0,138.0,80.0,231.0,190.0,238.0,355.0,306.0,165.0,87.0,346.0,252.0,304.0,267.0,259.0,167.0,75.0,280.0,205.0,164.0,234.0,289.0,171.0,69.0,299.0,281.0,213.0,240.0,287.0,152.0,51.0,235.0,225.0,305.0,315.0,253.0,117.0,73.0,290.0,238.0,162.0,214.0,247.0,153.0,74.0,330.0,200.0,250.0,259.0,291.0,155.0,38.0,256.0,225.0,245.0,80.0,91.0,99.0,71.0,197.0,262.0,233.0,277.0,257.0,171.0,87.0,213.0,171.0,178.0,181.0,264.0,94.0,83.0,223.0,270.0,236.0,247.0,277.0,143.0,68.0,287.0,263.0,207.0,226.0,277.0,106.0,51.0,30.0,199.0,265.0,308.0,286.0,105.0,49.0
80.0,256.0,322.0,188.0,330.0,293.0,105.0,68.0,283.0,244.0,236.0,288.0,354.0,131.0,104.0,262.0,277.0,314.0,320.0,276.0,115.0,57.0,295.0,309.0,292.0,301.0,342.0,122.0,56.0,256.0,298.0,260.0,282.0,292.0,130.0,47.0,304.0,252.0,242.0,326.0,321.0,171.0,69.0,253.0,247.0,200.0,227.0,293.0,98.0,81.0,279.0,272.0,204.0,201.0,0.0,109.0,43.0,201.0,169.0,295.0,356.0,335.0,143.0,65.0,243.0,292.0,254.0,285.0,306.0,156.0,71.0,250.0,169.0,261.0,289.0,369.0,140.0,80.0,222.0,255.0,226.0,306.0,355.0,139.0,63.0,179.0,295.0,286.0,205.0,259.0,154.0,70.0,219.0,289.0,318.0,275.0,235.0,110.0,79.0,290.0,270.0,0.0,299.0,349.0,139.0,52.0,266.0,279.0,310.0,294.0,340.0,140.0,60.0,310.0,297.0,277.0,325.0,364.0,163.0,71.0,311.0,209.0,261.0,278.0,284.0,151.0,83.0,240.0,263.0,309.0,400.0,337.0,148.0,75.0,336.0,329.0,320.0,287.0,379.0,129.0,71.0,311.0,235.0,262.0,242.0,351.0,156.0,87.0,89.0,244.0,306.0,347.0,381.0,169.0,64.0,347.0,235.0,298.0,387.0,321.0,174.0,74.0,252.0,257.0,330.0,296.0,320.0,161.0,79.0,342.0,217.0,268.0,352.0,328.0,163.0,97.0,291.0,316.0,309.0,282.0,347.0,154.0,82.0,277.0,82.0,317.0,294.0,335.0,178.0,85.0,283.0,283.0,267.0,343.0,308.0,151.0,85.0,308.0,304.0,371.0,366.0,313.0,162.0,85.0,298.0,213.0,332.0,280.0,359.0,113.0,81.0,294.0,240.0,272.0,349.0,337.0,179.0,75.0,327.0,284.0,299.0,347.0,334.0,144.0,60.0,299.0,281.0,291.0,243.0,293.0,168.0,67.0,288.0,258.0,286.0,253.0,271.0,183.0,66.0,276.0,265.0,209.0,343.0,360.0,110.0,66.0,92.0,252.0,258.0,268.0,289.0,158.0,86.0,337.0,270.0,276.0,267.0,299.0,82.0,86.0,184.0,247.0,249.0,283.0,286.0,141.0,81.0,251.0,266.0,271.0,188.0,315.0,126.0,67.0,171.0,284.0,268.0,166.0,342.0,165.0,94.0,218.0,249.0,208.0,244.0,290.0,140.0,85.0,223.0,281.0,319.0,285.0,298.0,178.0,53.0,235.0,176.0,214.0,266.0,293.0,166.0,97.0,228.0,221.0,205.0,301.0,270.0,125.0,87.0,228.0,235.0,307.0,242.0,274.0,145.0,0.0,335.0,221.0,199.0,216.0,262.0,186.0,50.0,270.0,200.0,308.0,57.0,110.0,115.0,71.0,208.0,242.0,163.0,244.0,222.0,158.0,89.0,191.0,207.0,219.0,288.0,294.0,80.0,77.0,237.0,229.0,231.0,186.0,242.0,130.0,55.0,210.0,215.0,202.0,292.0,286.0,124.0,63.0,22.0,235.0,270.0,267.0,286.0,97.0,59.0
56.0,250.0,244.0,219.0,261.0,317.0,121.0,60.0,234.0,234.0,221.0,335.0,314.0,159.0,73.0,270.0,208.0,270.0,263.0,241.0,114.0,69.0,294.0,257.0,231.0,305.0,326.0,103.0,69.0,244.0,244.0,258.0,229.0,304.0,152.0,72.0,295.0,222.0,277.0,294.0,294.0,171.0,73.0,251.0,205.0,193.0,251.0,362.0,144.0,61.0,270.0,233.0,146.0,165.0,0.0,156.0,53.0,202.0,294.0,338.0,345.0,324.0,136.0,78.0,331.0,285.0,237.0,357.0,305.0,137.0,63.0,272.0,273.0,249.0,277.0,322.0,192.0,85.0,193.0,208.0,255.0,281.0,307.0,141.0,85.0,272.0,263.0,278.0,199.0,264.0,156.0,52.0,259.0,309.0,292.0,273.0,285.0,162.0,84.0,318.0,273.0,0.0,364.0,346.0,150.0,58.0,238.0,181.0,272.0,210.0,320.0,150.0,104.0,297.0,272.0,320.0,311.0,388.0,155.0,79.0,302.0,236.0,299.0,327.0,364.0,170.0,84.0,252.0,282.0,297.0,442.0,351.0,185.0,51.0,201.0,269.0,277.0,303.0,342.0,196.0,84.0,285.0,238.0,298.0,306.0,333.0,182.0,72.0,101.0,312.0,282.0,316.0,298.0,171.0,81.0,223.0,268.0,240.0,303.0,373.0,163.0,102.0,244.0,256.0,239.0,312.0,330.0,127.0,96.0,294.0,216.0,326.0,250.0,350.0,199.0,103.0,264.0,324.0,308.0,296.0,313.0,143.0,82.0,193.0,74.0,292.0,359.0,336.0,196.0,110.0,320.0,304.0,313.0,294.0,333.0,162.0,64.0,281.0,247.0,325.0,251.0,348.0,169.0,89.0,272.0,224.0,296.0,325.0,358.0,142.0,72.0,322.0,175.0,294.0,344.0,335.0,186.0,88.0,267.0,280.0,266.0,274.0,325.0,182.0,80.0,296.0,289.0,280.0,285.0,335.0,142.0,95.0,289.0,253.0,273.0,319.0,352.0,158.0,69.0,277.0,299.0,250.0,245.0,315.0,149.0,85.0,78.0,269.0,153.0,296.0,288.0,160.0,97.0,258.0,228.0,298.0,192.0,300.0,114.0,103.0,273.0,218.0,259.0,271.0,285.0,145.0,69.0,238.0,256.0,233.0,221.0,236.0,142.0,104.0,276.0,235.0,247.0,229.0,325.0,156.0,80.0,261.0,184.0,152.0,210.0,286.0,191.0,96.0,233.0,169.0,200.0,217.0,265.0,185.0,89.0,211.0,263.0,178.0,219.0,262.0,192.0,84.0,253.0,225.0,275.0,240.0,191.0,165.0,89.0,231.0,205.0,209.0,217.0,318.0,147.0,89.0,219.0,225.0,223.0,188.0,247.0,179.0,52.0,218.0,245.0,264.0,66.0,123.0,101.0,78.0,268.0,191.0,215.0,220.0,298.0,178.0,91.0,202.0,216.0,197.0,197.0,289.0,93.0,83.0,202.0,234.0,247.0,212.0,224.0,115.0,74.0,299.0,227.0,243.0,236.0,293.0,103.0,55.0,32.0,184.0,276.0,295.0,272.0,120.0,65.0
90.0,250.0,261.0,217.0,309.0,343.0,104.0,69.0,244.0,223.0,235.0,276.0,232.0,148.0,89.0,235.0,225.0,269.0,277.0,212.0,127.0,66.0,296.0,294.0,281.0,279.0,311.0,163.0,65.0,303.0,254.0,294.0,226.0,260.0,148.0,77.0,302.0,265.0,146.0,262.0,277.0,171.0,77.0,347.0,214.0,335.0,198.0,263.0,13.0,91.0,314.0,261.0,131.0,113.0,0.0,65.0,80.0,241.0,289.0,307.0,288.0,325.0,167.0,97.0,330.0,269.0,205.0,300.0,343.0,169.0,53.0,243.0,259.0,289.0,247.0,317.0,141.0,103.0,177.0,215.0,297.0,292.0,280.0,144.0,79.0,299.0,265.0,321.0,269.0,315.0,170.0,89.0,189.0,231.0,253.0,296.0,314.0,148.0,72.0,315.0,214.0,0.0,293.0,230.0,103.0,56.0,171.0,146.0,304.0,261.0,305.0,206.0,102.0,256.0,263.0,264.0,231.0,342.0,177.0,88.0,267.0,214.0,269.0,263.0,340.0,205.0,72.0,300.0,288.0,275.0,375.0,385.0,166.0,86.0,294.0,310.0,297.0,291.0,345.0,118.0,90.0,250.0,220.0,316.0,267.0,318.0,198.0,81.0,101.0,295.0,309.0,319.0,323.0,208.0,98.0,282.0,301.0,283.0,305.0,344.0,201.0,92.0,327.0,223.0,282.0,325.0,383.0,169.0,101.0,194.0,233.0,257.0,294.0,314.0,185.0,84.0,273.0,261.0,334.0,280.0,353.0,193.0,92.0,234.0,80.0,347.0,361.0,371.0,204.0,94.0,281.0,262.0,285.0,247.0,311.0,145.0,104.0,344.0,259.0,252.0,310.0,286.0,199.0,92.0,316.0,282.0,305.0,279.0,319.0,130.0,74.0,291.0,237.0,331.0,308.0,321.0,182.0,86.0,292.0,300.0,255.0,295.0,333.0,155.0,92.0,274.0,299.0,298.0,303.0,288.0,155.0,90.0,262.0,343.0,241.0,334.0,324.0,180.0,91.0,272.0,284.0,315.0,286.0,287.0,170.0,90.0,82.0,236.0,213.0,268.0,350.0,192.0,77.0,263.0,290.0,267.0,231.0,330.0,134.0,88.0,229.0,242.0,246.0,278.0,276.0,157.0,71.0,213.0,195.0,276.0,346.0,286.0,164.0,70.0,276.0,259.0,223.0,248.0,260.0,175.0,101.0,229.0,231.0,142.0,228.0,294.0,172.0,78.0,199.0,276.0,212.0,288.0,302.0,158.0,96.0,218.0,230.0,269.0,223.0,280.0,184.0,83.0,229.0,201.0,208.0,229.0,215.0,153.0,89.0,220.0,238.0,227.0,206.0,260.0,151.0,95.0,267.0,243.0,224.0,178.0,226.0,208.0,51.0,235.0,217.0,276.0,69.0,149.0,128.0,100.0,216.0,228.0,210.0,211.0,267.0,186.0,88.0,229.0,254.0,242.0,208.0,241.0,127.0,87.0,194.0,190.0,198.0,177.0,276.0,108.0,86.0,227.0,248.0,247.0,257.0,247.0,142.0,73.0,50.0,181.0,298.0,310.0,264.0,120.0,70.0
83.0,181.0,274.0,201.0,304.0,287.0,128.0,72.0,291.0,240.0,264.0,282.0,329.0,153.0,89.0,290.0,281.0,215.0,208.0,205.0,146.0,71.0,267.0,303.0,290.0,266.0,358.0,172.0,83.0,197.0,245.0,257.0,266.0,273.0,142.0,85.0,246.0,236.0,116.0,307.0,302.0,178.0,92.0,234.0,275.0,217.0,228.0,333.0,0.0,81.0,235.0,255.0,155.0,94.0,0.0,33.0,21.0,181.0,283.0,216.0,251.0,348.0,147.0,86.0,316.0,282.0,214.0,195.0,329.0,161.0,69.0,304.0,236.0,290.0,282.0,301.0,205.0,91.0,203.0,235.0,244.0,268.0,319.0,148.0,76.0,238.0,229.0,243.0,219.0,213.0,141.0,80.0,259.0,289.0,251.0,264.0,280.0,137.0,86.0,268.0,271.0,0.0,300.0,322.0,159.0,69.0,214.0,96.0,314.0,279.0,354.0,159.0,105.0,250.0,175.0,292.0,306.0,367.0,192.0,122.0,261.0,235.0,231.0,239.0,348.0,203.0,96.0,273.0,289.0,254.0,366.0,388.0,136.0,89.0,249.0,254.0,246.0,303.0,295.0,135.0,121.0,274.0,174.0,318.0,269.0,320.0,178.0,99.0,106.0,274.0,283.0,317.0,366.0,202.0,93.0,286.0,242.0,230.0,269.0,342.0,181.0,94.0,299.0,289.0,269.0,289.0,328.0,188.0,92.0,354.0,223.0,271.0,294.0,362.0,181.0,127.0,310.0,304.0,280.0,219.0,326.0,186.0,99.0,307.0,91.0,315.0,362.0,362.0,216.0,99.0,302.0,313.0,275.0,269.0,344.0,195.0,105.0,295.0,257.0,265.0,224.0,358.0,199.0,114.0,296.0,282.0,284.0,281.0,307.0,153.0,101.0,280.0,306.0,306.0,318.0,370.0,205.0,90.0,225.0,218.0,288.0,214.0,334.0,198.0,95.0,231.0,303.0,286.0,330.0,271.0,193.0,89.0,301.0,266.0,283.0,265.0,321.0,174.0,94.0,260.0,270.0,274.0,293.0,377.0,161.0,91.0,110.0,261.0,285.0,275.0,368.0,194.0,102.0,283.0,250.0,249.0,302.0,294.0,117.0,114.0,198.0,294.0,178.0,0.0,279.0,191.0,101.0,230.0,141.0,289.0,248.0,274.0,168.0,93.0,195.0,246.0,192.0,268.0,303.0,185.0,104.0,230.0,205.0,149.0,235.0,308.0,205.0,113.0,215.0,210.0,242.0,168.0,275.0,193.0,105.0,196.0,181.0,202.0,147.0,235.0,173.0,91.0,222.0,222.0,199.0,244.0,244.0,167.0,105.0,218.0,202.0,219.0,185.0,251.0,150.0,99.0,283.0,197.0,161.0,223.0,226.0,197.0,56.0,245.0,203.0,261.0,83.0,135.0,136.0,91.0,270.0,223.0,195.0,227.0,312.0,179.0,86.0,199.0,194.0,187.0,205.0,276.0,120.0,94.0,238.0,209.0,220.0,209.0,285.0,131.0,74.0,168.0,195.0,213.0,264.0,280.0,138.0,51.0,51.0,214.0,304.0,246.0,272.0,122.0,80.0
81.0,186.0,261.0,241.0,297.0,335.0,143.0,79.0,268.0,248.0,265.0,308.0,224.0,151.0,112.0,266.0,246.0,214.0,252.0,269.0,136.0,93.0,325.0,305.0,326.0,285.0,274.0,170.0,94.0,287.0,246.0,267.0,280.0,286.0,170.0,85.0,286.0,260.0,142.0,298.0,334.0,151.0,105.0,255.0,231.0,229.0,222.0,56.0,18.0,61.0,295.0,246.0,177.0,265.0,0.0,58.0,25.0,148.0,303.0,314.0,302.0,353.0,158.0,85.0,279.0,285.0,268.0,283.0,356.0,192.0,84.0,297.0,255.0,322.0,259.0,342.0,174.0,97.0,214.0,250.0,195.0,283.0,293.0,202.0,94.0,239.0,276.0,261.0,241.0,210.0,183.0,111.0,234.0,244.0,252.0,278.0,290.0,132.0,110.0,279.0,272.0,0.0,289.0,268.0,163.0,71.0,194.0,147.0,256.0,286.0,308.0,182.0,99.0,286.0,227.0,299.0,268.0,305.0,184.0,97.0,257.0,243.0,280.0,237.0,328.0,156.0,104.0,256.0,298.0,279.0,333.0,366.0,214.0,99.0,260.0,301.0,286.0,308.0,346.0,161.0,127.0,223.0,291.0,276.0,288.0,318.0,151.0,112.0,93.0,310.0,246.0,348.0,345.0,212.0,118.0,283.0,243.0,245.0,293.0,320.0,206.0,97.0,189.0,225.0,255.0,244.0,340.0,209.0,112.0,282.0,255.0,247.0,279.0,305.0,212.0,118.0,287.0,295.0,289.0,271.0,370.0,164.0,81.0,250.0,92.0,297.0,304.0,377.0,246.0,110.0,314.0,212.0,297.0,263.0,331.0,198.0,127.0,324.0,282.0,336.0,298.0,264.0,201.0,124.0,209.0,285.0,278.0,302.0,376.0,218.0,118.0,315.0,255.0,336.0,291.0,353.0,182.0,124.0,331.0,272.0,227.0,291.0,343.0,195.0,86.0,240.0,295.0,262.0,236.0,379.0,155.0,111.0,229.0,263.0,254.0,282.0,361.0,161.0,95.0,265.0,303.0,186.0,258.0,314.0,180.0,102.0,121.0,236.0,180.0,265.0,344.0,218.0,94.0,284.0,220.0,230.0,224.0,334.0,133.0,94.0,261.0,212.0,221.0,201.0,319.0,180.0,107.0,232.0,212.0,265.0,246.0,305.0,181.0,104.0,234.0,191.0,177.0,191.0,285.0,184.0,123.0,204.0,242.0,181.0,205.0,267.0,170.0,89.0,233.0,211.0,223.0,218.0,270.0,193.0,112.0,236.0,262.0,227.0,214.0,301.0,180.0,101.0,233.0,206.0,189.0,209.0,244.0,176.0,108.0,227.0,231.0,203.0,187.0,275.0,195.0,131.0,214.0,225.0,272.0,175.0,188.0,188.0,74.0,198.0,235.0,270.0,77.0,133.0,126.0,107.0,175.0,224.0,231.0,205.0,250.0,144.0,79.0,221.0,196.0,196.0,170.0,333.0,90.0,108.0,249.0,194.0,205.0,238.0,255.0,109.0,105.0,216.0,217.0,222.0,265.0,299.0,127.0,83.0,42.0,246.0,195.0,281.0,274.0,146.0,82.0
81.0,217.0,299.0,215.0,274.0,295.0,117.0,76.0,281.0,208.0,269.0,296.0,228.0,174.0,107.0,279.0,249.0,234.0,273.0,232.0,150.0,102.0,267.0,251.0,234.0,282.0,328.0,151.0,77.0,294.0,263.0,233.0,281.0,302.0,172.0,81.0,279.0,236.0,191.0,235.0,346.0,196.0,97.0,233.0,237.0,240.0,225.0,0.0,145.0,74.0,273.0,248.0,269.0,148.0,0.0,110.0,69.0,130.0,311.0,299.0,340.0,348.0,192.0,95.0,257.0,248.0,280.0,314.0,313.0,218.0,109.0,255.0,236.0,264.0,277.0,349.0,196.0,92.0,229.0,249.0,198.0,275.0,323.0,187.0,79.0,286.0,241.0,232.0,272.0,178.0,175.0,70.0,269.0,261.0,259.0,280.0,304.0,147.0,91.0,306.0,278.0,0.0,264.0,323.0,177.0,87.0,232.0,131.0,216.0,265.0,337.0,183.0,108.0,272.0,324.0,269.0,267.0,318.0,172.0,105.0,322.0,269.0,243.0,270.0,368.0,191.0,103.0,201.0,278.0,301.0,301.0,278.0,184.0,113.0,337.0,327.0,268.0,322.0,275.0,202.0,111.0,219.0,245.0,305.0,330.0,284.0,173.0,93.0,104.0,287.0,296.0,310.0,301.0,193.0,104.0,290.0,260.0,288.0,300.0,223.0,171.0,118.0,283.0,273.0,210.0,325.0,322.0,238.0,99.0,250.0,199.0,294.0,260.0,308.0,195.0,103.0,299.0,311.0,307.0,244.0,318.0,200.0,89.0,235.0,86.0,289.0,298.0,366.0,218.0,109.0,209.0,256.0,328.0,277.0,322.0,221.0,110.0,200.0,273.0,272.0,291.0,356.0,225.0,122.0,285.0,238.0,245.0,250.0,246.0,184.0,116.0,347.0,288.0,342.0,277.0,365.0,137.0,110.0,258.0,228.0,245.0,304.0,319.0,177.0,111.0,282.0,292.0,310.0,324.0,379.0,131.0,82.0,258.0,323.0,299.0,233.0,337.0,209.0,110.0,278.0,289.0,221.0,215.0,360.0,154.0,104.0,90.0,183.0,238.0,273.0,330.0,232.0,114.0,295.0,247.0,284.0,184.0,318.0,116.0,135.0,228.0,213.0,272.0,245.0,341.0,156.0,121.0,204.0,291.0,161.0,199.0,280.0,223.0,89.0,217.0,235.0,163.0,192.0,257.0,191.0,99.0,241.0,163.0,155.0,243.0,292.0,200.0,121.0,207.0,204.0,185.0,163.0,228.0,218.0,96.0,206.0,207.0,216.0,224.0,276.0,179.0,84.0,275.0,256.0,218.0,182.0,223.0,185.0,97.0,232.0,200.0,189.0,172.0,227.0,216.0,101.0,272.0,210.0,198.0,170.0,199.0,189.0,86.0,233.0,232.0,248.0,84.0,130.0,124.0,97.0,183.0,213.0,187.0,227.0,244.0,178.0,125.0,214.0,224.0,213.0,225.0,251.0,121.0,92.0,188.0,202.0,165.0,238.0,252.0,128.0,97.0,208.0,269.0,228.0,284.0,292.0,131.0,61.0,52.0,221.0,348.0,244.0,264.0,112.0,77.0
73.0,221.0,229.0,247.0,304.0,314.0,129.0,84.0,288.0,205.0,290.0,288.0,235.0,155.0,107.0,252.0,246.0,214.0,283.0,213.0,112.0,87.0,328.0,286.0,290.0,299.0,332.0,175.0,73.0,219.0,273.0,299.0,311.0,279.0,163.0,89.0,285.0,285.0,141.0,271.0,357.0,170.0,87.0,204.0,187.0,199.0,187.0,0.0,138.0,93.0,251.0,274.0,199.0,88.0,0.0,85.0,33.0,146.0,238.0,347.0,290.0,334.0,173.0,84.0,212.0,310.0,266.0,285.0,345.0,236.0,89.0,285.0,299.0,281.0,300.0,311.0,198.0,91.0,243.0,258.0,269.0,250.0,315.0,201.0,111.0,275.0,335.0,325.0,202.0,263.0,213.0,76.0,248.0,295.0,314.0,285.0,271.0,161.0,95.0,298.0,296.0,0.0,353.0,287.0,146.0,74.0,157.0,134.0,304.0,294.0,304.0,222.0,114.0,339.0,216.0,330.0,269.0,314.0,181.0,81.0,338.0,261.0,311.0,239.0,316.0,168.0,104.0,188.0,320.0,277.0,257.0,311.0,176.0,97.0,292.0,241.0,282.0,255.0,310.0,152.0,103.0,249.0,211.0,274.0,323.0,347.0,193.0,104.0,125.0,274.0,276.0,304.0,370.0,237.0,109.0,305.0,303.0,293.0,284.0,304.0,231.0,117.0,280.0,286.0,279.0,301.0,328.0,199.0,90.0,290.0,254.0,292.0,290.0,279.0,223.0,108.0,318.0,226.0,308.0,269.0,331.0,227.0,108.0,252.0,93.0,323.0,319.0,317.0,221.0,129.0,282.0,250.0,265.0,325.0,319.0,159.0,117.0,241.0,281.0,252.0,314.0,384.0,198.0,136.0,224.0,321.0,307.0,249.0,358.0,182.0,113.0,313.0,256.0,273.0,352.0,385.0,226.0,108.0,264.0,262.0,290.0,291.0,287.0,199.0,115.0,256.0,278.0,258.0,324.0,282.0,163.0,72.0,281.0,282.0,379.0,249.0,344.0,209.0,107.0,290.0,272.0,264.0,201.0,328.0,182.0,108.0,113.0,236.0,180.0,290.0,317.0,137.0,101.0,246.0,240.0,210.0,224.0,326.0,110.0,85.0,222.0,274.0,156.0,170.0,321.0,208.0,107.0,254.0,210.0,228.0,260.0,282.0,330.0,88.0,260.0,255.0,278.0,190.0,283.0,213.0,108.0,254.0,235.0,134.0,189.0,284.0,222.0,105.0,243.0,146.0,220.0,230.0,241.0,160.0,103.0,190.0,204.0,215.0,198.0,275.0,203.0,84.0,240.0,207.0,249.0,215.0,208.0,163.0,102.0,231.0,206.0,178.0,170.0,279.0,199.0,127.0,246.0,198.0,256.0,171.0,278.0,232.0,64.0,235.0,207.0,227.0,88.0,175.0,129.0,118.0,233.0,240.0,201.0,268.0,304.0,188.0,106.0,243.0,229.0,186.0,248.0,236.0,141.0,109.0,212.0,182.0,232.0,245.0,320.0,137.0,89.0,229.0,276.0,242.0,267.0,300.0,113.0,68.0,41.0,215.0,252.0,283.0,225.0,140.0,80.0
82.0,233.0,280.0,254.0,270.0,342.0,113.0,72.0,292.0,241.0,303.0,241.0,179.0,166.0,99.0,299.0,276.0,223.0,268.0,309.0,132.0,81.0,299.0,291.0,288.0,309.0,327.0,209.0,82.0,140.0,249.0,246.0,293.0,293.0,159.0,76.0,342.0,265.0,192.0,336.0,347.0,229.0,83.0,282.0,220.0,254.0,227.0,0.0,169.0,79.0,286.0,258.0,116.0,117.0,0.0,44.0,60.0,98.0,295.0,344.0,326.0,298.0,187.0,82.0,296.0,211.0,220.0,293.0,306.0,181.0,95.0,269.0,277.0,296.0,274.0,263.0,144.0,72.0,240.0,269.0,200.0,267.0,325.0,175.0,93.0,241.0,330.0,241.0,262.0,177.0,197.0,119.0,308.0,273.0,288.0,316.0,293.0,161.0,102.0,362.0,282.0,0.0,288.0,294.0,179.0,72.0,286.0,200.0,305.0,251.0,334.0,225.0,109.0,304.0,307.0,303.0,274.0,393.0,212.0,101.0,278.0,252.0,309.0,155.0,341.0,204.0,107.0,188.0,250.0,308.0,375.0,389.0,190.0,91.0,302.0,289.0,300.0,258.0,403.0,185.0,86.0,217.0,328.0,314.0,328.0,371.0,194.0,94.0,121.0,302.0,312.0,292.0,352.0,188.0,115.0,301.0,295.0,312.0,308.0,373.0,229.0,103.0,183.0,256.0,268.0,267.0,237.0,204.0,85.0,286.0,197.0,296.0,302.0,356.0,207.0,116.0,329.0,310.0,279.0,262.0,220.0,207.0,116.0,277.0,78.0,333.0,332.0,339.0,235.0,120.0,250.0,326.0,317.0,282.0,362.0,232.0,77.0,297.0,314.0,335.0,327.0,330.0,205.0,105.0,220.0,290.0,306.0,326.0,229.0,190.0,101.0,302.0,304.0,354.0,364.0,339.0,189.0,124.0,234.0,273.0,264.0,317.0,359.0,197.0,91.0,286.0,264.0,366.0,325.0,388.0,148.0,97.0,313.0,284.0,358.0,260.0,376.0,215.0,90.0,276.0,284.0,247.0,341.0,344.0,161.0,99.0,102.0,291.0,176.0,275.0,362.0,212.0,91.0,235.0,306.0,260.0,249.0,300.0,124.0,100.0,203.0,242.0,259.0,271.0,292.0,201.0,125.0,209.0,219.0,152.0,176.0,306.0,181.0,103.0,241.0,250.0,253.0,238.0,262.0,165.0,124.0,263.0,164.0,114.0,205.0,333.0,184.0,90.0,191.0,236.0,222.0,203.0,294.0,212.0,130.0,195.0,221.0,224.0,224.0,335.0,181.0,71.0,224.0,251.0,229.0,242.0,286.0,222.0,108.0,210.0,216.0,260.0,270.0,290.0,204.0,100.0,289.0,223.0,220.0,249.0,328.0,208.0,68.0,249.0,237.0,270.0,103.0,147.0,159.0,84.0,199.0,250.0,176.0,209.0,266.0,221.0,89.0,190.0,232.0,221.0,251.0,297.0,96.0,85.0,272.0,257.0,222.0,274.0,309.0,136.0,111.0,232.0,293.0,222.0,289.0,272.0,91.0,80.0,29.0,212.0,300.0,287.0,273.0,135.0,64.0
89.0,239.0,288.0,263.0,297.0,250.0,129.0,72.0,242.0,278.0,305.0,331.0,241.0,178.0,93.0,267.0,238.0,270.0,302.0,302.0,126.0,81.0,314.0,339.0,317.0,326.0,354.0,157.0,71.0,238.0,288.0,273.0,323.0,291.0,198.0,84.0,228.0,282.0,186.0,277.0,354.0,214.0,83.0,294.0,256.0,244.0,306.0,214.0,154.0,84.0,268.0,288.0,139.0,133.0,0.0,37.0,87.0,234.0,339.0,276.0,238.0,338.0,175.0,97.0,333.0,215.0,256.0,260.0,361.0,186.0,64.0,274.0,278.0,278.0,308.0,309.0,166.0,84.0,229.0,258.0,205.0,262.0,278.0,158.0,89.0,261.0,296.0,324.0,275.0,223.0,178.0,95.0,292.0,300.0,314.0,296.0,319.0,129.0,112.0,276.0,329.0,0.0,291.0,364.0,171.0,86.0,259.0,125.0,331.0,253.0,324.0,206.0,88.0,341.0,308.0,333.0,269.0,322.0,189.0,82.0,310.0,168.0,273.0,377.0,303.0,193.0,93.0,256.0,264.0,297.0,310.0,305.0,186.0,80.0,313.0,300.0,293.0,284.0,326.0,196.0,93.0,249.0,301.0,234.0,287.0,341.0,187.0,100.0,94.0,261.0,299.0,332.0,322.0,197.0,116.0,320.0,255.0,290.0,331.0,330.0,225.0,103.0,295.0,236.0,189.0,270.0,338.0,186.0,110.0,215.0,285.0,320.0,231.0,312.0,199.0,120.0,306.0,244.0,332.0,319.0,364.0,202.0,107.0,231.0,71.0,330.0,333.0,344.0,223.0,109.0,290.0,220.0,248.0,322.0,358.0,232.0,122.0,282.0,293.0,332.0,350.0,344.0,195.0,115.0,226.0,260.0,362.0,306.0,363.0,202.0,86.0,259.0,331.0,303.0,374.0,360.0,216.0,110.0,297.0,273.0,286.0,321.0,254.0,207.0,101.0,240.0,323.0,290.0,335.0,308.0,150.0,93.0,369.0,254.0,323.0,287.0,331.0,203.0,92.0,343.0,298.0,294.0,334.0,355.0,164.0,99.0,93.0,288.0,212.0,258.0,372.0,208.0,94.0,260.0,321.0,338.0,196.0,390.0,112.0,110.0,258.0,245.0,217.0,273.0,341.0,188.0,92.0,275.0,228.0,197.0,230.0,317.0,240.0,90.0,199.0,222.0,188.0,244.0,267.0,178.0,123.0,220.0,247.0,103.0,208.0,276.0,186.0,112.0,209.0,237.0,199.0,185.0,314.0,186.0,107.0,228.0,201.0,236.0,242.0,262.0,193.0,94.0,253.0,267.0,204.0,279.0,235.0,174.0,111.0,228.0,233.0,242.0,238.0,253.0,154.0,99.0,233.0,217.0,170.0,308.0,283.0,200.0,57.0,209.0,235.0,309.0,78.0,170.0,126.0,111.0,223.0,230.0,260.0,229.0,307.0,166.0,97.0,127.0,209.0,247.0,257.0,287.0,104.0,123.0,191.0,248.0,277.0,283.0,316.0,126.0,98.0,269.0,274.0,242.0,314.0,283.0,138.0,77.0,41.0,179.0,256.0,256.0,259.0,140.0,62.0
96.0,257.0,245.0,241.0,307.0,272.0,114.0,62.0,257.0,270.0,311.0,284.0,272.0,144.0,101.0,269.0,284.0,292.0,316.0,310.0,96.0,72.0,323.0,292.0,332.0,354.0,329.0,164.0,91.0,240.0,290.0,315.0,331.0,318.0,134.0,78.0,309.0,286.0,248.0,380.0,301.0,160.0,86.0,224.0,120.0,288.0,193.0,322.0,150.0,70.0,270.0,283.0,194.0,195.0,0.0,84.0,69.0,341.0,310.0,372.0,334.0,369.0,161.0,106.0,282.0,230.0,330.0,341.0,344.0,185.0,76.0,287.0,291.0,345.0,281.0,367.0,205.0,90.0,245.0,300.0,176.0,339.0,332.0,113.0,86.0,296.0,336.0,331.0,273.0,262.0,180.0,87.0,292.0,317.0,338.0,319.0,312.0,168.0,91.0,342.0,358.0,0.0,286.0,309.0,189.0,60.0,169.0,155.0,305.0,291.0,422.0,213.0,96.0,336.0,321.0,359.0,286.0,432.0,213.0,76.0,356.0,243.0,295.0,269.0,385.0,152.0,103.0,263.0,318.0,300.0,299.0,380.0,200.0,99.0,307.0,277.0,304.0,337.0,345.0,170.0,106.0,243.0,269.0,301.0,316.0,308.0,186.0,68.0,104.0,327.0,227.0,331.0,344.0,185.0,116.0,283.0,236.0,327.0,291.0,329.0,206.0,98.0,333.0,358.0,312.0,330.0,324.0,242.0,106.0,341.0,219.0,271.0,277.0,300.0,215.0,119.0,358.0,312.0,250.0,301.0,363.0,211.0,76.0,259.0,88.0,279.0,329.0,266.0,167.0,114.0,283.0,277.0,318.0,292.0,353.0,207.0,107.0,322.0,224.0,261.0,283.0,380.0,208.0,131.0,311.0,300.0,262.0,146.0,366.0,193.0,105.0,293.0,278.0,334.0,323.0,314.0,210.0,111.0,306.0,289.0,346.0,281.0,391.0,210.0,89.0,304.0,302.0,320.0,279.0,357.0,145.0,104.0,359.0,315.0,304.0,275.0,399.0,212.0,100.0,344.0,296.0,270.0,272.0,345.0,181.0,103.0,102.0,310.0,200.0,311.0,347.0,129.0,120.0,274.0,269.0,293.0,186.0,345.0,127.0,101.0,249.0,250.0,283.0,164.0,371.0,157.0,118.0,205.0,158.0,201.0,237.0,318.0,206.0,96.0,193.0,285.0,178.0,224.0,244.0,211.0,117.0,232.0,194.0,128.0,190.0,255.0,172.0,92.0,196.0,228.0,204.0,237.0,226.0,161.0,110.0,201.0,217.0,244.0,231.0,302.0,186.0,98.0,274.0,219.0,232.0,225.0,290.0,151.0,106.0,225.0,223.0,277.0,184.0,294.0,156.0,92.0,239.0,220.0,221.0,301.0,320.0,190.0,83.0,244.0,219.0,324.0,97.0,144.0,109.0,108.0,239.0,224.0,195.0,241.0,320.0,171.0,120.0,195.0,222.0,221.0,227.0,284.0,146.0,69.0,275.0,285.0,229.0,274.0,341.0,92.0,70.0,246.0,280.0,214.0,315.0,285.0,127.0,71.0,46.0,280.0,260.0,278.0,261.0,119.0,62.0
84.0,225.0,233.0,299.0,305.0,291.0,109.0,67.0,326.0,249.0,296.0,319.0,297.0,167.0,60.0,284.0,287.0,300.0,252.0,309.0,146.0,86.0,319.0,317.0,125.0,259.0,299.0,215.0,83.0,192.0,348.0,338.0,313.0,281.0,153.0,83.0,310.0,254.0,227.0,357.0,296.0,151.0,96.0,276.0,159.0,270.0,228.0,333.0,149.0,84.0,283.0,283.0,186.0,146.0,0.0,63.0,32.0,281.0,272.0,277.0,313.0,328.0,177.0,79.0,336.0,297.0,258.0,283.0,348.0,187.0,85.0,279.0,279.0,294.0,273.0,343.0,130.0,96.0,257.0,278.0,227.0,311.0,264.0,110.0,105.0,289.0,294.0,315.0,255.0,191.0,176.0,109.0,231.0,306.0,371.0,368.0,329.0,181.0,89.0,329.0,327.0,0.0,322.0,344.0,172.0,77.0,260.0,201.0,352.0,313.0,318.0,192.0,119.0,312.0,337.0,365.0,280.0,319.0,182.0,113.0,330.0,317.0,298.0,239.0,342.0,207.0,88.0,260.0,280.0,297.0,295.0,346.0,161.0,73.0,287.0,286.0,308.0,290.0,394.0,201.0,115.0,309.0,283.0,282.0,306.0,343.0,178.0,87.0,102.0,296.0,286.0,361.0,296.0,203.0,120.0,243.0,289.0,253.0,281.0,370.0,191.0,110.0,234.0,258.0,321.0,249.0,369.0,187.0,113.0,240.0,258.0,292.0,275.0,357.0,172.0,127.0,343.0,313.0,354.0,309.0,326.0,90.0,90.0,249.0,99.0,273.0,352.0,299.0,218.0,126.0,302.0,268.0,357.0,292.0,359.0,195.0,109.0,301.0,307.0,290.0,366.0,351.0,217.0,143.0,296.0,333.0,262.0,265.0,277.0,179.0,116.0,294.0,300.0,302.0,376.0,380.0,207.0,75.0,274.0,293.0,317.0,307.0,384.0,178.0,114.0,282.0,285.0,313.0,372.0,291.0,150.0,102.0,315.0,326.0,264.0,321.0,322.0,166.0,112.0,334.0,300.0,282.0,344.0,365.0,182.0,107.0,94.0,198.0,285.0,343.0,338.0,212.0,116.0,242.0,272.0,143.0,186.0,347.0,220.0,121.0,216.0,215.0,200.0,248.0,318.0,196.0,94.0,206.0,280.0,223.0,190.0,336.0,203.0,89.0,203.0,296.0,193.0,151.0,312.0,219.0,97.0,255.0,276.0,216.0,240.0,321.0,199.0,109.0,229.0,220.0,222.0,207.0,303.0,207.0,119.0,217.0,200.0,225.0,231.0,332.0,181.0,99.0,261.0,271.0,245.0,263.0,275.0,161.0,106.0,242.0,238.0,262.0,158.0,277.0,180.0,121.0,312.0,220.0,281.0,262.0,316.0,212.0,110.0,206.0,236.0,298.0,93.0,139.0,148.0,108.0,256.0,228.0,244.0,275.0,310.0,212.0,88.0,191.0,254.0,291.0,297.0,326.0,109.0,83.0,270.0,282.0,287.0,305.0,315.0,136.0,103.0,291.0,316.0,244.0,277.0,299.0,133.0,61.0,37.0,193.0,260.0,228.0,239.0,152.0,53.0
97.0,251.0,214.0,269.0,306.0,312.0,114.0,53.0,282.0,275.0,262.0,310.0,271.0,169.0,82.0,251.0,286.0,290.0,250.0,284.0,115.0,105.0,282.0,293.0,284.0,321.0,323.0,168.0,78.0,233.0,318.0,315.0,302.0,320.0,138.0,68.0,310.0,310.0,220.0,314.0,316.0,190.0,79.0,238.0,271.0,239.0,272.0,342.0,161.0,80.0,260.0,297.0,195.0,133.0,0.0,92.0,55.0,147.0,329.0,319.0,298.0,351.0,201.0,81.0,284.0,288.0,284.0,276.0,366.0,177.0,95.0,249.0,267.0,316.0,267.0,266.0,190.0,85.0,247.0,273.0,215.0,335.0,295.0,155.0,92.0,279.0,323.0,266.0,287.0,244.0,184.0,87.0,279.0,310.0,313.0,351.0,369.0,164.0,76.0,336.0,332.0,0.0,331.0,253.0,189.0,35.0,246.0,140.0,291.0,368.0,388.0,196.0,95.0,298.0,239.0,380.0,283.0,379.0,199.0,108.0,346.0,291.0,338.0,316.0,274.0,176.0,85.0,232.0,230.0,289.0,333.0,350.0,223.0,117.0,329.0,280.0,326.0,294.0,344.0,183.0,102.0,274.0,316.0,318.0,324.0,291.0,202.0,111.0,103.0,318.0,327.0,346.0,323.0,176.0,123.0,322.0,217.0,334.0,343.0,346.0,231.0,109.0,301.0,293.0,333.0,288.0,347.0,194.0,103.0,340.0,298.0,327.0,274.0,262.0,206.0,91.0,334.0,335.0,294.0,270.0,368.0,206.0,116.0,265.0,93.0,371.0,330.0,316.0,204.0,120.0,318.0,309.0,333.0,319.0,332.0,216.0,116.0,348.0,307.0,321.0,324.0,367.0,226.0,131.0,232.0,304.0,324.0,346.0,336.0,176.0,95.0,317.0,294.0,281.0,324.0,310.0,215.0,115.0,311.0,327.0,366.0,258.0,333.0,168.0,97.0,253.0,325.0,308.0,318.0,379.0,142.0,132.0,353.0,297.0,243.0,348.0,390.0,209.0,110.0,383.0,313.0,230.0,333.0,366.0,166.0,116.0,105.0,234.0,215.0,254.0,298.0,224.0,111.0,295.0,246.0,239.0,207.0,384.0,90.0,135.0,225.0,260.0,237.0,248.0,277.0,214.0,124.0,255.0,242.0,272.0,251.0,304.0,190.0,107.0,234.0,299.0,333.0,274.0,285.0,178.0,123.0,231.0,247.0,108.0,203.0,337.0,204.0,105.0,230.0,253.0,231.0,264.0,330.0,213.0,106.0,218.0,154.0,229.0,257.0,226.0,203.0,117.0,227.0,257.0,258.0,261.0,299.0,176.0,111.0,229.0,236.0,305.0,174.0,273.0,219.0,84.0,241.0,276.0,208.0,266.0,298.0,196.0,55.0,213.0,257.0,271.0,111.0,143.0,141.0,111.0,274.0,269.0,233.0,309.0,337.0,189.0,91.0,180.0,271.0,297.0,263.0,301.0,128.0,80.0,277.0,243.0,277.0,285.0,298.0,182.0,98.0,269.0,325.0,309.0,267.0,313.0,133.0,59.0,43.0,227.0,282.0,196.0,211.0,118.0,66.0
81.0,289.0,210.0,235.0,236.0,326.0,120.0,50.0,251.0,270.0,272.0,293.0,227.0,160.0,94.0,242.0,252.0,263.0,274.0,302.0,133.0,63.0,247.0,153.0,349.0,326.0,382.0,202.0,93.0,225.0,320.0,333.0,303.0,308.0,168.0,71.0,310.0,325.0,222.0,365.0,350.0,162.0,96.0,270.0,292.0,291.0,254.0,320.0,145.0,65.0,259.0,300.0,202.0,61.0,0.0,136.0,15.0,172.0,335.0,333.0,289.0,401.0,191.0,88.0,288.0,270.0,285.0,293.0,364.0,181.0,78.0,297.0,312.0,279.0,304.0,254.0,204.0,92.0,250.0,286.0,270.0,349.0,274.0,152.0,84.0,311.0,304.0,300.0,260.0,303.0,219.0,89.0,302.0,346.0,376.0,315.0,331.0,148.0,89.0,351.0,352.0,0.0,328.0,333.0,181.0,72.0,294.0,172.0,304.0,334.0,364.0,181.0,121.0,368.0,311.0,337.0,322.0,332.0,191.0,112.0,308.0,255.0,340.0,343.0,360.0,187.0,121.0,348.0,267.0,333.0,338.0,345.0,254.0,93.0,372.0,331.0,324.0,267.0,358.0,131.0,97.0,300.0,294.0,304.0,315.0,366.0,226.0,105.0,137.0,301.0,323.0,339.0,338.0,194.0,116.0,309.0,317.0,281.0,321.0,377.0,182.0,121.0,339.0,283.0,266.0,340.0,296.0,234.0,89.0,325.0,285.0,310.0,280.0,370.0,204.0,112.0,330.0,326.0,383.0,333.0,360.0,193.0,75.0,260.0,91.0,325.0,393.0,286.0,219.0,135.0,330.0,311.0,351.0,329.0,341.0,207.0,130.0,311.0,299.0,317.0,351.0,395.0,204.0,131.0,196.0,333.0,323.0,347.0,327.0,223.0,100.0,359.0,347.0,317.0,242.0,363.0,242.0,114.0,353.0,293.0,277.0,292.0,340.0,205.0,105.0,297.0,326.0,344.0,301.0,375.0,125.0,103.0,389.0,374.0,276.0,256.0,337.0,203.0,104.0,311.0,328.0,306.0,298.0,358.0,155.0,108.0,107.0,291.0,237.0,311.0,337.0,199.0,99.0,336.0,253.0,274.0,317.0,336.0,125.0,99.0,273.0,283.0,258.0,268.0,311.0,223.0,100.0,314.0,250.0,255.0,221.0,270.0,211.0,91.0,222.0,212.0,212.0,270.0,313.0,185.0,118.0,265.0,234.0,204.0,235.0,307.0,197.0,117.0,242.0,244.0,252.0,195.0,269.0,202.0,125.0,244.0,251.0,195.0,213.0,348.0,207.0,107.0,244.0,318.0,284.0,264.0,274.0,215.0,118.0,244.0,249.0,315.0,212.0,260.0,207.0,126.0,188.0,253.0,251.0,258.0,290.0,233.0,68.0,299.0,285.0,314.0,75.0,192.0,140.0,117.0,217.0,309.0,265.0,278.0,352.0,187.0,118.0,274.0,285.0,299.0,357.0,304.0,81.0,111.0,301.0,328.0,323.0,355.0,332.0,175.0,94.0,327.0,305.0,304.0,355.0,258.0,112.0,78.0,48.0,216.0,267.0,255.0,212.0,148.0,65.0
98.0,283.0,224.0,291.0,306.0,313.0,98.0,59.0,290.0,266.0,324.0,275.0,319.0,177.0,90.0,244.0,278.0,276.0,252.0,314.0,126.0,66.0,306.0,243.0,352.0,345.0,335.0,174.0,108.0,220.0,317.0,308.0,278.0,279.0,180.0,108.0,361.0,304.0,227.0,369.0,257.0,229.0,100.0,251.0,310.0,349.0,240.0,134.0,167.0,108.0,286.0,301.0,108.0,174.0,0.0,99.0,42.0,223.0,299.0,309.0,335.0,361.0,212.0,96.0,299.0,270.0,347.0,308.0,347.0,222.0,86.0,358.0,331.0,307.0,312.0,354.0,202.0,74.0,288.0,289.0,251.0,359.0,332.0,171.0,113.0,300.0,349.0,288.0,282.0,295.0,181.0,100.0,319.0,323.0,309.0,372.0,345.0,222.0,98.0,352.0,290.0,0.0,372.0,306.0,213.0,87.0,285.0,211.0,339.0,302.0,328.0,226.0,102.0,358.0,364.0,358.0,299.0,382.0,230.0,111.0,306.0,249.0,311.0,332.0,304.0,217.0,87.0,207.0,337.0,346.0,315.0,364.0,220.0,87.0,344.0,331.0,317.0,259.0,395.0,167.0,117.0,310.0,221.0,306.0,320.0,336.0,227.0,96.0,106.0,342.0,359.0,332.0,388.0,221.0,117.0,343.0,300.0,288.0,338.0,337.0,231.0,100.0,277.0,305.0,314.0,302.0,343.0,228.0,105.0,256.0,248.0,362.0,363.0,361.0,209.0,88.0,398.0,301.0,325.0,314.0,369.0,189.0,109.0,260.0,118.0,395.0,361.0,237.0,232.0,121.0,373.0,366.0,345.0,338.0,371.0,223.0,121.0,263.0,297.0,336.0,331.0,369.0,201.0,112.0,177.0,279.0,361.0,324.0,350.0,173.0,104.0,359.0,293.0,358.0,310.0,354.0,205.0,135.0,294.0,368.0,317.0,294.0,290.0,206.0,94.0,342.0,369.0,363.0,359.0,350.0,135.0,110.0,365.0,233.0,299.0,305.0,371.0,204.0,123.0,318.0,328.0,337.0,246.0,344.0,193.0,117.0,92.0,220.0,213.0,263.0,316.0,193.0,105.0,282.0,142.0,297.0,267.0,357.0,172.0,127.0,206.0,196.0,194.0,274.0,360.0,253.0,116.0,248.0,223.0,270.0,292.0,284.0,188.0,118.0,226.0,287.0,246.0,268.0,290.0,247.0,103.0,283.0,210.0,174.0,260.0,308.0,237.0,112.0,253.0,236.0,264.0,258.0,359.0,212.0,120.0,233.0,234.0,226.0,258.0,316.0,203.0,142.0,215.0,308.0,304.0,302.0,270.0,153.0,118.0,239.0,236.0,305.0,234.0,317.0,200.0,120.0,316.0,265.0,289.0,285.0,333.0,258.0,74.0,344.0,265.0,298.0,120.0,178.0,147.0,122.0,261.0,259.0,331.0,318.0,293.0,202.0,128.0,209.0,301.0,292.0,338.0,336.0,121.0,75.0,293.0,306.0,296.0,316.0,360.0,177.0,115.0,308.0,332.0,290.0,328.0,291.0,126.0,89.0,59.0,230.0,301.0,263.0,234.0,168.0,59.0
87.0,292.0,222.0,273.0,349.0,300.0,115.0,47.0,305.0,311.0,316.0,295.0,246.0,184.0,94.0,286.0,340.0,314.0,282.0,290.0,156.0,66.0,267.0,258.0,349.0,333.0,309.0,216.0,87.0,193.0,348.0,364.0,329.0,332.0,195.0,75.0,348.0,323.0,266.0,310.0,344.0,206.0,115.0,280.0,254.0,240.0,188.0,310.0,163.0,102.0,271.0,288.0,208.0,70.0,0.0,200.0,79.0,287.0,366.0,326.0,358.0,389.0,234.0,104.0,324.0,216.0,339.0,349.0,373.0,217.0,83.0,324.0,305.0,318.0,333.0,365.0,177.0,93.0,294.0,258.0,296.0,282.0,322.0,190.0,133.0,332.0,282.0,318.0,295.0,239.0,226.0,100.0,335.0,315.0,279.0,330.0,360.0,251.0,109.0,354.0,314.0,0.0,353.0,346.0,200.0,76.0,305.0,191.0,283.0,311.0,287.0,260.0,144.0,351.0,289.0,311.0,365.0,390.0,219.0,104.0,325.0,164.0,324.0,296.0,343.0,210.0,120.0,257.0,315.0,328.0,311.0,317.0,215.0,80.0,313.0,334.0,349.0,245.0,344.0,253.0,127.0,262.0,296.0,249.0,331.0,334.0,175.0,134.0,101.0,305.0,324.0,317.0,281.0,263.0,132.0,341.0,295.0,292.0,325.0,318.0,238.0,119.0,316.0,290.0,286.0,221.0,246.0,225.0,107.0,318.0,246.0,267.0,343.0,343.0,247.0,120.0,336.0,318.0,296.0,350.0,375.0,206.0,98.0,285.0,90.0,371.0,334.0,253.0,226.0,117.0,329.0,365.0,327.0,339.0,338.0,180.0,125.0,380.0,328.0,321.0,362.0,330.0,215.0,141.0,337.0,297.0,348.0,296.0,338.0,273.0,108.0,290.0,333.0,356.0,292.0,318.0,232.0,115.0,369.0,348.0,343.0,338.0,340.0,193.0,122.0,337.0,332.0,305.0,349.0,378.0,156.0,119.0,363.0,252.0,283.0,259.0,363.0,258.0,127.0,351.0,333.0,329.0,209.0,366.0,207.0,120.0,110.0,180.0,257.0,291.0,326.0,189.0,139.0,303.0,244.0,193.0,189.0,372.0,130.0,142.0,240.0,174.0,269.0,248.0,357.0,202.0,126.0,221.0,253.0,293.0,257.0,262.0,247.0,122.0,217.0,217.0,232.0,274.0,338.0,184.0,121.0,268.0,298.0,163.0,229.0,319.0,221.0,110.0,278.0,251.0,261.0,247.0,368.0,202.0,104.0,247.0,317.0,250.0,300.0,236.0,251.0,128.0,254.0,298.0,268.0,299.0,273.0,208.0,115.0,260.0,298.0,338.0,229.0,292.0,273.0,123.0,261.0,282.0,256.0,255.0,288.0,192.0,66.0,322.0,296.0,334.0,91.0,171.0,159.0,147.0,280.0,305.0,277.0,329.0,334.0,241.0,122.0,249.0,298.0,306.0,316.0,351.0,162.0,104.0,343.0,327.0,322.0,317.0,344.0,231.0,112.0,282.0,325.0,346.0,340.0,309.0,152.0,85.0,49.0,222.0,265.0,283.0,276.0,143.0,85.0
101.0,244.0,256.0,286.0,326.0,320.0,122.0,80.0,322.0,306.0,341.0,323.0,323.0,205.0,88.0,230.0,316.0,301.0,298.0,294.0,144.0,74.0,306.0,308.0,351.0,366.0,307.0,178.0,125.0,239.0,321.0,329.0,289.0,354.0,173.0,95.0,361.0,318.0,234.0,365.0,353.0,180.0,92.0,253.0,332.0,222.0,204.0,307.0,95.0,92.0,284.0,317.0,204.0,0.0,0.0,67.0,94.0,344.0,302.0,397.0,335.0,350.0,207.0,111.0,360.0,300.0,358.0,326.0,316.0,216.0,92.0,344.0,309.0,359.0,346.0,346.0,224.0,93.0,267.0,202.0,277.0,313.0,340.0,213.0,113.0,333.0,367.0,327.0,271.0,261.0,213.0,116.0,290.0,323.0,351.0,263.0,372.0,228.0,121.0,363.0,343.0,0.0,357.0,337.0,204.0,87.0,288.0,235.0,300.0,336.0,327.0,243.0,133.0,389.0,330.0,349.0,319.0,399.0,258.0,129.0,392.0,260.0,326.0,285.0,398.0,224.0,129.0,258.0,312.0,371.0,301.0,261.0,268.0,110.0,338.0,265.0,338.0,351.0,302.0,197.0,150.0,246.0,276.0,294.0,391.0,351.0,215.0,129.0,116.0,294.0,301.0,358.0,337.0,257.0,116.0,277.0,304.0,326.0,366.0,328.0,257.0,123.0,334.0,318.0,321.0,350.0,302.0,176.0,131.0,301.0,284.0,386.0,297.0,314.0,183.0,114.0,291.0,285.0,317.0,363.0,312.0,219.0,109.0,291.0,93.0,360.0,321.0,278.0,205.0,132.0,295.0,366.0,381.0,312.0,364.0,207.0,142.0,325.0,282.0,334.0,342.0,396.0,219.0,147.0,307.0,354.0,369.0,355.0,338.0,179.0,131.0,339.0,332.0,286.0,253.0,322.0,259.0,109.0,322.0,305.0,381.0,364.0,372.0,211.0,114.0,316.0,352.0,290.0,372.0,383.0,176.0,123.0,349.0,284.0,286.0,283.0,347.0,234.0,135.0,249.0,325.0,301.0,238.0,327.0,219.0,118.0,118.0,206.0,187.0,236.0,307.0,242.0,124.0,255.0,304.0,263.0,262.0,302.0,171.0,141.0,267.0,213.0,319.0,256.0,351.0,259.0,124.0,261.0,244.0,233.0,283.0,229.0,195.0,107.0,235.0,287.0,247.0,288.0,296.0,217.0,157.0,300.0,267.0,202.0,243.0,326.0,217.0,102.0,255.0,250.0,282.0,279.0,283.0,221.0,143.0,291.0,236.0,290.0,313.0,325.0,212.0,107.0,252.0,325.0,364.0,295.0,335.0,189.0,126.0,276.0,263.0,299.0,255.0,259.0,242.0,155.0,257.0,325.0,309.0,320.0,313.0,260.0,73.0,326.0,322.0,325.0,104.0,165.0,157.0,129.0,323.0,327.0,335.0,339.0,314.0,215.0,147.0,218.0,363.0,394.0,309.0,363.0,148.0,113.0,347.0,304.0,364.0,281.0,351.0,162.0,120.0,328.0,367.0,323.0,339.0,278.0,165.0,97.0,55.0,253.0,205.0,240.0,194.0,175.0,81.0
118.0,282.0,306.0,374.0,323.0,356.0,141.0,74.0,336.0,224.0,363.0,326.0,361.0,179.0,104.0,266.0,319.0,343.0,330.0,275.0,158.0,63.0,339.0,373.0,324.0,297.0,312.0,218.0,105.0,220.0,328.0,393.0,322.0,329.0,209.0,100.0,329.0,177.0,167.0,397.0,340.0,262.0,101.0,173.0,297.0,272.0,207.0,318.0,182.0,93.0,273.0,306.0,181.0,57.0,0.0,41.0,55.0,311.0,341.0,314.0,322.0,355.0,185.0,99.0,354.0,251.0,356.0,338.0,306.0,245.0,112.0,268.0,338.0,335.0,330.0,325.0,215.0,143.0,317.0,306.0,295.0,346.0,311.0,216.0,84.0,347.0,341.0,327.0,297.0,237.0,237.0,121.0,320.0,361.0,363.0,374.0,332.0,220.0,111.0,327.0,326.0,0.0,336.0,283.0,222.0,87.0,263.0,222.0,371.0,339.0,332.0,254.0,137.0,313.0,348.0,343.0,311.0,352.0,190.0,135.0,283.0,280.0,334.0,337.0,373.0,229.0,121.0,126.0,264.0,266.0,239.0,162.0,239.0,123.0,326.0,287.0,262.0,283.0,340.0,172.0,151.0,305.0,336.0,315.0,325.0,341.0,218.0,109.0,128.0,311.0,289.0,362.0,376.0,262.0,147.0,340.0,314.0,281.0,313.0,331.0,231.0,126.0,324.0,294.0,292.0,319.0,369.0,239.0,116.0,253.0,301.0,326.0,253.0,352.0,255.0,116.0,377.0,319.0,293.0,387.0,307.0,247.0,107.0,247.0,115.0,362.0,360.0,182.0,216.0,130.0,323.0,326.0,383.0,322.0,336.0,207.0,119.0,272.0,271.0,344.0,311.0,312.0,225.0,124.0,361.0,302.0,321.0,318.0,314.0,220.0,118.0,378.0,309.0,336.0,365.0,379.0,247.0,131.0,335.0,316.0,305.0,361.0,326.0,187.0,125.0,293.0,369.0,200.0,305.0,413.0,208.0,121.0,351.0,279.0,253.0,305.0,323.0,257.0,140.0,263.0,322.0,274.0,327.0,347.0,228.0,129.0,121.0,257.0,189.0,230.0,345.0,284.0,120.0,279.0,244.0,171.0,219.0,331.0,173.0,140.0,221.0,326.0,330.0,282.0,310.0,266.0,143.0,204.0,249.0,267.0,216.0,183.0,224.0,119.0,228.0,227.0,275.0,258.0,323.0,220.0,164.0,288.0,306.0,132.0,325.0,371.0,248.0,132.0,292.0,289.0,285.0,275.0,368.0,250.0,156.0,268.0,338.0,309.0,293.0,347.0,233.0,119.0,274.0,312.0,292.0,285.0,293.0,193.0,140.0,279.0,315.0,306.0,277.0,309.0,208.0,141.0,234.0,275.0,314.0,310.0,357.0,263.0,69.0,265.0,312.0,315.0,110.0,151.0,170.0,138.0,293.0,315.0,297.0,350.0,414.0,220.0,112.0,239.0,357.0,309.0,408.0,340.0,170.0,124.0,328.0,293.0,221.0,321.0,373.0,245.0,131.0,265.0,322.0,330.0,349.0,313.0,190.0,88.0,47.0,180.0,260.0,246.0,282.0,140.0,83.0
116.0,292.0,265.0,215.0,374.0,343.0,153.0,66.0,337.0,270.0,307.0,273.0,392.0,185.0,114.0,250.0,271.0,300.0,345.0,314.0,173.0,87.0,300.0,314.0,330.0,364.0,353.0,218.0,120.0,242.0,310.0,322.0,304.0,321.0,210.0,82.0,346.0,206.0,255.0,341.0,351.0,240.0,118.0,260.0,296.0,326.0,226.0,276.0,94.0,87.0,273.0,295.0,190.0,95.0,0.0,33.0,71.0,269.0,293.0,372.0,288.0,334.0,214.0,116.0,349.0,353.0,296.0,340.0,341.0,232.0,103.0,305.0,315.0,302.0,358.0,307.0,272.0,100.0,319.0,242.0,320.0,353.0,310.0,229.0,132.0,354.0,386.0,336.0,334.0,224.0,218.0,132.0,333.0,365.0,338.0,300.0,336.0,230.0,132.0,338.0,318.0,0.0,339.0,350.0,219.0,87.0,223.0,246.0,310.0,321.0,359.0,254.0,134.0,393.0,300.0,391.0,305.0,374.0,228.0,150.0,388.0,222.0,305.0,323.0,356.0,249.0,132.0,238.0,257.0,341.0,317.0,335.0,237.0,99.0,301.0,331.0,365.0,270.0,359.0,181.0,117.0,290.0,319.0,251.0,351.0,353.0,221.0,126.0,124.0,337.0,320.0,381.0,326.0,242.0,112.0,258.0,317.0,320.0,294.0,287.0,258.0,129.0,245.0,300.0,337.0,251.0,347.0,226.0,107.0,361.0,238.0,327.0,324.0,306.0,262.0,139.0,369.0,367.0,254.0,339.0,361.0,225.0,122.0,260.0,114.0,333.0,324.0,294.0,232.0,142.0,363.0,270.0,325.0,372.0,328.0,225.0,117.0,390.0,308.0,353.0,317.0,322.0,234.0,169.0,319.0,352.0,257.0,290.0,338.0,237.0,142.0,367.0,273.0,292.0,240.0,369.0,288.0,119.0,333.0,280.0,358.0,372.0,366.0,222.0,146.0,260.0,335.0,330.0,371.0,361.0,200.0,126.0,402.0,268.0,330.0,303.0,342.0,244.0,149.0,271.0,283.0,329.0,227.0,324.0,195.0,139.0,89.0,287.0,212.0,255.0,320.0,243.0,117.0,344.0,253.0,209.0,289.0,287.0,128.0,138.0,235.0,302.0,263.0,302.0,356.0,248.0,154.0,232.0,238.0,251.0,302.0,187.0,249.0,150.0,260.0,284.0,271.0,248.0,314.0,260.0,144.0,202.0,252.0,159.0,348.0,297.0,217.0,157.0,278.0,313.0,276.0,254.0,338.0,227.0,135.0,286.0,318.0,289.0,323.0,298.0,270.0,127.0,250.0,292.0,319.0,363.0,366.0,261.0,142.0,257.0,298.0,322.0,216.0,233.0,293.0,130.0,209.0,357.0,275.0,265.0,301.0,270.0,66.0,345.0,318.0,338.0,98.0,215.0,159.0,141.0,322.0,289.0,317.0,323.0,330.0,259.0,132.0,292.0,353.0,313.0,330.0,317.0,114.0,142.0,355.0,348.0,312.0,341.0,329.0,248.0,118.0,350.0,373.0,345.0,359.0,337.0,190.0,108.0,65.0,227.0,298.0,276.0,185.0,148.0,79.0
112.0,326.0,358.0,310.0,353.0,330.0,156.0,70.0,306.0,238.0,320.0,282.0,336.0,187.0,93.0,276.0,326.0,346.0,297.0,263.0,183.0,84.0,298.0,333.0,313.0,394.0,317.0,220.0,96.0,244.0,381.0,272.0,309.0,300.0,195.0,99.0,384.0,237.0,248.0,382.0,344.0,231.0,120.0,271.0,337.0,228.0,217.0,341.0,200.0,81.0,295.0,333.0,285.0,64.0,0.0,94.0,94.0,343.0,359.0,326.0,319.0,347.0,229.0,122.0,345.0,312.0,316.0,321.0,365.0,249.0,126.0,355.0,322.0,366.0,301.0,394.0,208.0,116.0,280.0,267.0,262.0,347.0,328.0,225.0,122.0,295.0,337.0,350.0,336.0,240.0,213.0,148.0,372.0,319.0,306.0,326.0,353.0,188.0,127.0,385.0,311.0,0.0,325.0,366.0,199.0,91.0,301.0,203.0,356.0,349.0,398.0,283.0,139.0,343.0,276.0,384.0,367.0,364.0,275.0,127.0,350.0,286.0,354.0,375.0,340.0,202.0,135.0,264.0,363.0,339.0,307.0,185.0,262.0,116.0,353.0,375.0,350.0,285.0,358.0,201.0,135.0,305.0,357.0,289.0,378.0,322.0,236.0,161.0,113.0,319.0,388.0,339.0,385.0,237.0,131.0,195.0,312.0,308.0,377.0,324.0,234.0,126.0,343.0,285.0,380.0,352.0,336.0,243.0,131.0,319.0,314.0,340.0,310.0,345.0,234.0,120.0,398.0,321.0,290.0,310.0,326.0,204.0,103.0,314.0,142.0,304.0,361.0,307.0,229.0,165.0,306.0,346.0,330.0,332.0,360.0,218.0,137.0,202.0,288.0,327.0,344.0,364.0,286.0,147.0,290.0,404.0,334.0,428.0,380.0,259.0,137.0,253.0,369.0,329.0,218.0,333.0,251.0,128.0,268.0,344.0,282.0,351.0,367.0,246.0,126.0,335.0,354.0,313.0,314.0,373.0,141.0,137.0,381.0,243.0,291.0,290.0,365.0,261.0,163.0,248.0,356.0,309.0,260.0,362.0,206.0,134.0,128.0,212.0,260.0,306.0,278.0,256.0,152.0,320.0,225.0,346.0,245.0,357.0,186.0,173.0,183.0,250.0,284.0,255.0,342.0,257.0,143.0,232.0,253.0,278.0,298.0,330.0,207.0,160.0,266.0,312.0,236.0,186.0,332.0,201.0,157.0,308.0,319.0,161.0,318.0,316.0,239.0,139.0,303.0,293.0,331.0,281.0,313.0,237.0,155.0,276.0,330.0,290.0,341.0,318.0,263.0,136.0,285.0,342.0,337.0,322.0,353.0,185.0,153.0,295.0,325.0,334.0,299.0,329.0,219.0,149.0,296.0,335.0,357.0,289.0,364.0,240.0,91.0,355.0,335.0,292.0,100.0,172.0,155.0,142.0,321.0,314.0,345.0,341.0,345.0,241.0,113.0,292.0,344.0,354.0,324.0,358.0,148.0,127.0,287.0,304.0,343.0,377.0,371.0,200.0,128.0,327.0,387.0,309.0,327.0,294.0,180.0,114.0,70.0,262.0,213.0,311.0,283.0,159.0,87.0
124.0,319.0,376.0,316.0,266.0,369.0,173.0,96.0,244.0,256.0,279.0,190.0,374.0,191.0,129.0,266.0,392.0,340.0,346.0,304.0,188.0,91.0,282.0,354.0,340.0,386.0,378.0,207.0,99.0,299.0,370.0,348.0,289.0,291.0,193.0,98.0,317.0,239.0,186.0,344.0,358.0,279.0,107.0,300.0,340.0,259.0,236.0,337.0,177.0,91.0,302.0,335.0,276.0,228.0,0.0,136.0,75.0,259.0,331.0,322.0,353.0,400.0,215.0,137.0,340.0,357.0,364.0,353.0,304.0,227.0,135.0,351.0,343.0,366.0,344.0,365.0,238.0,103.0,248.0,274.0,341.0,338.0,332.0,213.0,122.0,317.0,347.0,303.0,339.0,236.0,223.0,139.0,372.0,399.0,431.0,345.0,335.0,263.0,139.0,363.0,337.0,0.0,184.0,344.0,206.0,86.0,271.0,210.0,364.0,354.0,309.0,256.0,142.0,405.0,374.0,394.0,318.0,367.0,239.0,150.0,315.0,226.0,299.0,391.0,330.0,242.0,149.0,356.0,313.0,318.0,345.0,257.0,239.0,104.0,377.0,308.0,322.0,342.0,346.0,176.0,147.0,336.0,319.0,348.0,350.0,309.0,241.0,130.0,114.0,303.0,331.0,328.0,362.0,259.0,119.0,298.0,290.0,362.0,354.0,345.0,237.0,114.0,331.0,303.0,379.0,340.0,360.0,208.0,125.0,305.0,310.0,340.0,361.0,337.0,215.0,161.0,347.0,338.0,279.0,345.0,353.0,230.0,130.0,274.0,92.0,366.0,410.0,348.0,253.0,148.0,269.0,357.0,344.0,383.0,382.0,236.0,127.0,318.0,386.0,333.0,251.0,365.0,234.0,124.0,364.0,302.0,355.0,360.0,372.0,239.0,147.0,390.0,288.0,328.0,232.0,367.0,257.0,146.0,327.0,365.0,319.0,366.0,301.0,219.0,122.0,323.0,357.0,234.0,356.0,361.0,197.0,97.0,314.0,380.0,287.0,237.0,353.0,278.0,176.0,239.0,352.0,292.0,305.0,290.0,211.0,135.0,125.0,193.0,195.0,353.0,280.0,278.0,154.0,331.0,291.0,264.0,321.0,363.0,120.0,158.0,200.0,183.0,269.0,241.0,308.0,228.0,159.0,252.0,287.0,303.0,324.0,271.0,211.0,125.0,224.0,318.0,315.0,280.0,297.0,226.0,139.0,330.0,347.0,235.0,333.0,328.0,206.0,134.0,280.0,286.0,299.0,368.0,300.0,252.0,181.0,318.0,312.0,283.0,299.0,327.0,240.0,134.0,271.0,310.0,306.0,311.0,310.0,192.0,140.0,302.0,312.0,321.0,270.0,236.0,243.0,168.0,285.0,337.0,325.0,317.0,322.0,286.0,76.0,296.0,312.0,337.0,117.0,197.0,179.0,128.0,290.0,284.0,338.0,330.0,367.0,247.0,145.0,290.0,336.0,368.0,369.0,389.0,173.0,134.0,302.0,362.0,380.0,394.0,376.0,234.0,119.0,382.0,348.0,370.0,386.0,263.0,182.0,107.0,51.0,205.0,298.0,314.0,269.0,162.0,99.0
129.0,361.0,322.0,318.0,332.0,330.0,169.0,81.0,317.0,281.0,327.0,335.0,364.0,222.0,93.0,264.0,380.0,274.0,356.0,328.0,191.0,74.0,315.0,361.0,351.0,352.0,383.0,207.0,113.0,293.0,339.0,270.0,255.0,307.0,201.0,110.0,351.0,293.0,236.0,355.0,318.0,255.0,132.0,269.0,223.0,356.0,272.0,355.0,186.0,108.0,307.0,313.0,160.0,159.0,0.0,125.0,34.0,320.0,367.0,357.0,371.0,320.0,202.0,116.0,353.0,383.0,343.0,307.0,386.0,223.0,139.0,361.0,295.0,309.0,401.0,353.0,225.0,120.0,393.0,328.0,345.0,389.0,357.0,167.0,166.0,414.0,357.0,411.0,353.0,189.0,234.0,132.0,328.0,414.0,348.0,297.0,298.0,262.0,149.0,396.0,287.0,0.0,257.0,328.0,203.0,99.0,233.0,266.0,345.0,377.0,341.0,239.0,155.0,383.0,303.0,368.0,432.0,295.0,281.0,136.0,314.0,291.0,364.0,368.0,385.0,258.0,160.0,269.0,282.0,357.0,355.0,362.0,280.0,138.0,398.0,295.0,365.0,254.0,370.0,233.0,170.0,307.0,354.0,348.0,360.0,348.0,219.0,156.0,145.0,337.0,348.0,347.0,381.0,278.0,151.0,394.0,382.0,347.0,329.0,312.0,277.0,148.0,345.0,370.0,338.0,301.0,380.0,278.0,127.0,359.0,286.0,301.0,331.0,287.0,225.0,150.0,327.0,397.0,274.0,339.0,255.0,273.0,122.0,256.0,93.0,352.0,385.0,341.0,239.0,152.0,334.0,344.0,361.0,385.0,344.0,259.0,150.0,299.0,356.0,341.0,272.0,391.0,217.0,138.0,351.0,355.0,366.0,400.0,307.0,230.0,145.0,360.0,414.0,404.0,333.0,380.0,258.0,147.0,327.0,330.0,357.0,270.0,362.0,258.0,133.0,265.0,291.0,290.0,338.0,314.0,252.0,164.0,358.0,281.0,327.0,280.0,331.0,231.0,136.0,337.0,322.0,349.0,266.0,356.0,212.0,143.0,127.0,218.0,272.0,269.0,352.0,189.0,156.0,279.0,277.0,288.0,244.0,310.0,191.0,185.0,195.0,265.0,315.0,260.0,294.0,246.0,137.0,270.0,321.0,250.0,306.0,276.0,187.0,142.0,239.0,346.0,284.0,300.0,323.0,267.0,156.0,265.0,296.0,156.0,318.0,326.0,226.0,141.0,306.0,320.0,330.0,301.0,315.0,254.0,174.0,313.0,331.0,324.0,342.0,348.0,225.0,158.0,299.0,320.0,323.0,319.0,373.0,257.0,157.0,299.0,312.0,298.0,296.0,278.0,227.0,148.0,240.0,323.0,295.0,308.0,323.0,241.0,91.0,363.0,320.0,293.0,136.0,166.0,177.0,135.0,352.0,366.0,290.0,363.0,314.0,214.0,156.0,260.0,366.0,334.0,353.0,395.0,166.0,141.0,328.0,353.0,341.0,336.0,340.0,239.0,167.0,357.0,371.0,321.0,365.0,313.0,189.0,118.0,60.0,280.0,297.0,291.0,304.0,164.0,79.0
120.0,347.0,311.0,255.0,310.0,363.0,169.0,93.0,358.0,151.0,308.0,222.0,372.0,224.0,110.0,270.0,412.0,325.0,369.0,343.0,198.0,91.0,373.0,313.0,326.0,357.0,353.0,190.0,114.0,343.0,346.0,375.0,310.0,359.0,190.0,95.0,324.0,250.0,275.0,341.0,337.0,247.0,119.0,248.0,311.0,313.0,224.0,316.0,175.0,134.0,330.0,307.0,213.0,188.0,0.0,80.0,38.0,242.0,360.0,315.0,351.0,366.0,210.0,115.0,357.0,313.0,292.0,344.0,368.0,233.0,106.0,313.0,359.0,301.0,364.0,393.0,246.0,120.0,294.0,300.0,284.0,338.0,314.0,238.0,134.0,324.0,353.0,388.0,337.0,207.0,226.0,124.0,353.0,344.0,365.0,389.0,312.0,228.0,151.0,362.0,305.0,0.0,258.0,344.0,210.0,96.0,164.0,256.0,348.0,375.0,387.0,262.0,152.0,419.0,322.0,377.0,310.0,224.0,228.0,151.0,229.0,278.0,314.0,329.0,367.0,269.0,136.0,372.0,300.0,384.0,308.0,276.0,269.0,120.0,358.0,319.0,340.0,328.0,303.0,230.0,147.0,309.0,338.0,382.0,365.0,350.0,270.0,142.0,147.0,256.0,319.0,249.0,386.0,283.0,155.0,338.0,378.0,365.0,411.0,299.0,227.0,152.0,374.0,311.0,382.0,324.0,257.0,236.0,144.0,288.0,335.0,317.0,333.0,344.0,223.0,159.0,380.0,354.0,322.0,386.0,367.0,193.0,140.0,271.0,107.0,291.0,363.0,354.0,292.0,148.0,377.0,337.0,378.0,418.0,350.0,233.0,126.0,327.0,304.0,380.0,392.0,382.0,242.0,170.0,329.0,336.0,318.0,356.0,348.0,189.0,130.0,343.0,336.0,347.0,336.0,339.0,245.0,142.0,362.0,345.0,392.0,379.0,393.0,261.0,121.0,412.0,340.0,327.0,364.0,341.0,71.0,154.0,395.0,297.0,320.0,345.0,353.0,279.0,163.0,283.0,336.0,341.0,361.0,349.0,252.0,147.0,136.0,238.0,203.0,211.0,328.0,229.0,165.0,373.0,273.0,277.0,258.0,328.0,168.0,179.0,302.0,369.0,320.0,253.0,295.0,198.0,127.0,256.0,272.0,305.0,271.0,271.0,214.0,142.0,285.0,311.0,290.0,282.0,326.0,299.0,145.0,336.0,340.0,276.0,308.0,271.0,186.0,167.0,316.0,325.0,321.0,310.0,329.0,301.0,164.0,308.0,157.0,305.0,309.0,304.0,213.0,128.0,298.0,304.0,299.0,340.0,328.0,215.0,155.0,314.0,311.0,338.0,252.0,230.0,222.0,168.0,325.0,355.0,376.0,312.0,281.0,266.0,85.0,332.0,304.0,291.0,143.0,169.0,182.0,155.0,325.0,381.0,382.0,329.0,393.0,306.0,151.0,281.0,335.0,287.0,413.0,349.0,170.0,146.0,350.0,327.0,366.0,333.0,385.0,252.0,162.0,336.0,359.0,399.0,330.0,323.0,208.0,121.0,56.0,243.0,300.0,282.0,210.0,133.0,83.0
120.0,317.0,306.0,348.0,256.0,299.0,189.0,111.0,309.0,285.0,334.0,258.0,381.0,197.0,103.0,253.0,330.0,307.0,292.0,302.0,225.0,74.0,348.0,308.0,329.0,373.0,354.0,216.0,127.0,321.0,376.0,352.0,298.0,235.0,246.0,109.0,298.0,232.0,262.0,358.0,266.0,225.0,92.0,241.0,296.0,332.0,316.0,275.0,144.0,101.0,294.0,304.0,138.0,250.0,0.0,83.0,66.0,332.0,326.0,340.0,366.0,358.0,232.0,138.0,329.0,231.0,300.0,333.0,363.0,207.0,147.0,340.0,345.0,268.0,366.0,359.0,232.0,115.0,335.0,279.0,283.0,359.0,387.0,249.0,151.0,324.0,355.0,286.0,341.0,237.0,231.0,136.0,339.0,394.0,361.0,335.0,354.0,206.0,128.0,357.0,377.0,0.0,210.0,350.0,238.0,117.0,148.0,204.0,382.0,332.0,367.0,309.0,175.0,367.0,385.0,310.0,352.0,260.0,239.0,154.0,360.0,295.0,342.0,341.0,365.0,205.0,141.0,257.0,382.0,307.0,307.0,279.0,171.0,125.0,353.0,321.0,292.0,298.0,356.0,165.0,171.0,341.0,337.0,377.0,336.0,361.0,234.0,143.0,120.0,378.0,372.0,331.0,365.0,264.0,138.0,312.0,290.0,341.0,324.0,358.0,249.0,149.0,364.0,306.0,353.0,300.0,322.0,212.0,149.0,288.0,340.0,354.0,322.0,325.0,229.0,148.0,351.0,347.0,305.0,299.0,330.0,270.0,123.0,269.0,108.0,353.0,337.0,365.0,265.0,164.0,295.0,376.0,319.0,363.0,361.0,213.0,141.0,304.0,311.0,341.0,322.0,361.0,265.0,130.0,346.0,406.0,313.0,260.0,325.0,236.0,141.0,361.0,362.0,363.0,259.0,362.0,246.0,136.0,317.0,373.0,358.0,333.0,379.0,147.0,135.0,338.0,377.0,282.0,319.0,353.0,168.0,138.0,401.0,267.0,282.0,268.0,425.0,267.0,138.0,317.0,233.0,322.0,282.0,347.0,199.0,136.0,144.0,256.0,202.0,284.0,270.0,262.0,141.0,281.0,266.0,298.0,241.0,340.0,311.0,141.0,287.0,267.0,245.0,291.0,331.0,241.0,135.0,305.0,257.0,248.0,294.0,243.0,253.0,129.0,203.0,319.0,292.0,282.0,308.0,237.0,139.0,278.0,235.0,276.0,284.0,342.0,195.0,135.0,285.0,312.0,303.0,340.0,351.0,247.0,182.0,331.0,0.0,349.0,316.0,363.0,197.0,157.0,287.0,288.0,308.0,314.0,319.0,199.0,148.0,289.0,262.0,317.0,274.0,333.0,246.0,178.0,322.0,302.0,331.0,226.0,378.0,281.0,74.0,324.0,284.0,344.0,101.0,183.0,179.0,158.0,357.0,309.0,322.0,310.0,279.0,227.0,158.0,332.0,292.0,326.0,314.0,328.0,193.0,161.0,357.0,332.0,336.0,328.0,356.0,201.0,148.0,340.0,372.0,342.0,326.0,317.0,211.0,108.0,55.0,226.0,282.0,278.0,262.0,138.0,98.0
128.0,314.0,290.0,292.0,357.0,333.0,154.0,82.0,315.0,247.0,328.0,353.0,327.0,180.0,115.0,263.0,347.0,339.0,327.0,328.0,216.0,76.0,293.0,345.0,329.0,335.0,315.0,212.0,127.0,288.0,332.0,351.0,279.0,315.0,196.0,104.0,306.0,297.0,217.0,343.0,277.0,207.0,131.0,304.0,312.0,308.0,223.0,309.0,170.0,96.0,293.0,323.0,144.0,240.0,0.0,98.0,38.0,362.0,221.0,278.0,315.0,344.0,195.0,118.0,302.0,265.0,316.0,330.0,320.0,265.0,137.0,295.0,346.0,323.0,339.0,332.0,215.0,131.0,371.0,277.0,313.0,397.0,356.0,238.0,102.0,335.0,343.0,375.0,380.0,254.0,221.0,131.0,393.0,302.0,341.0,376.0,273.0,260.0,129.0,331.0,307.0,0.0,294.0,341.0,220.0,134.0,210.0,153.0,360.0,386.0,323.0,209.0,168.0,374.0,378.0,373.0,308.0,204.0,260.0,164.0,338.0,318.0,353.0,278.0,347.0,246.0,117.0,295.0,315.0,375.0,367.0,331.0,319.0,103.0,328.0,353.0,316.0,292.0,351.0,170.0,155.0,322.0,323.0,249.0,291.0,278.0,228.0,143.0,145.0,341.0,317.0,309.0,320.0,219.0,168.0,310.0,337.0,336.0,369.0,346.0,229.0,141.0,340.0,225.0,319.0,361.0,337.0,258.0,148.0,273.0,378.0,339.0,330.0,364.0,247.0,156.0,415.0,348.0,295.0,349.0,324.0,240.0,135.0,245.0,125.0,351.0,348.0,332.0,230.0,169.0,374.0,328.0,361.0,328.0,268.0,251.0,152.0,288.0,357.0,366.0,364.0,379.0,261.0,136.0,311.0,326.0,365.0,276.0,351.0,192.0,118.0,297.0,354.0,289.0,264.0,321.0,257.0,146.0,298.0,317.0,367.0,335.0,335.0,150.0,121.0,359.0,406.0,324.0,370.0,375.0,178.0,121.0,364.0,281.0,246.0,237.0,248.0,255.0,156.0,247.0,259.0,314.0,290.0,317.0,200.0,141.0,162.0,205.0,233.0,318.0,308.0,228.0,144.0,309.0,254.0,241.0,301.0,325.0,241.0,148.0,191.0,296.0,301.0,269.0,342.0,221.0,129.0,290.0,311.0,306.0,314.0,257.0,225.0,126.0,256.0,301.0,324.0,240.0,308.0,221.0,134.0,293.0,308.0,259.0,310.0,316.0,224.0,101.0,315.0,331.0,314.0,353.0,319.0,218.0,169.0,297.0,0.0,337.0,314.0,363.0,220.0,137.0,249.0,324.0,336.0,314.0,348.0,242.0,136.0,296.0,312.0,331.0,236.0,278.0,270.0,164.0,272.0,318.0,328.0,262.0,304.0,206.0,93.0,322.0,310.0,278.0,140.0,174.0,205.0,143.0,341.0,331.0,317.0,319.0,320.0,238.0,137.0,275.0,288.0,304.0,337.0,308.0,150.0,166.0,284.0,359.0,371.0,319.0,297.0,259.0,132.0,318.0,331.0,342.0,357.0,286.0,167.0,130.0,65.0,202.0,278.0,295.0,268.0,126.0,107.0
120.0,322.0,329.0,239.0,342.0,366.0,168.0,74.0,332.0,184.0,348.0,317.0,352.0,202.0,115.0,242.0,339.0,309.0,296.0,264.0,212.0,68.0,315.0,510.0,394.0,334.0,354.0,223.0,132.0,292.0,368.0,344.0,298.0,308.0,181.0,93.0,319.0,208.0,197.0,335.0,338.0,294.0,119.0,297.0,260.0,333.0,233.0,293.0,195.0,95.0,306.0,314.0,69.0,175.0,0.0,124.0,94.0,372.0,177.0,282.0,331.0,369.0,220.0,125.0,367.0,368.0,339.0,369.0,335.0,234.0,102.0,352.0,318.0,316.0,337.0,328.0,237.0,146.0,340.0,290.0,354.0,384.0,363.0,222.0,172.0,339.0,367.0,304.0,385.0,264.0,211.0,109.0,261.0,331.0,374.0,300.0,271.0,241.0,142.0,360.0,189.0,0.0,265.0,334.0,228.0,120.0,183.0,181.0,355.0,335.0,352.0,273.0,161.0,409.0,287.0,360.0,306.0,249.0,276.0,168.0,277.0,314.0,386.0,350.0,358.0,201.0,162.0,350.0,332.0,254.0,327.0,341.0,256.0,118.0,352.0,324.0,256.0,313.0,294.0,210.0,165.0,343.0,328.0,288.0,336.0,349.0,241.0,130.0,151.0,303.0,381.0,364.0,344.0,212.0,144.0,221.0,363.0,328.0,346.0,343.0,236.0,155.0,340.0,317.0,361.0,328.0,356.0,207.0,140.0,396.0,366.0,300.0,308.0,374.0,234.0,154.0,343.0,357.0,305.0,276.0,333.0,225.0,135.0,245.0,120.0,363.0,352.0,294.0,262.0,146.0,359.0,320.0,350.0,351.0,341.0,205.0,163.0,353.0,341.0,332.0,321.0,355.0,201.0,157.0,347.0,293.0,340.0,356.0,345.0,219.0,159.0,307.0,360.0,375.0,298.0,327.0,293.0,136.0,381.0,348.0,370.0,359.0,298.0,224.0,104.0,294.0,308.0,297.0,322.0,381.0,199.0,131.0,388.0,268.0,395.0,298.0,331.0,234.0,173.0,236.0,266.0,357.0,248.0,291.0,253.0,133.0,102.0,247.0,214.0,333.0,368.0,225.0,192.0,262.0,300.0,295.0,289.0,353.0,255.0,168.0,247.0,252.0,284.0,321.0,331.0,228.0,123.0,300.0,292.0,319.0,335.0,269.0,246.0,129.0,342.0,348.0,324.0,260.0,344.0,258.0,152.0,321.0,320.0,245.0,288.0,306.0,219.0,127.0,331.0,293.0,317.0,335.0,290.0,279.0,165.0,257.0,0.0,298.0,330.0,310.0,248.0,145.0,232.0,294.0,352.0,350.0,291.0,250.0,150.0,286.0,294.0,389.0,316.0,302.0,247.0,163.0,302.0,321.0,355.0,322.0,350.0,253.0,85.0,332.0,294.0,332.0,132.0,148.0,192.0,173.0,327.0,387.0,284.0,322.0,311.0,231.0,111.0,297.0,299.0,345.0,349.0,321.0,151.0,112.0,328.0,350.0,331.0,368.0,388.0,214.0,143.0,332.0,405.0,371.0,342.0,306.0,206.0,103.0,68.0,211.0,285.0,260.0,257.0,136.0,105.0
132.0,334.0,326.0,329.0,378.0,296.0,135.0,89.0,281.0,295.0,270.0,329.0,321.0,190.0,122.0,243.0,336.0,321.0,292.0,320.0,211.0,96.0,328.0,301.0,352.0,379.0,349.0,219.0,124.0,261.0,348.0,309.0,253.0,277.0,233.0,110.0,353.0,212.0,191.0,297.0,274.0,261.0,133.0,286.0,238.0,334.0,231.0,313.0,211.0,119.0,313.0,228.0,154.0,225.0,0.0,69.0,66.0,376.0,224.0,355.0,345.0,273.0,186.0,104.0,313.0,305.0,364.0,400.0,355.0,240.0,165.0,349.0,272.0,307.0,371.0,356.0,231.0,149.0,413.0,289.0,309.0,394.0,362.0,224.0,127.0,348.0,333.0,329.0,327.0,311.0,193.0,128.0,362.0,344.0,374.0,335.0,295.0,236.0,166.0,308.0,308.0,0.0,224.0,399.0,192.0,135.0,194.0,185.0,366.0,377.0,330.0,273.0,172.0,392.0,292.0,371.0,384.0,240.0,202.0,160.0,288.0,321.0,355.0,333.0,370.0,215.0,141.0,302.0,303.0,406.0,306.0,282.0,285.0,147.0,353.0,307.0,400.0,279.0,337.0,217.0,147.0,344.0,326.0,264.0,324.0,311.0,248.0,132.0,183.0,265.0,316.0,378.0,348.0,256.0,151.0,299.0,276.0,370.0,342.0,283.0,247.0,138.0,317.0,345.0,317.0,334.0,263.0,195.0,161.0,292.0,323.0,352.0,362.0,289.0,223.0,183.0,350.0,355.0,324.0,352.0,361.0,235.0,140.0,217.0,109.0,351.0,311.0,325.0,224.0,136.0,334.0,351.0,338.0,297.0,347.0,219.0,156.0,316.0,281.0,369.0,354.0,338.0,259.0,199.0,326.0,340.0,355.0,302.0,331.0,234.0,182.0,345.0,272.0,355.0,311.0,352.0,231.0,167.0,253.0,363.0,360.0,349.0,337.0,213.0,101.0,332.0,314.0,317.0,333.0,381.0,159.0,162.0,339.0,375.0,332.0,311.0,331.0,225.0,173.0,318.0,154.0,343.0,315.0,346.0,226.0,162.0,169.0,204.0,286.0,302.0,327.0,244.0,186.0,256.0,317.0,261.0,338.0,301.0,287.0,176.0,200.0,260.0,287.0,336.0,305.0,350.0,166.0,242.0,308.0,332.0,295.0,256.0,272.0,139.0,316.0,331.0,295.0,287.0,312.0,225.0,157.0,308.0,354.0,278.0,315.0,305.0,235.0,159.0,336.0,316.0,265.0,267.0,287.0,273.0,170.0,325.0,0.0,336.0,353.0,350.0,211.0,153.0,247.0,338.0,346.0,312.0,324.0,212.0,159.0,316.0,327.0,351.0,270.0,300.0,191.0,147.0,342.0,302.0,333.0,249.0,331.0,231.0,72.0,308.0,319.0,312.0,133.0,194.0,186.0,173.0,275.0,354.0,383.0,400.0,393.0,276.0,146.0,240.0,331.0,305.0,349.0,309.0,119.0,130.0,314.0,384.0,363.0,358.0,405.0,214.0,157.0,394.0,385.0,330.0,360.0,346.0,153.0,108.0,52.0,139.0,275.0,247.0,231.0,170.0,94.0
144.0,323.0,366.0,279.0,315.0,333.0,196.0,104.0,291.0,197.0,266.0,304.0,353.0,251.0,122.0,191.0,340.0,330.0,371.0,314.0,233.0,110.0,379.0,173.0,349.0,303.0,335.0,221.0,140.0,350.0,339.0,363.0,288.0,251.0,195.0,117.0,367.0,266.0,238.0,348.0,367.0,226.0,171.0,212.0,292.0,331.0,190.0,207.0,189.0,73.0,343.0,263.0,178.0,233.0,0.0,154.0,95.0,218.0,220.0,266.0,376.0,312.0,266.0,140.0,330.0,308.0,337.0,380.0,348.0,229.0,137.0,365.0,314.0,389.0,325.0,306.0,266.0,150.0,378.0,325.0,378.0,378.0,331.0,206.0,191.0,309.0,314.0,372.0,302.0,321.0,220.0,163.0,353.0,324.0,348.0,332.0,315.0,251.0,175.0,361.0,290.0,0.0,341.0,335.0,285.0,113.0,287.0,187.0,391.0,333.0,348.0,323.0,200.0,387.0,264.0,391.0,343.0,314.0,289.0,154.0,230.0,316.0,372.0,359.0,343.0,247.0,160.0,348.0,339.0,397.0,363.0,323.0,239.0,153.0,283.0,368.0,340.0,287.0,346.0,176.0,191.0,126.0,419.0,378.0,387.0,306.0,271.0,169.0,146.0,323.0,328.0,349.0,346.0,241.0,169.0,362.0,302.0,323.0,372.0,363.0,239.0,153.0,370.0,260.0,356.0,308.0,314.0,198.0,143.0,338.0,350.0,346.0,298.0,341.0,242.0,173.0,330.0,312.0,309.0,382.0,323.0,235.0,150.0,262.0,133.0,393.0,332.0,331.0,222.0,160.0,378.0,345.0,342.0,333.0,397.0,251.0,162.0,361.0,313.0,329.0,320.0,283.0,221.0,158.0,314.0,339.0,343.0,337.0,365.0,193.0,190.0,366.0,364.0,313.0,241.0,340.0,229.0,141.0,365.0,343.0,297.0,312.0,366.0,188.0,166.0,271.0,391.0,319.0,387.0,332.0,117.0,152.0,413.0,274.0,324.0,275.0,323.0,289.0,171.0,214.0,206.0,313.0,275.0,341.0,225.0,157.0,166.0,222.0,241.0,248.0,365.0,280.0,120.0,242.0,311.0,319.0,335.0,323.0,257.0,185.0,321.0,269.0,323.0,340.0,361.0,280.0,157.0,247.0,322.0,312.0,295.0,318.0,264.0,169.0,295.0,336.0,317.0,336.0,286.0,250.0,201.0,324.0,276.0,305.0,328.0,350.0,207.0,176.0,323.0,324.0,348.0,345.0,244.0,262.0,203.0,309.0,0.0,355.0,304.0,311.0,257.0,167.0,241.0,361.0,362.0,321.0,327.0,248.0,191.0,315.0,299.0,218.0,339.0,289.0,247.0,172.0,307.0,440.0,348.0,227.0,301.0,254.0,78.0,341.0,330.0,293.0,136.0,188.0,210.0,116.0,224.0,345.0,348.0,355.0,377.0,245.0,187.0,239.0,353.0,356.0,333.0,394.0,179.0,166.0,377.0,320.0,379.0,372.0,348.0,272.0,166.0,332.0,341.0,401.0,354.0,329.0,238.0,148.0,70.0,287.0,215.0,278.0,288.0,179.0,108.0
158.0,350.0,389.0,338.0,287.0,358.0,180.0,97.0,337.0,289.0,306.0,269.0,323.0,200.0,128.0,200.0,340.0,364.0,358.0,330.0,240.0,87.0,366.0,337.0,348.0,347.0,349.0,203.0,157.0,253.0,361.0,399.0,285.0,343.0,194.0,117.0,404.0,224.0,186.0,367.0,352.0,259.0,140.0,236.0,306.0,315.0,207.0,224.0,269.0,134.0,312.0,307.0,164.0,225.0,0.0,113.0,122.0,366.0,149.0,358.0,324.0,347.0,306.0,132.0,349.0,359.0,375.0,299.0,374.0,271.0,160.0,326.0,244.0,372.0,343.0,403.0,266.0,137.0,361.0,297.0,399.0,350.0,355.0,305.0,188.0,344.0,282.0,353.0,363.0,308.0,275.0,170.0,387.0,335.0,353.0,272.0,341.0,220.0,160.0,363.0,383.0,0.0,306.0,328.0,248.0,149.0,206.0,236.0,312.0,382.0,354.0,323.0,225.0,334.0,298.0,332.0,333.0,214.0,240.0,170.0,281.0,340.0,402.0,323.0,322.0,257.0,149.0,321.0,382.0,351.0,342.0,243.0,255.0,136.0,355.0,370.0,367.0,359.0,358.0,234.0,199.0,166.0,372.0,333.0,378.0,369.0,290.0,172.0,174.0,377.0,326.0,339.0,384.0,250.0,166.0,350.0,379.0,389.0,359.0,335.0,243.0,156.0,400.0,382.0,319.0,341.0,337.0,272.0,188.0,327.0,290.0,310.0,379.0,315.0,243.0,181.0,324.0,310.0,379.0,360.0,322.0,307.0,166.0,244.0,151.0,333.0,341.0,295.0,245.0,161.0,331.0,371.0,301.0,335.0,334.0,215.0,171.0,235.0,362.0,360.0,297.0,322.0,293.0,175.0,320.0,355.0,347.0,384.0,309.0,244.0,154.0,386.0,330.0,337.0,344.0,367.0,281.0,145.0,313.0,332.0,375.0,339.0,332.0,241.0,169.0,324.0,334.0,353.0,389.0,342.0,149.0,181.0,419.0,329.0,343.0,285.0,321.0,292.0,148.0,308.0,292.0,347.0,272.0,306.0,245.0,156.0,155.0,286.0,179.0,351.0,297.0,251.0,191.0,352.0,247.0,327.0,294.0,298.0,211.0,170.0,246.0,280.0,357.0,297.0,323.0,258.0,150.0,232.0,336.0,360.0,262.0,314.0,241.0,137.0,313.0,320.0,347.0,172.0,346.0,308.0,189.0,277.0,327.0,350.0,332.0,338.0,239.0,139.0,326.0,325.0,376.0,355.0,354.0,261.0,191.0,353.0,0.0,330.0,317.0,363.0,281.0,163.0,265.0,308.0,346.0,347.0,387.0,241.0,175.0,305.0,313.0,346.0,324.0,319.0,245.0,208.0,271.0,286.0,344.0,277.0,343.0,257.0,93.0,330.0,342.0,288.0,135.0,201.0,184.0,213.0,378.0,374.0,342.0,340.0,364.0,257.0,174.0,212.0,344.0,359.0,365.0,386.0,177.0,159.0,322.0,332.0,381.0,371.0,369.0,246.0,140.0,378.0,332.0,359.0,367.0,337.0,192.0,159.0,75.0,240.0,242.0,292.0,221.0,198.0,131.0
146.0,316.0,360.0,348.0,324.0,309.0,200.0,107.0,318.0,306.0,365.0,276.0,337.0,220.0,144.0,230.0,314.0,362.0,340.0,283.0,228.0,91.0,308.0,392.0,315.0,373.0,297.0,246.0,160.0,300.0,357.0,403.0,281.0,328.0,258.0,123.0,381.0,278.0,303.0,335.0,355.0,284.0,181.0,297.0,225.0,391.0,341.0,287.0,237.0,146.0,314.0,309.0,133.0,230.0,0.0,108.0,48.0,249.0,150.0,392.0,296.0,321.0,211.0,160.0,328.0,276.0,373.0,347.0,325.0,270.0,129.0,332.0,362.0,250.0,355.0,337.0,261.0,136.0,333.0,216.0,352.0,357.0,282.0,314.0,191.0,379.0,364.0,399.0,388.0,216.0,223.0,155.0,285.0,338.0,283.0,352.0,314.0,260.0,183.0,365.0,414.0,0.0,268.0,292.0,243.0,137.0,209.0,153.0,339.0,379.0,346.0,257.0,158.0,408.0,289.0,346.0,331.0,298.0,282.0,173.0,282.0,317.0,375.0,344.0,353.0,244.0,184.0,310.0,331.0,327.0,400.0,331.0,279.0,155.0,399.0,315.0,377.0,305.0,302.0,210.0,175.0,94.0,355.0,356.0,273.0,385.0,286.0,203.0,193.0,376.0,398.0,372.0,334.0,286.0,204.0,328.0,316.0,376.0,359.0,368.0,294.0,181.0,283.0,306.0,351.0,312.0,257.0,299.0,165.0,328.0,361.0,334.0,352.0,343.0,264.0,195.0,348.0,320.0,329.0,398.0,353.0,256.0,198.0,270.0,146.0,360.0,347.0,290.0,215.0,185.0,333.0,360.0,263.0,337.0,401.0,255.0,166.0,298.0,268.0,287.0,335.0,407.0,300.0,175.0,357.0,322.0,352.0,325.0,281.0,246.0,177.0,300.0,335.0,298.0,288.0,369.0,262.0,178.0,366.0,327.0,357.0,314.0,259.0,246.0,179.0,342.0,362.0,391.0,390.0,349.0,190.0,180.0,327.0,334.0,278.0,338.0,314.0,236.0,218.0,252.0,366.0,341.0,348.0,309.0,248.0,185.0,138.0,224.0,385.0,320.0,313.0,301.0,189.0,385.0,339.0,376.0,321.0,371.0,279.0,199.0,301.0,354.0,314.0,321.0,332.0,254.0,184.0,296.0,282.0,298.0,364.0,336.0,270.0,138.0,272.0,366.0,326.0,350.0,341.0,270.0,210.0,344.0,323.0,314.0,352.0,340.0,228.0,137.0,346.0,385.0,329.0,334.0,336.0,280.0,202.0,331.0,0.0,411.0,353.0,332.0,262.0,163.0,295.0,332.0,388.0,356.0,333.0,230.0,183.0,336.0,329.0,325.0,310.0,294.0,287.0,177.0,334.0,349.0,360.0,269.0,319.0,254.0,100.0,338.0,387.0,347.0,138.0,193.0,200.0,198.0,385.0,332.0,346.0,386.0,352.0,247.0,148.0,301.0,333.0,356.0,365.0,359.0,188.0,166.0,313.0,334.0,356.0,334.0,365.0,245.0,182.0,334.0,341.0,344.0,362.0,295.0,221.0,142.0,75.0,271.0,216.0,276.0,268.0,204.0,128.0
161.0,309.0,343.0,335.0,343.0,350.0,179.0,119.0,334.0,296.0,391.0,319.0,371.0,271.0,126.0,286.0,354.0,302.0,355.0,224.0,163.0,126.0,344.0,322.0,319.0,365.0,280.0,261.0,148.0,319.0,375.0,314.0,301.0,337.0,193.0,134.0,408.0,216.0,288.0,294.0,311.0,305.0,172.0,339.0,430.0,328.0,364.0,332.0,186.0,33.0,351.0,348.0,82.0,121.0,0.0,158.0,46.0,387.0,191.0,408.0,369.0,372.0,323.0,147.0,320.0,265.0,360.0,400.0,337.0,291.0,152.0,324.0,362.0,367.0,267.0,373.0,262.0,176.0,401.0,248.0,378.0,342.0,283.0,332.0,205.0,273.0,321.0,345.0,311.0,243.0,299.0,175.0,340.0,252.0,324.0,319.0,206.0,270.0,168.0,409.0,277.0,0.0,245.0,341.0,267.0,166.0,205.0,258.0,353.0,369.0,330.0,286.0,143.0,349.0,299.0,421.0,369.0,375.0,236.0,188.0,390.0,326.0,362.0,309.0,320.0,223.0,205.0,345.0,303.0,347.0,289.0,375.0,275.0,186.0,326.0,361.0,375.0,340.0,366.0,234.0,218.0,88.0,311.0,319.0,417.0,333.0,289.0,180.0,163.0,321.0,356.0,369.0,345.0,251.0,210.0,361.0,320.0,370.0,366.0,368.0,297.0,175.0,363.0,269.0,319.0,349.0,308.0,251.0,177.0,291.0,273.0,288.0,291.0,308.0,281.0,207.0,355.0,342.0,420.0,307.0,381.0,272.0,164.0,259.0,156.0,349.0,306.0,332.0,299.0,189.0,360.0,307.0,386.0,358.0,349.0,222.0,168.0,342.0,351.0,338.0,346.0,353.0,193.0,239.0,297.0,314.0,284.0,389.0,297.0,250.0,174.0,212.0,355.0,372.0,327.0,310.0,311.0,179.0,363.0,279.0,361.0,346.0,355.0,237.0,196.0,339.0,367.0,374.0,384.0,324.0,195.0,146.0,353.0,295.0,389.0,304.0,352.0,300.0,187.0,309.0,356.0,368.0,335.0,365.0,293.0,182.0,167.0,237.0,319.0,322.0,300.0,262.0,231.0,333.0,333.0,288.0,361.0,309.0,299.0,186.0,367.0,327.0,310.0,307.0,331.0,320.0,156.0,342.0,334.0,281.0,316.0,348.0,295.0,174.0,265.0,383.0,330.0,253.0,338.0,322.0,185.0,296.0,307.0,328.0,358.0,326.0,236.0,185.0,278.0,351.0,293.0,370.0,340.0,286.0,239.0,348.0,0.0,313.0,293.0,348.0,285.0,156.0,333.0,370.0,381.0,342.0,359.0,264.0,186.0,313.0,327.0,376.0,340.0,343.0,276.0,190.0,287.0,321.0,349.0,241.0,336.0,280.0,86.0,335.0,316.0,313.0,157.0,242.0,238.0,186.0,381.0,397.0,344.0,319.0,300.0,281.0,203.0,199.0,341.0,386.0,385.0,363.0,158.0,182.0,369.0,337.0,316.0,302.0,317.0,268.0,227.0,328.0,311.0,371.0,348.0,281.0,232.0,144.0,90.0,208.0,207.0,276.0,221.0,220.0,112.0
180.0,315.0,305.0,318.0,229.0,341.0,179.0,121.0,343.0,237.0,318.0,333.0,323.0,219.0,149.0,251.0,405.0,340.0,251.0,363.0,251.0,113.0,346.0,300.0,321.0,366.0,300.0,236.0,142.0,400.0,325.0,304.0,345.0,319.0,256.0,129.0,303.0,202.0,254.0,343.0,342.0,275.0,188.0,417.0,351.0,446.0,340.0,341.0,222.0,0.0,369.0,308.0,129.0,135.0,0.0,193.0,36.0,399.0,148.0,345.0,368.0,342.0,257.0,158.0,344.0,331.0,344.0,291.0,304.0,299.0,151.0,378.0,368.0,426.0,369.0,318.0,256.0,186.0,332.0,319.0,304.0,340.0,322.0,285.0,176.0,343.0,396.0,362.0,336.0,302.0,257.0,181.0,337.0,296.0,387.0,306.0,259.0,295.0,175.0,333.0,337.0,0.0,306.0,315.0,281.0,130.0,267.0,220.0,342.0,371.0,316.0,318.0,130.0,331.0,236.0,370.0,346.0,370.0,291.0,192.0,269.0,295.0,353.0,290.0,343.0,273.0,184.0,366.0,350.0,262.0,309.0,351.0,266.0,182.0,351.0,301.0,387.0,387.0,345.0,266.0,187.0,90.0,345.0,334.0,279.0,330.0,264.0,133.0,172.0,318.0,358.0,354.0,281.0,287.0,240.0,327.0,316.0,267.0,346.0,310.0,251.0,173.0,337.0,331.0,330.0,313.0,284.0,276.0,185.0,328.0,328.0,295.0,358.0,364.0,243.0,195.0,321.0,343.0,404.0,307.0,306.0,207.0,164.0,258.0,155.0,378.0,279.0,293.0,247.0,178.0,316.0,331.0,308.0,297.0,349.0,285.0,217.0,297.0,277.0,282.0,342.0,287.0,217.0,162.0,341.0,299.0,376.0,388.0,338.0,254.0,154.0,248.0,342.0,348.0,286.0,348.0,300.0,188.0,335.0,356.0,295.0,308.0,325.0,228.0,202.0,374.0,324.0,332.0,404.0,328.0,228.0,186.0,421.0,392.0,247.0,303.0,374.0,286.0,190.0,333.0,399.0,314.0,336.0,272.0,266.0,189.0,159.0,225.0,326.0,325.0,329.0,309.0,160.0,400.0,337.0,340.0,239.0,329.0,273.0,190.0,187.0,364.0,316.0,326.0,307.0,294.0,201.0,304.0,362.0,317.0,227.0,345.0,283.0,204.0,303.0,366.0,333.0,336.0,330.0,282.0,172.0,367.0,340.0,286.0,337.0,365.0,241.0,188.0,304.0,351.0,311.0,333.0,332.0,266.0,227.0,304.0,0.0,341.0,349.0,325.0,224.0,171.0,287.0,335.0,358.0,335.0,326.0,218.0,177.0,306.0,333.0,310.0,339.0,235.0,274.0,166.0,234.0,363.0,373.0,279.0,355.0,302.0,98.0,317.0,320.0,263.0,161.0,214.0,225.0,262.0,357.0,343.0,337.0,384.0,353.0,278.0,197.0,294.0,349.0,327.0,333.0,298.0,184.0,195.0,341.0,359.0,381.0,356.0,338.0,260.0,180.0,386.0,304.0,366.0,358.0,280.0,282.0,185.0,102.0,245.0,247.0,273.0,293.0,207.0,125.0
187.0,342.0,311.0,309.0,315.0,330.0,177.0,104.0,314.0,274.0,381.0,215.0,323.0,255.0,126.0,326.0,322.0,326.0,285.0,217.0,252.0,134.0,331.0,297.0,279.0,361.0,341.0,256.0,175.0,366.0,367.0,367.0,314.0,357.0,225.0,141.0,350.0,257.0,232.0,316.0,340.0,301.0,189.0,319.0,288.0,371.0,357.0,255.0,237.0,0.0,342.0,272.0,156.0,160.0,0.0,91.0,121.0,342.0,196.0,325.0,301.0,306.0,295.0,160.0,322.0,357.0,366.0,321.0,348.0,232.0,182.0,337.0,333.0,311.0,287.0,330.0,280.0,150.0,368.0,308.0,237.0,295.0,325.0,326.0,201.0,313.0,285.0,322.0,339.0,208.0,286.0,211.0,287.0,339.0,355.0,344.0,305.0,287.0,185.0,341.0,355.0,0.0,312.0,305.0,271.0,163.0,246.0,224.0,265.0,320.0,286.0,308.0,151.0,356.0,277.0,375.0,338.0,303.0,285.0,195.0,292.0,293.0,354.0,329.0,310.0,286.0,194.0,317.0,336.0,356.0,324.0,336.0,283.0,187.0,315.0,307.0,338.0,345.0,320.0,217.0,216.0,86.0,330.0,305.0,328.0,343.0,245.0,169.0,198.0,390.0,360.0,321.0,340.0,293.0,231.0,268.0,355.0,296.0,388.0,250.0,239.0,152.0,292.0,284.0,327.0,375.0,331.0,276.0,211.0,313.0,333.0,315.0,300.0,333.0,247.0,198.0,299.0,352.0,375.0,316.0,250.0,262.0,153.0,265.0,154.0,367.0,343.0,312.0,289.0,214.0,326.0,312.0,307.0,246.0,298.0,259.0,169.0,278.0,321.0,331.0,321.0,334.0,293.0,221.0,313.0,339.0,320.0,320.0,348.0,282.0,174.0,326.0,274.0,336.0,362.0,344.0,279.0,184.0,343.0,302.0,313.0,325.0,343.0,247.0,185.0,320.0,346.0,312.0,421.0,382.0,178.0,188.0,376.0,335.0,285.0,351.0,311.0,272.0,262.0,260.0,345.0,314.0,296.0,322.0,259.0,191.0,197.0,258.0,286.0,315.0,298.0,272.0,282.0,332.0,293.0,296.0,275.0,335.0,302.0,221.0,326.0,311.0,308.0,305.0,254.0,285.0,194.0,338.0,265.0,394.0,259.0,240.0,277.0,192.0,306.0,324.0,352.0,338.0,336.0,279.0,218.0,263.0,351.0,320.0,326.0,263.0,221.0,201.0,337.0,320.0,336.0,287.0,320.0,294.0,243.0,324.0,0.0,376.0,321.0,349.0,269.0,201.0,255.0,339.0,330.0,320.0,293.0,254.0,212.0,293.0,328.0,237.0,367.0,243.0,288.0,234.0,360.0,316.0,352.0,297.0,312.0,266.0,118.0,288.0,344.0,311.0,178.0,189.0,214.0,220.0,329.0,370.0,331.0,345.0,327.0,256.0,176.0,287.0,349.0,341.0,333.0,351.0,130.0,219.0,331.0,330.0,361.0,313.0,335.0,243.0,189.0,367.0,323.0,337.0,325.0,281.0,230.0,207.0,101.0,242.0,208.0,291.0,285.0,207.0,142.0
182.0,293.0,265.0,324.0,319.0,295.0,198.0,116.0,320.0,257.0,316.0,355.0,323.0,242.0,154.0,268.0,360.0,259.0,324.0,264.0,199.0,145.0,322.0,306.0,300.0,282.0,235.0,234.0,156.0,276.0,310.0,346.0,292.0,274.0,271.0,155.0,319.0,298.0,259.0,355.0,294.0,301.0,165.0,226.0,390.0,307.0,288.0,269.0,186.0,0.0,301.0,319.0,154.0,157.0,0.0,159.0,45.0,335.0,150.0,235.0,331.0,330.0,258.0,158.0,333.0,314.0,350.0,283.0,338.0,285.0,164.0,321.0,348.0,312.0,338.0,282.0,265.0,158.0,302.0,356.0,293.0,283.0,332.0,392.0,189.0,312.0,279.0,360.0,309.0,259.0,309.0,183.0,322.0,330.0,307.0,340.0,285.0,272.0,188.0,308.0,334.0,0.0,310.0,288.0,262.0,160.0,253.0,189.0,360.0,331.0,308.0,291.0,143.0,343.0,312.0,341.0,282.0,307.0,264.0,223.0,307.0,385.0,371.0,330.0,293.0,286.0,179.0,363.0,310.0,374.0,281.0,314.0,289.0,218.0,342.0,378.0,352.0,341.0,326.0,188.0,200.0,85.0,352.0,371.0,369.0,305.0,251.0,177.0,209.0,317.0,322.0,343.0,295.0,316.0,193.0,348.0,315.0,353.0,282.0,321.0,238.0,223.0,287.0,299.0,356.0,379.0,290.0,219.0,175.0,309.0,291.0,334.0,365.0,315.0,246.0,226.0,330.0,297.0,351.0,318.0,310.0,256.0,239.0,206.0,156.0,358.0,335.0,297.0,243.0,206.0,345.0,305.0,319.0,328.0,326.0,250.0,200.0,356.0,309.0,317.0,319.0,299.0,296.0,234.0,311.0,310.0,346.0,335.0,307.0,225.0,200.0,289.0,341.0,358.0,345.0,386.0,311.0,153.0,294.0,300.0,339.0,308.0,335.0,232.0,202.0,321.0,287.0,294.0,391.0,306.0,152.0,196.0,387.0,343.0,324.0,312.0,302.0,248.0,200.0,319.0,214.0,334.0,301.0,254.0,273.0,195.0,195.0,349.0,292.0,306.0,318.0,304.0,261.0,278.0,306.0,341.0,342.0,214.0,243.0,177.0,372.0,325.0,301.0,337.0,329.0,267.0,200.0,279.0,325.0,345.0,335.0,274.0,275.0,238.0,308.0,308.0,321.0,310.0,318.0,272.0,173.0,274.0,277.0,211.0,304.0,294.0,219.0,136.0,361.0,331.0,342.0,285.0,235.0,314.0,191.0,366.0,0.0,337.0,329.0,336.0,297.0,156.0,320.0,307.0,351.0,335.0,293.0,227.0,164.0,343.0,293.0,307.0,324.0,300.0,288.0,204.0,286.0,357.0,309.0,253.0,318.0,275.0,137.0,307.0,325.0,338.0,149.0,226.0,239.0,241.0,314.0,311.0,240.0,329.0,342.0,241.0,214.0,214.0,316.0,298.0,347.0,328.0,179.0,230.0,330.0,302.0,294.0,329.0,249.0,318.0,194.0,335.0,341.0,352.0,354.0,303.0,245.0,180.0,121.0,232.0,245.0,300.0,242.0,198.0,166.0
185.0,298.0,345.0,325.0,307.0,327.0,203.0,124.0,329.0,272.0,345.0,307.0,292.0,237.0,169.0,255.0,277.0,329.0,328.0,241.0,205.0,130.0,318.0,337.0,255.0,320.0,310.0,223.0,171.0,312.0,289.0,317.0,278.0,337.0,209.0,138.0,334.0,269.0,262.0,339.0,310.0,279.0,176.0,359.0,369.0,333.0,285.0,251.0,203.0,141.0,328.0,321.0,203.0,70.0,0.0,36.0,87.0,300.0,270.0,328.0,319.0,308.0,276.0,151.0,310.0,331.0,296.0,344.0,291.0,269.0,169.0,338.0,359.0,343.0,296.0,311.0,262.0,184.0,311.0,342.0,343.0,286.0,355.0,278.0,222.0,287.0,306.0,333.0,348.0,194.0,302.0,197.0,363.0,294.0,357.0,315.0,309.0,263.0,206.0,368.0,358.0,0.0,340.0,306.0,286.0,172.0,253.0,210.0,306.0,352.0,287.0,275.0,144.0,295.0,285.0,302.0,342.0,324.0,283.0,230.0,320.0,347.0,413.0,233.0,294.0,258.0,194.0,320.0,336.0,368.0,328.0,356.0,288.0,192.0,314.0,332.0,324.0,365.0,328.0,208.0,156.0,87.0,340.0,341.0,314.0,394.0,292.0,172.0,194.0,324.0,325.0,357.0,341.0,281.0,217.0,284.0,357.0,353.0,300.0,290.0,289.0,173.0,323.0,356.0,254.0,305.0,278.0,308.0,191.0,263.0,334.0,314.0,325.0,327.0,272.0,207.0,325.0,322.0,400.0,327.0,333.0,281.0,183.0,283.0,160.0,325.0,306.0,308.0,260.0,185.0,352.0,295.0,372.0,328.0,345.0,249.0,198.0,323.0,312.0,319.0,323.0,346.0,296.0,222.0,317.0,382.0,361.0,365.0,352.0,272.0,197.0,303.0,389.0,317.0,301.0,347.0,323.0,232.0,317.0,295.0,333.0,269.0,322.0,252.0,187.0,348.0,276.0,383.0,368.0,340.0,207.0,193.0,380.0,324.0,314.0,345.0,341.0,239.0,217.0,259.0,326.0,333.0,335.0,311.0,277.0,205.0,173.0,222.0,317.0,268.0,317.0,309.0,227.0,236.0,299.0,344.0,297.0,330.0,311.0,226.0,306.0,235.0,243.0,295.0,309.0,293.0,192.0,349.0,348.0,305.0,350.0,255.0,298.0,217.0,272.0,286.0,282.0,336.0,318.0,289.0,233.0,220.0,271.0,286.0,306.0,314.0,310.0,222.0,282.0,290.0,325.0,276.0,338.0,289.0,200.0,273.0,0.0,364.0,356.0,296.0,294.0,175.0,298.0,302.0,314.0,315.0,325.0,266.0,204.0,279.0,279.0,334.0,300.0,302.0,262.0,233.0,336.0,326.0,370.0,219.0,273.0,291.0,109.0,312.0,279.0,264.0,196.0,216.0,261.0,200.0,339.0,273.0,305.0,331.0,300.0,259.0,188.0,300.0,340.0,338.0,340.0,303.0,216.0,220.0,363.0,309.0,312.0,283.0,370.0,285.0,216.0,242.0,340.0,322.0,332.0,275.0,206.0,165.0,78.0,263.0,209.0,259.0,249.0,174.0,152.0
184.0,330.0,327.0,247.0,311.0,296.0,159.0,118.0,347.0,237.0,375.0,282.0,294.0,249.0,153.0,233.0,353.0,266.0,290.0,256.0,259.0,90.0,309.0,320.0,304.0,231.0,257.0,263.0,169.0,316.0,324.0,332.0,331.0,220.0,208.0,175.0,300.0,247.0,278.0,327.0,278.0,301.0,182.0,313.0,258.0,301.0,305.0,276.0,233.0,144.0,304.0,284.0,264.0,130.0,0.0,163.0,74.0,293.0,320.0,309.0,340.0,266.0,251.0,182.0,333.0,343.0,335.0,264.0,336.0,220.0,146.0,289.0,297.0,321.0,332.0,279.0,271.0,200.0,350.0,268.0,305.0,346.0,303.0,284.0,187.0,354.0,343.0,345.0,315.0,216.0,272.0,161.0,340.0,340.0,278.0,345.0,267.0,235.0,235.0,304.0,298.0,0.0,305.0,345.0,289.0,149.0,190.0,144.0,320.0,320.0,240.0,325.0,152.0,347.0,340.0,310.0,303.0,291.0,274.0,174.0,267.0,284.0,367.0,299.0,317.0,238.0,209.0,263.0,365.0,292.0,322.0,284.0,325.0,210.0,335.0,315.0,331.0,357.0,359.0,165.0,203.0,100.0,347.0,294.0,328.0,346.0,284.0,173.0,184.0,391.0,327.0,368.0,304.0,216.0,208.0,311.0,341.0,366.0,303.0,312.0,263.0,206.0,335.0,345.0,423.0,361.0,316.0,282.0,203.0,263.0,330.0,312.0,338.0,298.0,236.0,142.0,346.0,355.0,251.0,338.0,316.0,241.0,243.0,263.0,145.0,370.0,337.0,302.0,274.0,190.0,305.0,340.0,332.0,339.0,322.0,261.0,192.0,332.0,352.0,357.0,317.0,328.0,269.0,196.0,338.0,354.0,356.0,371.0,293.0,267.0,181.0,322.0,319.0,321.0,334.0,363.0,267.0,196.0,345.0,328.0,333.0,386.0,312.0,222.0,168.0,310.0,289.0,343.0,331.0,274.0,178.0,186.0,370.0,279.0,338.0,254.0,288.0,292.0,197.0,289.0,371.0,339.0,309.0,292.0,310.0,188.0,165.0,260.0,325.0,337.0,323.0,285.0,196.0,402.0,287.0,277.0,303.0,325.0,266.0,236.0,335.0,288.0,305.0,294.0,291.0,294.0,219.0,297.0,310.0,318.0,292.0,288.0,291.0,235.0,340.0,302.0,334.0,316.0,270.0,293.0,199.0,248.0,346.0,274.0,310.0,294.0,287.0,212.0,335.0,325.0,339.0,346.0,279.0,258.0,257.0,344.0,0.0,340.0,323.0,277.0,274.0,169.0,290.0,305.0,318.0,320.0,340.0,218.0,206.0,313.0,314.0,345.0,336.0,201.0,247.0,234.0,323.0,319.0,343.0,306.0,356.0,204.0,158.0,315.0,323.0,273.0,194.0,218.0,223.0,278.0,334.0,350.0,308.0,269.0,305.0,316.0,175.0,298.0,335.0,350.0,337.0,243.0,246.0,222.0,280.0,333.0,314.0,328.0,316.0,266.0,164.0,244.0,306.0,294.0,310.0,263.0,250.0,177.0,117.0,268.0,242.0,249.0,241.0,174.0,132.0
178.0,298.0,302.0,242.0,311.0,238.0,201.0,113.0,333.0,259.0,292.0,300.0,313.0,201.0,158.0,290.0,274.0,325.0,257.0,268.0,229.0,154.0,328.0,258.0,293.0,277.0,301.0,243.0,160.0,272.0,273.0,301.0,323.0,345.0,260.0,145.0,307.0,269.0,228.0,294.0,306.0,191.0,174.0,275.0,342.0,352.0,267.0,281.0,239.0,113.0,300.0,274.0,156.0,191.0,0.0,130.0,145.0,336.0,269.0,321.0,319.0,329.0,263.0,140.0,328.0,330.0,376.0,329.0,305.0,297.0,179.0,352.0,349.0,336.0,350.0,305.0,290.0,186.0,311.0,289.0,315.0,300.0,274.0,292.0,175.0,310.0,325.0,263.0,252.0,168.0,232.0,206.0,306.0,334.0,310.0,295.0,281.0,285.0,203.0,359.0,342.0,0.0,298.0,307.0,262.0,202.0,224.0,227.0,345.0,373.0,331.0,304.0,176.0,311.0,282.0,345.0,294.0,290.0,288.0,221.0,296.0,318.0,311.0,357.0,300.0,217.0,222.0,288.0,325.0,325.0,332.0,324.0,286.0,266.0,310.0,310.0,291.0,376.0,348.0,218.0,189.0,98.0,339.0,355.0,342.0,313.0,286.0,204.0,187.0,372.0,335.0,286.0,315.0,236.0,249.0,324.0,273.0,373.0,301.0,317.0,296.0,230.0,250.0,307.0,317.0,320.0,327.0,277.0,216.0,333.0,270.0,316.0,277.0,294.0,282.0,265.0,311.0,352.0,416.0,363.0,254.0,240.0,221.0,285.0,162.0,271.0,344.0,376.0,290.0,206.0,295.0,380.0,340.0,322.0,306.0,247.0,187.0,308.0,325.0,319.0,371.0,358.0,233.0,222.0,321.0,322.0,367.0,370.0,317.0,279.0,213.0,333.0,344.0,312.0,355.0,337.0,233.0,201.0,304.0,315.0,313.0,304.0,317.0,239.0,230.0,338.0,291.0,334.0,350.0,303.0,186.0,201.0,379.0,379.0,270.0,350.0,313.0,279.0,207.0,322.0,317.0,313.0,336.0,374.0,260.0,208.0,192.0,322.0,330.0,262.0,270.0,230.0,223.0,352.0,351.0,304.0,338.0,300.0,247.0,211.0,328.0,329.0,363.0,334.0,312.0,279.0,207.0,350.0,175.0,318.0,284.0,297.0,257.0,222.0,309.0,301.0,319.0,328.0,315.0,282.0,242.0,268.0,316.0,290.0,313.0,355.0,229.0,226.0,338.0,342.0,304.0,295.0,357.0,285.0,276.0,327.0,0.0,317.0,311.0,312.0,284.0,217.0,279.0,316.0,335.0,310.0,335.0,284.0,234.0,300.0,314.0,330.0,298.0,270.0,289.0,231.0,300.0,376.0,331.0,360.0,298.0,243.0,114.0,330.0,210.0,322.0,157.0,211.0,262.0,279.0,339.0,289.0,329.0,291.0,285.0,267.0,228.0,303.0,302.0,312.0,266.0,344.0,249.0,224.0,286.0,331.0,328.0,249.0,284.0,302.0,241.0,398.0,382.0,346.0,293.0,265.0,251.0,188.0,106.0,259.0,281.0,250.0,248.0,232.0,163.0
174.0,281.0,289.0,298.0,303.0,317.0,165.0,129.0,324.0,263.0,297.0,343.0,298.0,207.0,143.0,265.0,333.0,330.0,322.0,251.0,249.0,156.0,310.0,298.0,294.0,338.0,255.0,260.0,158.0,315.0,286.0,293.0,348.0,336.0,267.0,167.0,359.0,252.0,285.0,318.0,235.0,341.0,159.0,260.0,293.0,325.0,352.0,128.0,283.0,188.0,318.0,284.0,213.0,191.0,0.0,195.0,103.0,342.0,319.0,253.0,250.0,299.0,254.0,195.0,313.0,272.0,245.0,352.0,333.0,263.0,144.0,314.0,310.0,310.0,379.0,302.0,260.0,159.0,308.0,289.0,319.0,350.0,278.0,295.0,211.0,339.0,296.0,304.0,321.0,233.0,288.0,187.0,359.0,339.0,331.0,320.0,295.0,258.0,220.0,327.0,314.0,0.0,257.0,340.0,249.0,180.0,314.0,165.0,326.0,313.0,222.0,345.0,139.0,328.0,282.0,340.0,367.0,318.0,307.0,231.0,304.0,349.0,362.0,355.0,346.0,247.0,218.0,337.0,324.0,359.0,315.0,396.0,310.0,199.0,310.0,325.0,340.0,348.0,364.0,223.0,233.0,67.0,320.0,360.0,369.0,315.0,276.0,174.0,209.0,296.0,285.0,266.0,320.0,308.0,247.0,338.0,357.0,368.0,290.0,306.0,214.0,192.0,304.0,291.0,333.0,344.0,310.0,317.0,204.0,266.0,287.0,298.0,381.0,353.0,302.0,238.0,295.0,348.0,418.0,338.0,298.0,298.0,191.0,193.0,176.0,372.0,344.0,202.0,255.0,215.0,307.0,341.0,397.0,310.0,347.0,290.0,213.0,352.0,352.0,352.0,331.0,327.0,233.0,233.0,408.0,350.0,387.0,336.0,318.0,279.0,201.0,395.0,309.0,350.0,260.0,284.0,314.0,220.0,324.0,321.0,350.0,315.0,335.0,185.0,183.0,314.0,304.0,367.0,380.0,336.0,151.0,183.0,381.0,287.0,328.0,308.0,347.0,323.0,201.0,357.0,267.0,351.0,288.0,319.0,250.0,198.0,203.0,350.0,356.0,257.0,248.0,282.0,254.0,326.0,278.0,290.0,269.0,316.0,266.0,249.0,258.0,328.0,248.0,317.0,327.0,238.0,192.0,330.0,276.0,318.0,325.0,282.0,262.0,248.0,315.0,314.0,323.0,315.0,341.0,291.0,210.0,352.0,337.0,324.0,328.0,260.0,279.0,222.0,366.0,361.0,346.0,333.0,290.0,248.0,238.0,295.0,0.0,312.0,355.0,268.0,282.0,195.0,281.0,294.0,334.0,326.0,337.0,220.0,218.0,316.0,317.0,263.0,317.0,335.0,284.0,194.0,238.0,377.0,325.0,342.0,306.0,287.0,121.0,305.0,267.0,304.0,182.0,234.0,218.0,254.0,342.0,302.0,308.0,363.0,338.0,251.0,212.0,302.0,306.0,336.0,424.0,322.0,282.0,215.0,291.0,334.0,334.0,312.0,326.0,230.0,222.0,289.0,326.0,385.0,303.0,245.0,229.0,152.0,121.0,248.0,347.0,304.0,281.0,229.0,147.0
220.0,302.0,292.0,252.0,322.0,307.0,179.0,138.0,294.0,260.0,341.0,328.0,288.0,193.0,197.0,254.0,306.0,291.0,324.0,292.0,201.0,151.0,337.0,333.0,276.0,294.0,285.0,304.0,205.0,323.0,323.0,335.0,281.0,289.0,221.0,144.0,350.0,273.0,343.0,299.0,308.0,299.0,182.0,224.0,293.0,374.0,389.0,217.0,179.0,191.0,329.0,308.0,128.0,221.0,0.0,103.0,209.0,359.0,290.0,310.0,323.0,303.0,231.0,198.0,346.0,325.0,332.0,317.0,335.0,281.0,173.0,264.0,285.0,280.0,314.0,342.0,210.0,216.0,306.0,353.0,307.0,348.0,276.0,249.0,175.0,317.0,293.0,311.0,277.0,193.0,289.0,185.0,343.0,368.0,278.0,307.0,306.0,255.0,197.0,321.0,327.0,0.0,312.0,262.0,225.0,191.0,304.0,182.0,310.0,332.0,284.0,322.0,172.0,342.0,288.0,261.0,284.0,260.0,237.0,190.0,320.0,284.0,368.0,351.0,295.0,260.0,204.0,309.0,297.0,298.0,333.0,321.0,279.0,225.0,339.0,299.0,329.0,304.0,313.0,237.0,225.0,95.0,310.0,335.0,322.0,335.0,251.0,177.0,221.0,314.0,345.0,356.0,310.0,261.0,235.0,325.0,291.0,315.0,342.0,304.0,271.0,210.0,315.0,336.0,378.0,326.0,310.0,305.0,251.0,377.0,371.0,381.0,328.0,330.0,282.0,255.0,346.0,362.0,218.0,318.0,365.0,330.0,199.0,293.0,195.0,320.0,344.0,344.0,305.0,156.0,354.0,336.0,343.0,330.0,315.0,279.0,212.0,387.0,303.0,386.0,365.0,349.0,284.0,226.0,354.0,339.0,316.0,346.0,350.0,306.0,192.0,299.0,357.0,414.0,369.0,371.0,305.0,227.0,331.0,368.0,348.0,350.0,319.0,257.0,217.0,327.0,349.0,333.0,375.0,262.0,175.0,213.0,359.0,313.0,348.0,311.0,284.0,288.0,210.0,283.0,219.0,351.0,306.0,294.0,248.0,219.0,227.0,216.0,305.0,333.0,305.0,266.0,238.0,288.0,298.0,354.0,397.0,333.0,242.0,249.0,351.0,331.0,270.0,288.0,320.0,219.0,230.0,354.0,265.0,306.0,320.0,310.0,246.0,275.0,353.0,316.0,344.0,294.0,354.0,228.0,202.0,290.0,287.0,312.0,317.0,312.0,235.0,222.0,365.0,344.0,317.0,371.0,284.0,261.0,240.0,349.0,0.0,291.0,356.0,296.0,284.0,164.0,345.0,209.0,292.0,319.0,357.0,235.0,212.0,343.0,248.0,292.0,324.0,317.0,283.0,243.0,378.0,345.0,263.0,308.0,300.0,284.0,134.0,285.0,314.0,350.0,171.0,222.0,220.0,286.0,327.0,314.0,323.0,312.0,302.0,266.0,227.0,283.0,269.0,335.0,334.0,318.0,241.0,192.0,340.0,316.0,317.0,308.0,342.0,279.0,249.0,303.0,354.0,321.0,258.0,315.0,240.0,209.0,144.0,213.0,344.0,202.0,253.0,206.0,144.0
189.0,279.0,277.0,327.0,299.0,302.0,213.0,147.0,361.0,249.0,320.0,348.0,314.0,227.0,173.0,244.0,359.0,223.0,232.0,262.0,267.0,151.0,313.0,342.0,240.0,332.0,291.0,225.0,175.0,312.0,335.0,288.0,275.0,293.0,223.0,208.0,353.0,262.0,307.0,320.0,319.0,295.0,234.0,288.0,329.0,359.0,288.0,222.0,239.0,170.0,314.0,331.0,230.0,99.0,0.0,166.0,189.0,279.0,295.0,294.0,256.0,267.0,323.0,206.0,315.0,357.0,327.0,321.0,283.0,263.0,183.0,301.0,253.0,362.0,273.0,299.0,313.0,212.0,338.0,358.0,304.0,334.0,354.0,268.0,259.0,296.0,344.0,277.0,353.0,280.0,300.0,235.0,395.0,335.0,349.0,315.0,324.0,278.0,200.0,382.0,329.0,0.0,299.0,348.0,284.0,199.0,310.0,157.0,329.0,333.0,270.0,285.0,190.0,333.0,300.0,232.0,365.0,294.0,295.0,259.0,361.0,305.0,348.0,346.0,304.0,227.0,228.0,387.0,341.0,351.0,329.0,333.0,292.0,263.0,309.0,348.0,328.0,363.0,309.0,235.0,213.0,138.0,361.0,245.0,354.0,306.0,302.0,265.0,252.0,344.0,293.0,365.0,366.0,300.0,231.0,332.0,341.0,359.0,315.0,320.0,281.0,210.0,334.0,311.0,390.0,366.0,290.0,278.0,196.0,337.0,247.0,342.0,260.0,366.0,236.0,197.0,347.0,347.0,399.0,361.0,315.0,310.0,191.0,250.0,200.0,353.0,314.0,315.0,337.0,229.0,312.0,338.0,381.0,286.0,323.0,320.0,199.0,376.0,331.0,259.0,326.0,302.0,328.0,255.0,328.0,356.0,337.0,358.0,358.0,307.0,239.0,365.0,354.0,318.0,338.0,356.0,263.0,265.0,393.0,325.0,331.0,333.0,336.0,221.0,216.0,301.0,313.0,334.0,366.0,294.0,217.0,276.0,359.0,345.0,294.0,329.0,322.0,290.0,238.0,301.0,295.0,323.0,312.0,299.0,269.0,251.0,224.0,330.0,352.0,362.0,304.0,277.0,259.0,319.0,328.0,355.0,312.0,337.0,285.0,230.0,305.0,316.0,355.0,301.0,349.0,324.0,220.0,341.0,231.0,278.0,252.0,301.0,286.0,205.0,343.0,304.0,343.0,347.0,346.0,273.0,202.0,340.0,320.0,386.0,351.0,306.0,260.0,220.0,306.0,341.0,325.0,342.0,365.0,341.0,248.0,327.0,0.0,331.0,363.0,297.0,310.0,232.0,290.0,312.0,306.0,264.0,287.0,272.0,224.0,314.0,313.0,330.0,258.0,280.0,262.0,220.0,355.0,334.0,317.0,307.0,413.0,258.0,116.0,320.0,361.0,331.0,181.0,257.0,266.0,345.0,286.0,341.0,274.0,296.0,317.0,319.0,213.0,293.0,333.0,367.0,313.0,320.0,296.0,150.0,343.0,358.0,307.0,337.0,322.0,283.0,261.0,291.0,337.0,354.0,318.0,306.0,248.0,207.0,137.0,233.0,356.0,267.0,251.0,198.0,153.0
193.0,292.0,289.0,249.0,274.0,289.0,231.0,127.0,342.0,293.0,317.0,324.0,253.0,252.0,176.0,233.0,313.0,268.0,299.0,273.0,255.0,146.0,230.0,329.0,250.0,324.0,331.0,251.0,219.0,345.0,315.0,330.0,308.0,285.0,210.0,179.0,346.0,270.0,300.0,327.0,236.0,326.0,206.0,295.0,339.0,353.0,381.0,218.0,269.0,157.0,318.0,324.0,243.0,173.0,0.0,184.0,194.0,349.0,286.0,297.0,314.0,307.0,256.0,212.0,324.0,346.0,326.0,292.0,328.0,275.0,181.0,315.0,334.0,309.0,354.0,322.0,297.0,172.0,323.0,342.0,282.0,383.0,281.0,257.0,252.0,319.0,385.0,343.0,321.0,154.0,301.0,221.0,315.0,353.0,327.0,308.0,332.0,247.0,215.0,321.0,302.0,0.0,289.0,347.0,328.0,238.0,242.0,267.0,272.0,286.0,323.0,273.0,138.0,287.0,261.0,305.0,335.0,312.0,208.0,247.0,326.0,317.0,379.0,290.0,333.0,226.0,239.0,320.0,269.0,347.0,339.0,311.0,373.0,254.0,348.0,313.0,362.0,361.0,333.0,237.0,293.0,172.0,281.0,406.0,318.0,310.0,273.0,213.0,243.0,315.0,327.0,300.0,344.0,273.0,266.0,285.0,390.0,333.0,331.0,347.0,313.0,220.0,327.0,403.0,350.0,349.0,319.0,309.0,222.0,327.0,321.0,321.0,336.0,309.0,288.0,265.0,312.0,329.0,392.0,319.0,356.0,300.0,203.0,310.0,220.0,355.0,294.0,366.0,303.0,273.0,309.0,309.0,338.0,328.0,297.0,300.0,223.0,316.0,375.0,321.0,351.0,350.0,323.0,283.0,365.0,330.0,328.0,341.0,305.0,261.0,261.0,300.0,297.0,372.0,387.0,331.0,272.0,239.0,347.0,311.0,371.0,335.0,358.0,238.0,177.0,344.0,297.0,288.0,349.0,307.0,200.0,253.0,391.0,337.0,367.0,337.0,358.0,274.0,215.0,366.0,316.0,358.0,291.0,282.0,303.0,261.0,251.0,388.0,315.0,283.0,306.0,310.0,287.0,351.0,367.0,283.0,380.0,276.0,313.0,264.0,332.0,322.0,369.0,307.0,296.0,250.0,231.0,332.0,342.0,379.0,257.0,312.0,298.0,194.0,320.0,319.0,296.0,335.0,309.0,289.0,231.0,281.0,308.0,356.0,378.0,374.0,273.0,241.0,292.0,324.0,359.0,333.0,328.0,281.0,250.0,332.0,289.0,362.0,364.0,347.0,314.0,242.0,315.0,301.0,333.0,341.0,247.0,305.0,241.0,305.0,308.0,296.0,324.0,365.0,298.0,281.0,266.0,367.0,402.0,292.0,275.0,355.0,157.0,358.0,303.0,325.0,170.0,233.0,280.0,252.0,307.0,339.0,349.0,292.0,299.0,257.0,244.0,331.0,326.0,344.0,311.0,305.0,222.0,227.0,318.0,297.0,294.0,318.0,333.0,326.0,173.0,379.0,361.0,318.0,252.0,324.0,259.0,215.0,118.0,249.0,394.0,270.0,268.0,229.0,161.0
212.0,317.0,245.0,261.0,270.0,247.0,212.0,200.0,297.0,291.0,328.0,320.0,338.0,304.0,222.0,283.0,289.0,294.0,315.0,290.0,278.0,211.0,150.0,318.0,302.0,290.0,297.0,264.0,222.0,306.0,311.0,332.0,337.0,269.0,287.0,188.0,367.0,239.0,247.0,346.0,235.0,285.0,245.0,357.0,337.0,348.0,325.0,221.0,218.0,204.0,327.0,316.0,167.0,207.0,0.0,92.0,136.0,327.0,301.0,284.0,283.0,293.0,302.0,213.0,303.0,409.0,206.0,331.0,284.0,297.0,215.0,343.0,331.0,351.0,337.0,321.0,314.0,253.0,313.0,329.0,332.0,361.0,312.0,308.0,220.0,289.0,316.0,336.0,312.0,246.0,279.0,214.0,296.0,279.0,351.0,326.0,365.0,297.0,239.0,357.0,316.0,0.0,342.0,324.0,303.0,229.0,258.0,181.0,292.0,308.0,298.0,319.0,190.0,346.0,333.0,351.0,368.0,350.0,251.0,243.0,280.0,305.0,366.0,297.0,310.0,230.0,221.0,308.0,283.0,308.0,323.0,364.0,286.0,276.0,336.0,325.0,346.0,337.0,338.0,269.0,291.0,139.0,320.0,306.0,329.0,291.0,323.0,260.0,189.0,345.0,320.0,285.0,292.0,336.0,332.0,349.0,357.0,366.0,365.0,320.0,299.0,225.0,313.0,344.0,307.0,346.0,359.0,279.0,249.0,410.0,331.0,306.0,318.0,334.0,287.0,314.0,306.0,314.0,403.0,351.0,324.0,320.0,242.0,275.0,210.0,333.0,330.0,297.0,255.0,254.0,430.0,250.0,295.0,356.0,277.0,326.0,245.0,371.0,352.0,327.0,345.0,301.0,240.0,265.0,378.0,363.0,347.0,370.0,319.0,344.0,229.0,352.0,364.0,334.0,305.0,378.0,343.0,250.0,317.0,304.0,359.0,378.0,308.0,243.0,276.0,395.0,343.0,296.0,324.0,330.0,268.0,283.0,292.0,365.0,348.0,374.0,308.0,298.0,265.0,369.0,361.0,341.0,348.0,331.0,296.0,239.0,227.0,266.0,254.0,374.0,328.0,312.0,240.0,332.0,301.0,356.0,337.0,299.0,279.0,292.0,314.0,315.0,363.0,357.0,310.0,282.0,235.0,368.0,325.0,308.0,287.0,274.0,295.0,271.0,374.0,338.0,332.0,350.0,353.0,290.0,248.0,324.0,328.0,292.0,352.0,296.0,240.0,274.0,359.0,325.0,357.0,342.0,295.0,293.0,291.0,355.0,294.0,331.0,317.0,264.0,300.0,197.0,281.0,265.0,341.0,325.0,304.0,208.0,262.0,337.0,306.0,312.0,339.0,321.0,280.0,265.0,368.0,322.0,284.0,324.0,314.0,301.0,175.0,333.0,346.0,322.0,226.0,209.0,247.0,315.0,261.0,377.0,282.0,338.0,337.0,303.0,240.0,310.0,344.0,324.0,362.0,295.0,267.0,180.0,373.0,354.0,353.0,292.0,293.0,301.0,295.0,304.0,353.0,241.0,342.0,334.0,295.0,220.0,128.0,272.0,390.0,330.0,282.0,244.0,165.0
249.0,325.0,240.0,337.0,286.0,235.0,184.0,165.0,340.0,285.0,276.0,319.0,298.0,247.0,185.0,287.0,351.0,261.0,354.0,273.0,243.0,197.0,215.0,337.0,236.0,370.0,294.0,257.0,231.0,317.0,353.0,341.0,309.0,275.0,279.0,208.0,279.0,320.0,253.0,293.0,310.0,301.0,227.0,304.0,363.0,383.0,365.0,211.0,280.0,208.0,286.0,342.0,174.0,166.0,0.0,175.0,22.0,332.0,184.0,231.0,326.0,317.0,315.0,227.0,351.0,359.0,325.0,331.0,337.0,302.0,233.0,358.0,325.0,356.0,348.0,335.0,310.0,183.0,335.0,250.0,324.0,327.0,299.0,248.0,202.0,372.0,332.0,299.0,319.0,223.0,314.0,278.0,297.0,319.0,318.0,290.0,349.0,318.0,254.0,333.0,300.0,0.0,350.0,362.0,343.0,279.0,313.0,253.0,300.0,338.0,341.0,292.0,205.0,290.0,327.0,299.0,344.0,318.0,293.0,278.0,351.0,299.0,327.0,359.0,303.0,271.0,256.0,316.0,283.0,351.0,324.0,324.0,352.0,271.0,357.0,332.0,341.0,370.0,337.0,283.0,347.0,110.0,345.0,353.0,370.0,339.0,308.0,246.0,311.0,378.0,355.0,330.0,346.0,321.0,230.0,313.0,340.0,280.0,344.0,292.0,321.0,276.0,314.0,333.0,323.0,344.0,302.0,307.0,250.0,322.0,307.0,322.0,340.0,316.0,318.0,264.0,371.0,316.0,344.0,356.0,293.0,312.0,219.0,260.0,264.0,310.0,343.0,282.0,325.0,217.0,352.0,254.0,355.0,339.0,318.0,322.0,311.0,319.0,331.0,322.0,343.0,341.0,232.0,258.0,364.0,389.0,268.0,399.0,327.0,333.0,253.0,330.0,303.0,355.0,378.0,378.0,308.0,297.0,378.0,373.0,271.0,293.0,370.0,213.0,212.0,324.0,318.0,315.0,377.0,323.0,145.0,245.0,330.0,294.0,316.0,381.0,348.0,330.0,297.0,369.0,338.0,314.0,309.0,298.0,279.0,233.0,259.0,337.0,360.0,339.0,309.0,316.0,332.0,349.0,343.0,322.0,359.0,299.0,261.0,226.0,353.0,405.0,292.0,337.0,262.0,317.0,261.0,364.0,346.0,341.0,313.0,302.0,270.0,247.0,317.0,277.0,343.0,337.0,292.0,289.0,289.0,386.0,370.0,335.0,339.0,340.0,322.0,260.0,368.0,290.0,377.0,317.0,295.0,327.0,248.0,325.0,347.0,341.0,381.0,333.0,272.0,264.0,325.0,276.0,318.0,289.0,371.0,271.0,264.0,349.0,318.0,308.0,344.0,294.0,305.0,269.0,365.0,319.0,277.0,296.0,354.0,318.0,145.0,401.0,378.0,346.0,219.0,275.0,279.0,314.0,346.0,363.0,352.0,298.0,363.0,303.0,258.0,276.0,354.0,378.0,331.0,331.0,295.0,234.0,304.0,311.0,303.0,298.0,378.0,301.0,233.0,346.0,352.0,385.0,313.0,361.0,277.0,223.0,137.0,353.0,346.0,268.0,290.0,259.0,180.0
216.0,327.0,308.0,311.0,329.0,340.0,204.0,169.0,357.0,288.0,277.0,333.0,345.0,306.0,152.0,255.0,267.0,331.0,289.0,290.0,239.0,154.0,253.0,348.0,247.0,288.0,298.0,280.0,163.0,305.0,321.0,293.0,335.0,223.0,283.0,197.0,255.0,282.0,332.0,318.0,367.0,305.0,217.0,300.0,348.0,329.0,346.0,266.0,241.0,187.0,273.0,331.0,57.0,167.0,0.0,156.0,99.0,346.0,246.0,316.0,285.0,320.0,348.0,206.0,322.0,343.0,319.0,348.0,335.0,234.0,229.0,341.0,241.0,292.0,352.0,313.0,272.0,231.0,329.0,321.0,272.0,301.0,262.0,331.0,257.0,329.0,311.0,238.0,291.0,204.0,323.0,272.0,369.0,276.0,310.0,323.0,315.0,354.0,257.0,388.0,350.0,0.0,343.0,324.0,316.0,234.0,383.0,218.0,241.0,276.0,258.0,323.0,154.0,317.0,325.0,334.0,352.0,339.0,316.0,224.0,317.0,354.0,350.0,331.0,356.0,268.0,265.0,284.0,304.0,285.0,337.0,355.0,297.0,271.0,293.0,321.0,343.0,339.0,318.0,347.0,345.0,273.0,272.0,315.0,343.0,263.0,342.0,255.0,214.0,375.0,334.0,327.0,316.0,288.0,262.0,306.0,313.0,352.0,315.0,310.0,260.0,218.0,327.0,319.0,353.0,307.0,277.0,336.0,284.0,352.0,301.0,330.0,375.0,387.0,322.0,319.0,324.0,304.0,314.0,350.0,352.0,318.0,249.0,250.0,158.0,397.0,305.0,359.0,316.0,224.0,348.0,276.0,291.0,348.0,293.0,334.0,255.0,361.0,312.0,337.0,267.0,320.0,347.0,285.0,392.0,312.0,346.0,325.0,352.0,255.0,256.0,331.0,311.0,316.0,327.0,320.0,301.0,278.0,306.0,355.0,384.0,309.0,301.0,286.0,281.0,337.0,291.0,291.0,326.0,287.0,262.0,261.0,337.0,377.0,290.0,402.0,294.0,361.0,268.0,338.0,285.0,309.0,328.0,282.0,316.0,265.0,222.0,258.0,290.0,306.0,328.0,254.0,262.0,344.0,309.0,340.0,326.0,300.0,291.0,256.0,381.0,351.0,331.0,347.0,277.0,315.0,305.0,344.0,339.0,322.0,299.0,327.0,362.0,256.0,356.0,347.0,307.0,371.0,393.0,343.0,257.0,245.0,358.0,314.0,343.0,346.0,278.0,255.0,345.0,278.0,312.0,368.0,329.0,314.0,279.0,361.0,341.0,309.0,360.0,266.0,267.0,212.0,319.0,307.0,348.0,368.0,350.0,329.0,257.0,333.0,324.0,340.0,288.0,246.0,311.0,305.0,336.0,330.0,334.0,323.0,347.0,308.0,155.0,339.0,346.0,340.0,195.0,285.0,260.0,339.0,378.0,317.0,268.0,295.0,242.0,272.0,241.0,255.0,339.0,323.0,283.0,318.0,320.0,209.0,362.0,336.0,343.0,345.0,278.0,295.0,275.0,354.0,239.0,283.0,183.0,374.0,295.0,238.0,119.0,264.0,293.0,326.0,274.0,244.0,137.0
244.0,306.0,302.0,242.0,241.0,297.0,162.0,156.0,252.0,285.0,326.0,304.0,271.0,257.0,203.0,237.0,332.0,288.0,315.0,277.0,292.0,166.0,218.0,322.0,291.0,254.0,325.0,236.0,220.0,318.0,311.0,255.0,341.0,387.0,219.0,223.0,326.0,245.0,321.0,298.0,290.0,362.0,211.0,328.0,317.0,330.0,209.0,254.0,279.0,249.0,320.0,306.0,229.0,59.0,0.0,182.0,140.0,301.0,280.0,282.0,290.0,310.0,309.0,237.0,325.0,347.0,320.0,320.0,322.0,284.0,225.0,359.0,347.0,333.0,337.0,374.0,266.0,214.0,328.0,352.0,309.0,304.0,356.0,294.0,233.0,292.0,291.0,264.0,272.0,202.0,312.0,250.0,290.0,344.0,337.0,329.0,292.0,294.0,271.0,359.0,306.0,0.0,280.0,304.0,317.0,228.0,347.0,220.0,346.0,312.0,304.0,340.0,224.0,338.0,291.0,321.0,389.0,317.0,306.0,284.0,289.0,309.0,287.0,320.0,324.0,262.0,242.0,303.0,340.0,305.0,334.0,239.0,172.0,310.0,322.0,344.0,332.0,255.0,345.0,326.0,285.0,348.0,303.0,301.0,291.0,299.0,286.0,274.0,272.0,295.0,335.0,295.0,325.0,329.0,273.0,321.0,276.0,307.0,347.0,330.0,288.0,268.0,320.0,355.0,245.0,307.0,361.0,338.0,266.0,317.0,291.0,338.0,290.0,325.0,285.0,299.0,250.0,320.0,328.0,357.0,375.0,265.0,252.0,256.0,196.0,280.0,310.0,285.0,331.0,254.0,329.0,373.0,312.0,341.0,305.0,344.0,266.0,282.0,319.0,248.0,306.0,311.0,348.0,281.0,251.0,371.0,354.0,311.0,300.0,297.0,226.0,303.0,344.0,331.0,331.0,342.0,279.0,220.0,347.0,348.0,349.0,345.0,284.0,250.0,255.0,316.0,318.0,302.0,338.0,315.0,148.0,289.0,299.0,294.0,353.0,329.0,331.0,329.0,267.0,271.0,303.0,337.0,373.0,304.0,299.0,266.0,231.0,347.0,353.0,339.0,364.0,338.0,312.0,328.0,311.0,302.0,347.0,303.0,360.0,248.0,325.0,329.0,268.0,303.0,318.0,337.0,244.0,337.0,308.0,331.0,343.0,296.0,337.0,251.0,308.0,303.0,368.0,371.0,266.0,279.0,281.0,310.0,300.0,350.0,326.0,289.0,290.0,276.0,331.0,321.0,329.0,315.0,347.0,291.0,311.0,336.0,324.0,347.0,321.0,336.0,324.0,238.0,299.0,286.0,299.0,306.0,280.0,260.0,277.0,324.0,312.0,274.0,289.0,372.0,333.0,258.0,324.0,327.0,329.0,267.0,333.0,273.0,110.0,340.0,349.0,326.0,237.0,261.0,260.0,327.0,329.0,352.0,283.0,314.0,381.0,300.0,290.0,307.0,313.0,276.0,343.0,289.0,296.0,276.0,337.0,254.0,306.0,267.0,346.0,322.0,301.0,322.0,350.0,290.0,243.0,311.0,339.0,270.0,132.0,298.0,323.0,284.0,293.0,282.0,184.0
235.0,285.0,294.0,276.0,308.0,270.0,265.0,147.0,303.0,260.0,265.0,279.0,332.0,225.0,220.0,260.0,309.0,200.0,263.0,319.0,283.0,175.0,291.0,300.0,266.0,331.0,261.0,368.0,221.0,295.0,293.0,263.0,278.0,322.0,227.0,216.0,304.0,258.0,292.0,269.0,216.0,320.0,214.0,330.0,347.0,336.0,0.0,222.0,285.0,239.0,306.0,304.0,191.0,207.0,0.0,167.0,109.0,312.0,281.0,278.0,271.0,309.0,307.0,217.0,301.0,303.0,278.0,345.0,212.0,372.0,214.0,324.0,350.0,317.0,346.0,294.0,303.0,232.0,329.0,220.0,301.0,279.0,322.0,329.0,238.0,335.0,299.0,265.0,317.0,255.0,334.0,252.0,327.0,370.0,311.0,274.0,285.0,283.0,268.0,306.0,306.0,0.0,350.0,345.0,318.0,267.0,337.0,202.0,264.0,264.0,338.0,323.0,142.0,279.0,326.0,249.0,311.0,261.0,338.0,300.0,270.0,297.0,351.0,274.0,337.0,239.0,273.0,312.0,290.0,334.0,301.0,320.0,288.0,285.0,328.0,363.0,336.0,323.0,273.0,348.0,321.0,336.0,298.0,353.0,355.0,351.0,307.0,270.0,245.0,365.0,358.0,333.0,351.0,305.0,309.0,305.0,303.0,335.0,335.0,231.0,317.0,312.0,312.0,238.0,246.0,326.0,342.0,305.0,268.0,320.0,287.0,327.0,338.0,312.0,282.0,324.0,295.0,329.0,317.0,309.0,266.0,263.0,227.0,287.0,226.0,380.0,380.0,294.0,341.0,273.0,311.0,298.0,272.0,340.0,356.0,348.0,266.0,366.0,238.0,293.0,314.0,347.0,331.0,347.0,299.0,333.0,354.0,287.0,310.0,269.0,278.0,339.0,312.0,346.0,359.0,313.0,306.0,242.0,312.0,280.0,323.0,349.0,312.0,251.0,257.0,361.0,306.0,289.0,311.0,286.0,203.0,263.0,325.0,297.0,281.0,319.0,294.0,317.0,288.0,235.0,322.0,306.0,311.0,334.0,306.0,243.0,263.0,250.0,299.0,307.0,292.0,323.0,304.0,269.0,300.0,361.0,344.0,323.0,312.0,291.0,325.0,354.0,340.0,278.0,303.0,304.0,285.0,333.0,332.0,300.0,275.0,330.0,308.0,262.0,333.0,311.0,329.0,326.0,281.0,298.0,236.0,186.0,300.0,326.0,350.0,291.0,323.0,259.0,333.0,316.0,319.0,305.0,278.0,291.0,375.0,282.0,344.0,300.0,386.0,317.0,269.0,239.0,330.0,327.0,316.0,296.0,335.0,274.0,252.0,305.0,324.0,285.0,313.0,343.0,304.0,263.0,353.0,304.0,343.0,324.0,245.0,303.0,194.0,320.0,295.0,349.0,185.0,275.0,298.0,354.0,273.0,319.0,346.0,310.0,306.0,345.0,268.0,262.0,298.0,327.0,310.0,286.0,348.0,171.0,290.0,352.0,380.0,331.0,328.0,329.0,323.0,313.0,344.0,222.0,216.0,344.0,292.0,209.0,164.0,302.0,335.0,280.0,302.0,220.0,234.0
245.0,297.0,265.0,309.0,276.0,299.0,241.0,159.0,265.0,247.0,159.0,277.0,294.0,261.0,223.0,292.0,313.0,298.0,271.0,255.0,270.0,177.0,285.0,141.0,253.0,307.0,249.0,274.0,212.0,306.0,322.0,245.0,250.0,310.0,292.0,215.0,297.0,192.0,324.0,243.0,317.0,363.0,259.0,348.0,338.0,272.0,0.0,251.0,324.0,251.0,304.0,256.0,172.0,79.0,0.0,219.0,134.0,312.0,273.0,303.0,318.0,338.0,298.0,219.0,286.0,268.0,280.0,272.0,304.0,336.0,222.0,254.0,260.0,274.0,305.0,286.0,247.0,249.0,319.0,290.0,331.0,312.0,281.0,316.0,237.0,264.0,326.0,303.0,327.0,261.0,346.0,255.0,313.0,312.0,278.0,305.0,296.0,269.0,239.0,305.0,341.0,0.0,300.0,275.0,318.0,194.0,350.0,173.0,262.0,272.0,288.0,289.0,95.0,261.0,327.0,246.0,346.0,334.0,273.0,292.0,273.0,322.0,288.0,312.0,323.0,256.0,322.0,295.0,276.0,319.0,295.0,331.0,409.0,307.0,343.0,289.0,339.0,359.0,323.0,305.0,312.0,314.0,314.0,331.0,318.0,296.0,339.0,269.0,308.0,355.0,265.0,338.0,316.0,304.0,271.0,312.0,254.0,302.0,317.0,302.0,302.0,273.0,321.0,289.0,323.0,339.0,281.0,374.0,278.0,295.0,287.0,351.0,361.0,320.0,296.0,288.0,246.0,292.0,360.0,324.0,341.0,359.0,246.0,245.0,210.0,321.0,327.0,361.0,246.0,251.0,308.0,344.0,303.0,299.0,305.0,319.0,254.0,307.0,298.0,301.0,345.0,305.0,296.0,295.0,352.0,334.0,353.0,361.0,274.0,320.0,248.0,357.0,331.0,357.0,328.0,358.0,316.0,277.0,321.0,287.0,314.0,350.0,328.0,266.0,250.0,352.0,257.0,318.0,368.0,309.0,240.0,280.0,349.0,285.0,342.0,339.0,301.0,342.0,290.0,317.0,315.0,332.0,272.0,322.0,289.0,185.0,251.0,303.0,349.0,306.0,300.0,332.0,349.0,306.0,355.0,296.0,311.0,295.0,341.0,261.0,325.0,320.0,313.0,293.0,309.0,252.0,308.0,306.0,315.0,323.0,319.0,305.0,315.0,241.0,249.0,328.0,322.0,309.0,305.0,325.0,326.0,302.0,290.0,344.0,323.0,291.0,257.0,300.0,373.0,299.0,306.0,296.0,330.0,345.0,329.0,335.0,338.0,341.0,347.0,322.0,294.0,229.0,293.0,311.0,302.0,327.0,275.0,245.0,305.0,335.0,303.0,310.0,383.0,370.0,377.0,266.0,292.0,326.0,364.0,300.0,280.0,328.0,187.0,328.0,356.0,304.0,224.0,293.0,272.0,358.0,320.0,224.0,274.0,305.0,330.0,347.0,259.0,232.0,320.0,310.0,335.0,315.0,260.0,283.0,316.0,216.0,306.0,330.0,343.0,358.0,322.0,264.0,299.0,255.0,223.0,331.0,294.0,285.0,148.0,297.0,311.0,323.0,277.0,225.0,189.0
232.0,258.0,260.0,230.0,247.0,262.0,230.0,157.0,276.0,261.0,181.0,302.0,308.0,252.0,167.0,314.0,288.0,270.0,271.0,261.0,248.0,138.0,265.0,149.0,272.0,312.0,343.0,251.0,248.0,275.0,270.0,297.0,299.0,296.0,298.0,147.0,308.0,237.0,271.0,293.0,305.0,304.0,244.0,403.0,326.0,317.0,0.0,216.0,304.0,223.0,295.0,255.0,267.0,200.0,0.0,179.0,164.0,318.0,272.0,250.0,224.0,304.0,257.0,230.0,265.0,309.0,236.0,291.0,342.0,302.0,199.0,301.0,329.0,317.0,301.0,310.0,316.0,273.0,326.0,292.0,348.0,291.0,309.0,327.0,271.0,327.0,329.0,256.0,326.0,176.0,319.0,225.0,329.0,285.0,299.0,315.0,265.0,317.0,237.0,360.0,298.0,0.0,352.0,330.0,370.0,256.0,326.0,188.0,304.0,324.0,323.0,333.0,141.0,268.0,271.0,345.0,365.0,286.0,239.0,297.0,260.0,304.0,262.0,320.0,320.0,318.0,250.0,303.0,255.0,316.0,326.0,277.0,380.0,306.0,305.0,276.0,328.0,324.0,337.0,254.0,223.0,266.0,271.0,346.0,330.0,288.0,329.0,303.0,256.0,364.0,266.0,318.0,321.0,302.0,270.0,306.0,286.0,317.0,327.0,328.0,316.0,232.0,332.0,286.0,367.0,316.0,304.0,333.0,305.0,328.0,262.0,342.0,299.0,321.0,309.0,234.0,251.0,313.0,268.0,309.0,297.0,332.0,279.0,288.0,229.0,335.0,392.0,335.0,252.0,277.0,306.0,275.0,307.0,306.0,325.0,288.0,321.0,304.0,320.0,274.0,315.0,349.0,281.0,214.0,319.0,313.0,320.0,351.0,348.0,307.0,241.0,265.0,302.0,270.0,384.0,360.0,261.0,193.0,298.0,279.0,338.0,357.0,317.0,246.0,266.0,302.0,298.0,252.0,327.0,344.0,257.0,310.0,278.0,288.0,293.0,322.0,329.0,356.0,298.0,285.0,320.0,260.0,274.0,390.0,291.0,247.0,287.0,328.0,329.0,299.0,280.0,272.0,300.0,327.0,290.0,293.0,282.0,298.0,341.0,281.0,298.0,268.0,358.0,318.0,303.0,316.0,272.0,302.0,293.0,287.0,295.0,314.0,361.0,229.0,281.0,339.0,349.0,306.0,320.0,329.0,263.0,310.0,320.0,280.0,306.0,320.0,287.0,304.0,304.0,334.0,259.0,344.0,301.0,303.0,336.0,272.0,287.0,319.0,329.0,308.0,297.0,302.0,330.0,309.0,344.0,322.0,355.0,245.0,302.0,294.0,310.0,302.0,297.0,352.0,275.0,274.0,273.0,261.0,311.0,306.0,295.0,235.0,180.0,294.0,311.0,327.0,262.0,270.0,323.0,320.0,250.0,258.0,280.0,291.0,306.0,338.0,265.0,264.0,291.0,283.0,323.0,279.0,272.0,261.0,333.0,228.0,331.0,309.0,289.0,317.0,362.0,331.0,326.0,322.0,242.0,328.0,274.0,237.0,165.0,303.0,303.0,283.0,318.0,281.0,192.0
268.0,287.0,276.0,248.0,299.0,304.0,181.0,162.0,296.0,275.0,350.0,280.0,263.0,267.0,162.0,269.0,303.0,263.0,264.0,232.0,275.0,201.0,228.0,260.0,249.0,312.0,255.0,270.0,221.0,286.0,246.0,245.0,322.0,265.0,305.0,195.0,272.0,252.0,310.0,339.0,315.0,314.0,228.0,428.0,279.0,336.0,27.0,194.0,251.0,220.0,280.0,255.0,192.0,145.0,0.0,114.0,151.0,294.0,279.0,266.0,282.0,291.0,280.0,254.0,231.0,255.0,274.0,295.0,331.0,315.0,263.0,274.0,238.0,304.0,336.0,234.0,266.0,243.0,324.0,332.0,251.0,261.0,296.0,285.0,229.0,304.0,287.0,297.0,341.0,196.0,315.0,276.0,318.0,156.0,257.0,295.0,275.0,277.0,279.0,346.0,227.0,0.0,335.0,302.0,309.0,266.0,230.0,169.0,248.0,273.0,347.0,326.0,206.0,280.0,287.0,262.0,268.0,287.0,308.0,251.0,301.0,250.0,291.0,334.0,272.0,275.0,236.0,354.0,282.0,321.0,277.0,343.0,328.0,277.0,281.0,292.0,351.0,304.0,304.0,352.0,304.0,245.0,254.0,351.0,298.0,338.0,336.0,246.0,283.0,330.0,283.0,330.0,286.0,306.0,291.0,342.0,299.0,317.0,294.0,263.0,351.0,304.0,287.0,321.0,272.0,306.0,275.0,328.0,231.0,338.0,278.0,339.0,287.0,349.0,318.0,302.0,201.0,304.0,340.0,320.0,275.0,290.0,225.0,284.0,242.0,348.0,298.0,339.0,325.0,235.0,294.0,303.0,335.0,284.0,285.0,258.0,210.0,330.0,269.0,327.0,274.0,330.0,271.0,288.0,292.0,279.0,332.0,320.0,305.0,343.0,311.0,327.0,341.0,383.0,331.0,332.0,377.0,273.0,317.0,312.0,334.0,283.0,332.0,206.0,218.0,341.0,297.0,270.0,304.0,292.0,184.0,264.0,282.0,280.0,248.0,316.0,295.0,280.0,308.0,255.0,275.0,305.0,208.0,277.0,299.0,239.0,280.0,312.0,314.0,324.0,252.0,281.0,296.0,285.0,301.0,271.0,328.0,285.0,324.0,283.0,356.0,311.0,288.0,279.0,295.0,319.0,272.0,339.0,314.0,184.0,283.0,342.0,340.0,257.0,280.0,309.0,286.0,375.0,334.0,328.0,246.0,311.0,297.0,296.0,305.0,319.0,230.0,242.0,339.0,308.0,302.0,307.0,289.0,293.0,282.0,313.0,352.0,305.0,313.0,273.0,303.0,245.0,310.0,251.0,334.0,291.0,330.0,292.0,250.0,316.0,303.0,273.0,331.0,269.0,279.0,342.0,318.0,306.0,314.0,321.0,333.0,325.0,131.0,292.0,327.0,337.0,264.0,271.0,238.0,391.0,272.0,289.0,319.0,309.0,294.0,270.0,300.0,298.0,281.0,332.0,298.0,280.0,315.0,242.0,257.0,237.0,313.0,255.0,258.0,333.0,331.0,293.0,331.0,353.0,304.0,328.0,319.0,262.0,169.0,246.0,371.0,308.0,296.0,264.0,169.0
265.0,316.0,251.0,275.0,277.0,228.0,211.0,167.0,246.0,256.0,240.0,300.0,290.0,306.0,173.0,312.0,312.0,277.0,296.0,276.0,263.0,200.0,281.0,217.0,264.0,228.0,276.0,267.0,269.0,253.0,282.0,250.0,271.0,277.0,296.0,186.0,271.0,255.0,304.0,290.0,303.0,326.0,275.0,426.0,273.0,250.0,0.0,229.0,243.0,230.0,277.0,264.0,288.0,227.0,0.0,173.0,217.0,304.0,306.0,262.0,241.0,262.0,267.0,204.0,259.0,262.0,279.0,332.0,272.0,342.0,284.0,283.0,317.0,283.0,307.0,297.0,256.0,240.0,280.0,270.0,291.0,226.0,293.0,292.0,291.0,306.0,341.0,266.0,286.0,267.0,322.0,278.0,315.0,178.0,273.0,306.0,259.0,287.0,218.0,331.0,279.0,0.0,304.0,284.0,334.0,253.0,295.0,179.0,308.0,258.0,294.0,321.0,226.0,260.0,306.0,300.0,280.0,323.0,300.0,257.0,301.0,320.0,324.0,245.0,285.0,241.0,327.0,271.0,247.0,305.0,286.0,286.0,295.0,326.0,307.0,279.0,337.0,307.0,309.0,328.0,298.0,222.0,278.0,337.0,315.0,295.0,343.0,272.0,314.0,295.0,316.0,274.0,303.0,280.0,233.0,303.0,286.0,332.0,250.0,298.0,246.0,332.0,302.0,285.0,299.0,301.0,331.0,361.0,308.0,317.0,300.0,343.0,301.0,312.0,284.0,317.0,329.0,286.0,320.0,342.0,321.0,277.0,285.0,275.0,193.0,291.0,316.0,267.0,304.0,274.0,271.0,294.0,287.0,279.0,285.0,250.0,282.0,289.0,318.0,311.0,251.0,341.0,332.0,337.0,348.0,285.0,337.0,337.0,319.0,298.0,242.0,292.0,286.0,314.0,295.0,325.0,292.0,274.0,333.0,323.0,315.0,365.0,292.0,267.0,299.0,277.0,234.0,288.0,265.0,307.0,225.0,302.0,315.0,244.0,302.0,327.0,338.0,322.0,231.0,277.0,259.0,236.0,292.0,315.0,290.0,228.0,276.0,264.0,314.0,294.0,240.0,339.0,243.0,280.0,312.0,248.0,353.0,307.0,303.0,271.0,290.0,334.0,335.0,286.0,276.0,314.0,240.0,288.0,331.0,303.0,186.0,273.0,280.0,259.0,343.0,279.0,278.0,280.0,268.0,335.0,341.0,294.0,276.0,301.0,309.0,260.0,233.0,290.0,286.0,305.0,261.0,306.0,331.0,292.0,379.0,265.0,286.0,332.0,284.0,322.0,308.0,282.0,276.0,255.0,291.0,328.0,274.0,259.0,318.0,276.0,282.0,302.0,254.0,319.0,290.0,340.0,310.0,276.0,298.0,247.0,265.0,230.0,158.0,337.0,325.0,350.0,252.0,263.0,319.0,337.0,217.0,324.0,291.0,304.0,281.0,310.0,279.0,277.0,322.0,304.0,253.0,283.0,265.0,283.0,307.0,376.0,275.0,326.0,303.0,302.0,319.0,315.0,313.0,389.0,357.0,294.0,285.0,265.0,142.0,331.0,322.0,300.0,333.0,246.0,197.0
261.0,290.0,272.0,229.0,332.0,282.0,174.0,205.0,317.0,251.0,245.0,300.0,264.0,257.0,211.0,270.0,211.0,238.0,245.0,249.0,227.0,246.0,272.0,240.0,280.0,257.0,254.0,323.0,245.0,284.0,251.0,274.0,275.0,279.0,266.0,192.0,239.0,224.0,272.0,328.0,304.0,322.0,284.0,339.0,312.0,288.0,35.0,165.0,167.0,244.0,279.0,255.0,158.0,214.0,0.0,172.0,128.0,277.0,239.0,245.0,256.0,303.0,244.0,256.0,299.0,359.0,284.0,299.0,310.0,268.0,273.0,339.0,267.0,272.0,335.0,291.0,303.0,212.0,247.0,324.0,275.0,265.0,281.0,300.0,269.0,314.0,302.0,313.0,296.0,168.0,360.0,260.0,274.0,246.0,313.0,346.0,295.0,301.0,241.0,318.0,210.0,0.0,310.0,248.0,294.0,269.0,312.0,258.0,251.0,241.0,349.0,355.0,271.0,279.0,279.0,294.0,367.0,254.0,309.0,309.0,312.0,299.0,290.0,347.0,290.0,339.0,294.0,302.0,295.0,290.0,308.0,329.0,352.0,337.0,241.0,309.0,281.0,275.0,277.0,321.0,310.0,299.0,343.0,332.0,306.0,323.0,319.0,234.0,313.0,278.0,327.0,346.0,287.0,333.0,253.0,314.0,334.0,325.0,329.0,308.0,359.0,266.0,304.0,278.0,254.0,301.0,268.0,344.0,261.0,329.0,293.0,347.0,298.0,286.0,352.0,287.0,307.0,289.0,270.0,285.0,322.0,306.0,289.0,281.0,209.0,340.0,318.0,324.0,277.0,335.0,311.0,289.0,313.0,328.0,273.0,326.0,240.0,301.0,258.0,323.0,286.0,304.0,438.0,261.0,317.0,355.0,334.0,319.0,289.0,250.0,265.0,362.0,286.0,320.0,334.0,294.0,286.0,183.0,287.0,325.0,324.0,324.0,257.0,278.0,284.0,312.0,285.0,247.0,296.0,307.0,188.0,340.0,358.0,286.0,291.0,283.0,289.0,297.0,218.0,305.0,303.0,307.0,283.0,286.0,315.0,298.0,287.0,297.0,284.0,294.0,287.0,291.0,401.0,326.0,302.0,312.0,321.0,315.0,267.0,325.0,292.0,294.0,278.0,282.0,313.0,340.0,274.0,298.0,302.0,299.0,352.0,307.0,364.0,277.0,252.0,317.0,288.0,265.0,307.0,283.0,292.0,287.0,296.0,302.0,271.0,310.0,331.0,283.0,300.0,329.0,238.0,332.0,305.0,285.0,375.0,314.0,286.0,280.0,256.0,266.0,291.0,271.0,295.0,225.0,271.0,322.0,265.0,315.0,292.0,306.0,291.0,219.0,280.0,280.0,308.0,331.0,282.0,330.0,314.0,252.0,281.0,328.0,193.0,328.0,333.0,341.0,201.0,282.0,312.0,331.0,143.0,319.0,295.0,278.0,321.0,290.0,296.0,334.0,292.0,288.0,305.0,267.0,253.0,269.0,301.0,342.0,292.0,269.0,347.0,393.0,327.0,323.0,324.0,294.0,287.0,336.0,313.0,293.0,180.0,312.0,328.0,286.0,299.0,275.0,199.0
231.0,281.0,330.0,262.0,257.0,268.0,206.0,252.0,240.0,264.0,268.0,279.0,316.0,331.0,210.0,331.0,279.0,237.0,253.0,231.0,255.0,241.0,249.0,213.0,318.0,297.0,258.0,315.0,300.0,267.0,259.0,249.0,234.0,271.0,270.0,271.0,270.0,245.0,242.0,268.0,284.0,298.0,258.0,288.0,325.0,310.0,0.0,228.0,260.0,252.0,273.0,252.0,82.0,285.0,0.0,164.0,203.0,271.0,287.0,256.0,254.0,274.0,347.0,287.0,304.0,302.0,276.0,279.0,285.0,267.0,250.0,342.0,293.0,311.0,315.0,242.0,333.0,290.0,273.0,245.0,289.0,308.0,325.0,305.0,289.0,296.0,317.0,295.0,299.0,284.0,306.0,297.0,284.0,385.0,304.0,321.0,295.0,279.0,327.0,294.0,214.0,0.0,341.0,294.0,391.0,254.0,372.0,160.0,285.0,253.0,317.0,326.0,293.0,274.0,246.0,288.0,295.0,290.0,324.0,326.0,358.0,310.0,313.0,247.0,238.0,276.0,339.0,296.0,312.0,317.0,264.0,278.0,358.0,361.0,332.0,268.0,300.0,324.0,305.0,362.0,335.0,219.0,288.0,319.0,276.0,296.0,324.0,285.0,296.0,263.0,253.0,299.0,321.0,328.0,330.0,274.0,261.0,257.0,287.0,307.0,321.0,332.0,227.0,340.0,328.0,270.0,330.0,315.0,315.0,268.0,287.0,337.0,278.0,333.0,306.0,331.0,317.0,301.0,340.0,360.0,310.0,324.0,289.0,275.0,222.0,351.0,312.0,333.0,387.0,292.0,293.0,317.0,325.0,313.0,294.0,264.0,317.0,292.0,268.0,299.0,287.0,302.0,349.0,301.0,316.0,309.0,332.0,336.0,309.0,286.0,285.0,289.0,389.0,314.0,311.0,352.0,359.0,280.0,304.0,311.0,290.0,329.0,318.0,312.0,293.0,330.0,331.0,276.0,321.0,308.0,264.0,321.0,312.0,282.0,293.0,291.0,272.0,315.0,321.0,267.0,261.0,289.0,282.0,315.0,348.0,244.0,318.0,331.0,262.0,287.0,305.0,285.0,302.0,321.0,301.0,244.0,346.0,280.0,280.0,285.0,312.0,261.0,321.0,300.0,272.0,300.0,326.0,286.0,271.0,296.0,321.0,258.0,340.0,359.0,266.0,297.0,313.0,305.0,321.0,348.0,346.0,309.0,318.0,285.0,316.0,302.0,265.0,311.0,304.0,309.0,323.0,348.0,332.0,330.0,350.0,312.0,268.0,367.0,222.0,348.0,271.0,276.0,312.0,237.0,289.0,274.0,311.0,305.0,331.0,307.0,288.0,278.0,245.0,334.0,334.0,312.0,321.0,305.0,340.0,278.0,321.0,357.0,140.0,337.0,327.0,354.0,263.0,236.0,339.0,385.0,135.0,278.0,295.0,285.0,209.0,266.0,274.0,260.0,308.0,271.0,285.0,309.0,354.0,226.0,327.0,302.0,276.0,268.0,318.0,327.0,313.0,300.0,350.0,392.0,319.0,299.0,319.0,280.0,167.0,290.0,348.0,359.0,316.0,267.0,256.0
283.0,307.0,297.0,217.0,313.0,284.0,284.0,275.0,271.0,259.0,227.0,315.0,294.0,321.0,240.0,292.0,294.0,213.0,263.0,242.0,239.0,198.0,304.0,230.0,230.0,287.0,288.0,299.0,279.0,268.0,281.0,254.0,305.0,253.0,271.0,226.0,282.0,281.0,341.0,269.0,323.0,270.0,325.0,351.0,249.0,311.0,124.0,153.0,216.0,350.0,297.0,259.0,204.0,134.0,0.0,89.0,295.0,306.0,297.0,266.0,246.0,293.0,319.0,311.0,238.0,274.0,309.0,289.0,299.0,314.0,272.0,321.0,316.0,297.0,325.0,326.0,319.0,334.0,292.0,298.0,299.0,310.0,255.0,332.0,223.0,314.0,318.0,273.0,342.0,231.0,298.0,310.0,246.0,328.0,302.0,314.0,271.0,292.0,262.0,331.0,264.0,0.0,284.0,347.0,353.0,342.0,359.0,130.0,304.0,264.0,289.0,354.0,283.0,308.0,242.0,262.0,250.0,252.0,323.0,315.0,289.0,285.0,278.0,316.0,338.0,311.0,350.0,312.0,293.0,261.0,315.0,291.0,341.0,324.0,309.0,249.0,302.0,347.0,368.0,327.0,352.0,316.0,280.0,272.0,307.0,334.0,292.0,223.0,346.0,308.0,314.0,296.0,298.0,322.0,317.0,306.0,224.0,278.0,291.0,281.0,346.0,344.0,318.0,319.0,334.0,308.0,324.0,332.0,330.0,349.0,305.0,347.0,249.0,369.0,374.0,334.0,295.0,309.0,305.0,310.0,305.0,283.0,283.0,252.0,196.0,291.0,305.0,347.0,301.0,288.0,334.0,330.0,314.0,291.0,313.0,335.0,347.0,227.0,270.0,332.0,294.0,315.0,364.0,394.0,270.0,297.0,345.0,341.0,329.0,332.0,217.0,341.0,297.0,274.0,287.0,353.0,337.0,295.0,293.0,358.0,280.0,312.0,330.0,366.0,340.0,240.0,332.0,279.0,328.0,304.0,192.0,343.0,379.0,312.0,285.0,313.0,309.0,333.0,330.0,314.0,332.0,273.0,294.0,250.0,263.0,262.0,270.0,302.0,236.0,285.0,228.0,309.0,259.0,346.0,300.0,281.0,347.0,337.0,267.0,310.0,335.0,284.0,325.0,311.0,340.0,348.0,302.0,279.0,328.0,325.0,320.0,302.0,265.0,308.0,287.0,304.0,273.0,311.0,337.0,329.0,318.0,320.0,217.0,285.0,259.0,343.0,313.0,293.0,297.0,289.0,316.0,280.0,334.0,321.0,328.0,285.0,259.0,311.0,197.0,328.0,291.0,279.0,273.0,278.0,310.0,277.0,289.0,300.0,301.0,289.0,269.0,267.0,317.0,357.0,341.0,351.0,287.0,293.0,295.0,302.0,342.0,344.0,201.0,353.0,346.0,340.0,263.0,268.0,352.0,366.0,231.0,311.0,297.0,287.0,303.0,282.0,268.0,189.0,324.0,239.0,332.0,290.0,308.0,293.0,253.0,337.0,271.0,290.0,331.0,366.0,316.0,280.0,336.0,309.0,327.0,362.0,321.0,294.0,179.0,335.0,309.0,305.0,359.0,318.0,180.0
273.0,293.0,223.0,235.0,293.0,269.0,212.0,261.0,251.0,247.0,264.0,287.0,264.0,322.0,236.0,268.0,239.0,290.0,251.0,259.0,250.0,246.0,299.0,226.0,330.0,258.0,319.0,284.0,304.0,287.0,238.0,278.0,239.0,255.0,314.0,270.0,285.0,223.0,285.0,260.0,283.0,320.0,293.0,296.0,299.0,329.0,255.0,192.0,289.0,248.0,293.0,235.0,204.0,220.0,0.0,140.0,280.0,226.0,264.0,270.0,207.0,304.0,337.0,305.0,323.0,267.0,290.0,279.0,254.0,363.0,256.0,300.0,320.0,332.0,295.0,225.0,302.0,302.0,309.0,223.0,306.0,273.0,274.0,320.0,343.0,250.0,273.0,250.0,334.0,231.0,239.0,301.0,280.0,326.0,283.0,246.0,247.0,295.0,301.0,329.0,259.0,0.0,291.0,338.0,315.0,284.0,278.0,186.0,265.0,273.0,265.0,260.0,236.0,293.0,275.0,300.0,309.0,286.0,269.0,313.0,281.0,253.0,326.0,248.0,232.0,306.0,331.0,281.0,251.0,308.0,337.0,279.0,392.0,363.0,302.0,257.0,360.0,304.0,333.0,350.0,352.0,299.0,305.0,326.0,327.0,314.0,312.0,297.0,352.0,336.0,322.0,340.0,296.0,315.0,184.0,279.0,308.0,341.0,326.0,343.0,333.0,342.0,320.0,243.0,280.0,329.0,308.0,384.0,298.0,370.0,261.0,258.0,358.0,344.0,281.0,277.0,309.0,322.0,298.0,306.0,312.0,340.0,291.0,296.0,172.0,373.0,319.0,374.0,324.0,360.0,265.0,342.0,225.0,303.0,326.0,292.0,342.0,292.0,292.0,322.0,305.0,319.0,294.0,356.0,358.0,279.0,310.0,346.0,383.0,243.0,252.0,334.0,315.0,348.0,318.0,322.0,326.0,325.0,302.0,318.0,291.0,374.0,319.0,355.0,290.0,304.0,272.0,290.0,275.0,223.0,392.0,350.0,303.0,256.0,322.0,315.0,303.0,332.0,329.0,324.0,317.0,267.0,312.0,285.0,315.0,323.0,270.0,346.0,277.0,182.0,276.0,326.0,303.0,273.0,255.0,299.0,280.0,321.0,322.0,329.0,259.0,261.0,290.0,282.0,302.0,337.0,325.0,313.0,312.0,305.0,262.0,266.0,354.0,337.0,283.0,280.0,302.0,380.0,279.0,360.0,331.0,311.0,327.0,291.0,307.0,310.0,279.0,342.0,325.0,274.0,306.0,338.0,339.0,304.0,371.0,292.0,270.0,322.0,222.0,362.0,287.0,346.0,308.0,270.0,303.0,279.0,344.0,308.0,352.0,311.0,278.0,308.0,276.0,338.0,273.0,395.0,349.0,297.0,285.0,305.0,298.0,368.0,196.0,341.0,347.0,339.0,304.0,326.0,343.0,403.0,174.0,282.0,256.0,310.0,314.0,312.0,326.0,309.0,250.0,322.0,336.0,346.0,349.0,316.0,245.0,283.0,278.0,252.0,344.0,346.0,355.0,341.0,309.0,320.0,307.0,349.0,316.0,265.0,176.0,328.0,351.0,301.0,260.0,269.0,247.0
278.0,305.0,307.0,305.0,326.0,265.0,233.0,264.0,304.0,187.0,228.0,272.0,295.0,316.0,232.0,282.0,294.0,287.0,305.0,303.0,309.0,244.0,240.0,282.0,244.0,276.0,288.0,273.0,290.0,316.0,304.0,264.0,243.0,298.0,320.0,215.0,314.0,261.0,294.0,259.0,304.0,425.0,265.0,258.0,318.0,242.0,282.0,176.0,310.0,227.0,288.0,292.0,172.0,129.0,0.0,131.0,134.0,265.0,290.0,223.0,251.0,219.0,266.0,265.0,295.0,258.0,298.0,287.0,228.0,356.0,273.0,249.0,289.0,343.0,318.0,320.0,344.0,222.0,323.0,215.0,249.0,232.0,233.0,298.0,286.0,283.0,336.0,300.0,303.0,227.0,281.0,336.0,252.0,332.0,309.0,286.0,280.0,358.0,370.0,318.0,198.0,0.0,257.0,325.0,358.0,319.0,364.0,201.0,233.0,298.0,263.0,398.0,168.0,212.0,261.0,302.0,277.0,301.0,341.0,289.0,321.0,253.0,270.0,327.0,284.0,285.0,291.0,303.0,331.0,307.0,317.0,289.0,372.0,346.0,230.0,301.0,311.0,323.0,276.0,281.0,349.0,287.0,326.0,297.0,305.0,320.0,334.0,321.0,359.0,260.0,299.0,319.0,263.0,313.0,342.0,289.0,278.0,287.0,304.0,307.0,331.0,329.0,307.0,318.0,332.0,311.0,227.0,383.0,292.0,311.0,285.0,296.0,281.0,324.0,330.0,330.0,353.0,330.0,345.0,330.0,326.0,312.0,293.0,292.0,154.0,362.0,300.0,276.0,281.0,304.0,333.0,301.0,285.0,355.0,287.0,349.0,256.0,313.0,391.0,314.0,200.0,309.0,340.0,405.0,300.0,302.0,325.0,327.0,355.0,265.0,281.0,344.0,266.0,347.0,245.0,319.0,323.0,400.0,363.0,331.0,324.0,302.0,357.0,326.0,282.0,364.0,328.0,269.0,286.0,329.0,310.0,309.0,298.0,298.0,200.0,326.0,324.0,316.0,347.0,242.0,293.0,329.0,315.0,344.0,365.0,283.0,289.0,345.0,268.0,252.0,311.0,355.0,372.0,293.0,309.0,284.0,288.0,252.0,334.0,352.0,278.0,314.0,292.0,300.0,325.0,334.0,310.0,281.0,333.0,268.0,286.0,346.0,319.0,292.0,320.0,306.0,272.0,243.0,297.0,352.0,265.0,299.0,286.0,373.0,344.0,287.0,333.0,274.0,301.0,322.0,268.0,242.0,326.0,358.0,337.0,323.0,310.0,291.0,258.0,303.0,325.0,229.0,304.0,284.0,274.0,264.0,274.0,277.0,270.0,309.0,300.0,276.0,283.0,360.0,338.0,316.0,276.0,284.0,289.0,284.0,280.0,326.0,208.0,292.0,347.0,283.0,275.0,300.0,348.0,446.0,174.0,267.0,227.0,224.0,305.0,372.0,280.0,249.0,282.0,276.0,265.0,315.0,331.0,317.0,293.0,232.0,302.0,293.0,313.0,343.0,406.0,264.0,304.0,313.0,326.0,359.0,377.0,334.0,114.0,286.0,360.0,359.0,323.0,317.0,223.0
277.0,295.0,281.0,233.0,251.0,329.0,204.0,307.0,272.0,272.0,264.0,236.0,270.0,279.0,259.0,305.0,292.0,206.0,286.0,248.0,314.0,180.0,285.0,321.0,307.0,290.0,299.0,250.0,154.0,294.0,286.0,237.0,269.0,303.0,282.0,282.0,278.0,273.0,255.0,273.0,292.0,311.0,381.0,319.0,324.0,263.0,274.0,184.0,367.0,232.0,296.0,299.0,180.0,254.0,0.0,146.0,259.0,309.0,282.0,224.0,271.0,285.0,376.0,327.0,287.0,276.0,313.0,314.0,321.0,317.0,311.0,340.0,268.0,238.0,264.0,282.0,297.0,311.0,295.0,311.0,276.0,271.0,330.0,370.0,280.0,312.0,228.0,241.0,298.0,219.0,344.0,320.0,291.0,290.0,322.0,340.0,349.0,355.0,291.0,315.0,266.0,0.0,354.0,353.0,354.0,262.0,307.0,172.0,263.0,235.0,310.0,319.0,248.0,288.0,228.0,288.0,286.0,304.0,371.0,288.0,285.0,280.0,275.0,344.0,277.0,280.0,390.0,293.0,278.0,270.0,300.0,319.0,352.0,336.0,297.0,281.0,320.0,316.0,309.0,334.0,372.0,235.0,310.0,288.0,349.0,292.0,307.0,335.0,267.0,323.0,266.0,324.0,293.0,359.0,299.0,323.0,324.0,300.0,291.0,305.0,345.0,388.0,324.0,215.0,323.0,334.0,296.0,322.0,361.0,343.0,284.0,319.0,289.0,342.0,324.0,396.0,307.0,367.0,354.0,375.0,319.0,271.0,345.0,300.0,198.0,314.0,326.0,355.0,353.0,330.0,330.0,290.0,246.0,285.0,281.0,299.0,360.0,294.0,296.0,339.0,289.0,304.0,254.0,352.0,296.0,317.0,308.0,331.0,284.0,264.0,270.0,331.0,310.0,331.0,292.0,367.0,340.0,313.0,308.0,315.0,273.0,323.0,322.0,337.0,340.0,311.0,269.0,298.0,303.0,282.0,361.0,359.0,318.0,275.0,305.0,287.0,331.0,362.0,341.0,309.0,317.0,333.0,278.0,346.0,304.0,329.0,279.0,307.0,237.0,336.0,300.0,345.0,345.0,288.0,317.0,274.0,340.0,304.0,348.0,371.0,367.0,289.0,317.0,308.0,309.0,321.0,285.0,300.0,328.0,292.0,187.0,297.0,340.0,330.0,309.0,308.0,306.0,333.0,305.0,346.0,346.0,260.0,235.0,298.0,266.0,322.0,279.0,365.0,336.0,276.0,284.0,288.0,309.0,416.0,370.0,331.0,306.0,319.0,278.0,260.0,307.0,298.0,339.0,255.0,266.0,250.0,278.0,328.0,354.0,327.0,269.0,363.0,269.0,355.0,378.0,366.0,291.0,305.0,284.0,267.0,304.0,305.0,174.0,312.0,329.0,305.0,236.0,303.0,332.0,394.0,181.0,283.0,301.0,295.0,287.0,300.0,347.0,239.0,252.0,282.0,360.0,311.0,364.0,251.0,328.0,296.0,263.0,318.0,338.0,323.0,333.0,273.0,332.0,384.0,311.0,322.0,321.0,281.0,143.0,315.0,362.0,329.0,319.0,330.0,225.0
322.0,262.0,305.0,246.0,236.0,256.0,243.0,303.0,221.0,246.0,247.0,284.0,288.0,278.0,245.0,311.0,320.0,287.0,215.0,266.0,288.0,225.0,268.0,123.0,296.0,275.0,236.0,308.0,225.0,226.0,325.0,249.0,261.0,264.0,287.0,225.0,311.0,220.0,265.0,299.0,268.0,364.0,385.0,257.0,305.0,322.0,333.0,220.0,352.0,289.0,257.0,261.0,133.0,178.0,0.0,156.0,184.0,267.0,289.0,277.0,305.0,327.0,264.0,305.0,288.0,316.0,201.0,295.0,289.0,365.0,249.0,239.0,293.0,275.0,289.0,269.0,352.0,271.0,264.0,287.0,255.0,314.0,287.0,359.0,358.0,339.0,286.0,255.0,250.0,230.0,282.0,295.0,304.0,267.0,257.0,314.0,285.0,336.0,372.0,257.0,211.0,0.0,314.0,374.0,395.0,274.0,316.0,156.0,224.0,304.0,317.0,335.0,215.0,293.0,285.0,259.0,325.0,322.0,358.0,276.0,289.0,256.0,292.0,294.0,263.0,281.0,225.0,291.0,278.0,257.0,308.0,329.0,345.0,280.0,304.0,272.0,313.0,305.0,321.0,401.0,298.0,321.0,284.0,256.0,277.0,340.0,322.0,328.0,360.0,355.0,318.0,291.0,335.0,348.0,330.0,282.0,262.0,296.0,318.0,293.0,339.0,234.0,273.0,257.0,305.0,351.0,322.0,397.0,381.0,296.0,287.0,279.0,321.0,357.0,324.0,383.0,325.0,283.0,309.0,357.0,307.0,284.0,285.0,323.0,184.0,356.0,314.0,323.0,338.0,359.0,253.0,257.0,320.0,281.0,286.0,287.0,271.0,329.0,268.0,348.0,317.0,322.0,307.0,365.0,302.0,287.0,358.0,317.0,331.0,309.0,315.0,309.0,295.0,312.0,293.0,317.0,345.0,304.0,328.0,312.0,305.0,374.0,280.0,372.0,332.0,319.0,312.0,285.0,293.0,319.0,345.0,387.0,357.0,284.0,319.0,312.0,318.0,301.0,302.0,294.0,271.0,295.0,223.0,317.0,295.0,306.0,286.0,318.0,264.0,333.0,312.0,347.0,355.0,292.0,140.0,262.0,316.0,341.0,368.0,281.0,323.0,249.0,228.0,326.0,299.0,341.0,369.0,273.0,299.0,249.0,325.0,317.0,371.0,312.0,276.0,285.0,279.0,283.0,299.0,362.0,305.0,343.0,318.0,302.0,313.0,304.0,305.0,340.0,307.0,273.0,273.0,269.0,351.0,376.0,368.0,337.0,299.0,335.0,258.0,302.0,281.0,279.0,312.0,289.0,245.0,249.0,289.0,266.0,321.0,330.0,300.0,331.0,259.0,298.0,332.0,297.0,323.0,282.0,281.0,279.0,273.0,335.0,195.0,415.0,310.0,329.0,291.0,293.0,322.0,387.0,181.0,341.0,277.0,300.0,263.0,312.0,242.0,230.0,267.0,270.0,286.0,340.0,333.0,302.0,256.0,286.0,301.0,296.0,307.0,360.0,343.0,320.0,294.0,361.0,305.0,360.0,394.0,254.0,121.0,351.0,329.0,318.0,374.0,300.0,204.0
254.0,307.0,273.0,287.0,294.0,348.0,232.0,280.0,226.0,246.0,264.0,274.0,241.0,291.0,255.0,352.0,272.0,295.0,229.0,273.0,311.0,321.0,292.0,216.0,285.0,211.0,253.0,296.0,321.0,218.0,209.0,235.0,295.0,315.0,313.0,321.0,268.0,244.0,267.0,266.0,245.0,292.0,326.0,275.0,295.0,250.0,249.0,207.0,367.0,240.0,256.0,233.0,150.0,179.0,0.0,122.0,284.0,293.0,250.0,263.0,325.0,310.0,345.0,271.0,275.0,253.0,252.0,273.0,304.0,349.0,307.0,320.0,275.0,306.0,283.0,325.0,337.0,372.0,271.0,247.0,303.0,255.0,258.0,352.0,337.0,311.0,274.0,234.0,276.0,222.0,343.0,341.0,270.0,289.0,318.0,234.0,314.0,326.0,307.0,359.0,192.0,0.0,310.0,311.0,397.0,328.0,292.0,205.0,238.0,218.0,284.0,369.0,199.0,251.0,235.0,274.0,292.0,317.0,366.0,312.0,282.0,275.0,271.0,333.0,321.0,297.0,359.0,266.0,253.0,276.0,309.0,292.0,372.0,319.0,358.0,266.0,263.0,274.0,364.0,372.0,333.0,268.0,218.0,323.0,313.0,305.0,370.0,331.0,316.0,287.0,321.0,273.0,306.0,367.0,342.0,261.0,266.0,310.0,275.0,329.0,288.0,336.0,233.0,294.0,299.0,343.0,329.0,387.0,358.0,356.0,268.0,321.0,269.0,308.0,367.0,340.0,197.0,303.0,308.0,303.0,349.0,378.0,317.0,301.0,178.0,325.0,356.0,319.0,304.0,341.0,267.0,241.0,340.0,328.0,281.0,328.0,368.0,330.0,303.0,307.0,307.0,348.0,411.0,348.0,298.0,300.0,291.0,307.0,341.0,281.0,301.0,303.0,341.0,326.0,249.0,346.0,345.0,337.0,325.0,271.0,340.0,360.0,295.0,341.0,307.0,228.0,331.0,290.0,316.0,330.0,359.0,288.0,318.0,271.0,279.0,289.0,285.0,359.0,380.0,291.0,242.0,307.0,297.0,290.0,366.0,312.0,331.0,317.0,317.0,373.0,272.0,383.0,289.0,323.0,307.0,275.0,326.0,332.0,336.0,308.0,289.0,295.0,312.0,288.0,286.0,340.0,325.0,299.0,268.0,312.0,301.0,302.0,304.0,353.0,228.0,223.0,282.0,248.0,308.0,374.0,313.0,295.0,277.0,268.0,277.0,270.0,300.0,353.0,272.0,304.0,283.0,330.0,273.0,356.0,403.0,287.0,310.0,257.0,225.0,276.0,275.0,316.0,279.0,215.0,330.0,215.0,298.0,317.0,333.0,284.0,286.0,297.0,288.0,370.0,347.0,296.0,279.0,290.0,302.0,203.0,279.0,343.0,232.0,341.0,346.0,282.0,225.0,355.0,385.0,403.0,202.0,275.0,254.0,284.0,332.0,298.0,329.0,279.0,282.0,284.0,281.0,311.0,339.0,339.0,309.0,269.0,326.0,280.0,305.0,396.0,344.0,310.0,284.0,284.0,350.0,351.0,275.0,302.0,106.0,341.0,287.0,312.0,308.0,253.0,280.0
287.0,296.0,258.0,291.0,269.0,282.0,288.0,295.0,205.0,222.0,269.0,213.0,274.0,283.0,254.0,337.0,249.0,283.0,249.0,243.0,266.0,212.0,318.0,226.0,277.0,253.0,268.0,286.0,307.0,238.0,260.0,240.0,287.0,302.0,315.0,264.0,264.0,216.0,228.0,290.0,284.0,318.0,290.0,329.0,306.0,315.0,296.0,234.0,374.0,289.0,266.0,248.0,185.0,58.0,0.0,83.0,356.0,263.0,242.0,278.0,294.0,297.0,317.0,272.0,284.0,264.0,268.0,247.0,304.0,394.0,303.0,296.0,283.0,244.0,306.0,254.0,360.0,323.0,291.0,249.0,304.0,246.0,299.0,329.0,356.0,279.0,313.0,225.0,287.0,206.0,328.0,316.0,229.0,300.0,305.0,258.0,306.0,284.0,333.0,279.0,226.0,0.0,285.0,347.0,346.0,307.0,324.0,154.0,227.0,292.0,290.0,341.0,274.0,265.0,277.0,262.0,305.0,326.0,362.0,308.0,318.0,259.0,239.0,283.0,314.0,299.0,298.0,280.0,251.0,286.0,290.0,360.0,303.0,300.0,278.0,315.0,295.0,305.0,275.0,388.0,295.0,289.0,256.0,286.0,326.0,344.0,326.0,316.0,376.0,272.0,326.0,260.0,287.0,356.0,298.0,312.0,278.0,306.0,328.0,345.0,389.0,295.0,304.0,269.0,290.0,295.0,309.0,327.0,388.0,265.0,236.0,307.0,318.0,387.0,345.0,355.0,321.0,266.0,315.0,305.0,310.0,338.0,230.0,335.0,254.0,326.0,277.0,377.0,350.0,326.0,316.0,294.0,281.0,309.0,304.0,366.0,329.0,383.0,268.0,328.0,287.0,310.0,397.0,450.0,337.0,96.0,308.0,349.0,377.0,200.0,306.0,410.0,347.0,274.0,361.0,383.0,337.0,278.0,356.0,313.0,305.0,220.0,250.0,372.0,419.0,272.0,286.0,270.0,265.0,339.0,356.0,340.0,300.0,306.0,301.0,247.0,328.0,415.0,338.0,271.0,288.0,304.0,258.0,244.0,316.0,270.0,335.0,320.0,269.0,272.0,300.0,364.0,423.0,222.0,239.0,329.0,197.0,282.0,356.0,299.0,282.0,279.0,338.0,307.0,300.0,309.0,359.0,235.0,295.0,274.0,272.0,245.0,344.0,295.0,315.0,299.0,290.0,320.0,263.0,263.0,344.0,200.0,310.0,284.0,314.0,328.0,304.0,264.0,316.0,279.0,281.0,353.0,352.0,377.0,314.0,254.0,300.0,304.0,298.0,280.0,351.0,338.0,285.0,300.0,236.0,206.0,317.0,296.0,313.0,271.0,303.0,288.0,247.0,310.0,334.0,267.0,279.0,274.0,280.0,274.0,294.0,338.0,216.0,267.0,335.0,409.0,303.0,315.0,372.0,402.0,176.0,260.0,233.0,329.0,321.0,367.0,225.0,194.0,255.0,257.0,293.0,335.0,314.0,348.0,247.0,256.0,267.0,255.0,297.0,357.0,436.0,329.0,227.0,321.0,336.0,370.0,337.0,308.0,118.0,319.0,325.0,373.0,298.0,278.0,229.0
274.0,284.0,262.0,259.0,256.0,288.0,285.0,276.0,248.0,266.0,200.0,275.0,263.0,302.0,230.0,270.0,207.0,232.0,233.0,280.0,307.0,254.0,178.0,190.0,249.0,231.0,305.0,320.0,444.0,244.0,293.0,250.0,253.0,264.0,268.0,210.0,239.0,249.0,219.0,222.0,271.0,380.0,254.0,320.0,267.0,324.0,256.0,201.0,299.0,254.0,242.0,259.0,61.0,215.0,0.0,229.0,224.0,221.0,236.0,238.0,251.0,242.0,341.0,308.0,306.0,228.0,280.0,301.0,280.0,361.0,314.0,227.0,242.0,266.0,318.0,292.0,350.0,300.0,282.0,215.0,318.0,291.0,298.0,347.0,273.0,293.0,264.0,274.0,246.0,277.0,331.0,305.0,277.0,261.0,237.0,279.0,260.0,332.0,328.0,301.0,202.0,0.0,318.0,316.0,272.0,355.0,328.0,194.0,259.0,252.0,277.0,356.0,273.0,279.0,303.0,265.0,310.0,252.0,303.0,307.0,263.0,290.0,277.0,288.0,309.0,277.0,356.0,318.0,286.0,278.0,254.0,334.0,347.0,330.0,309.0,277.0,303.0,325.0,333.0,338.0,334.0,262.0,282.0,267.0,308.0,287.0,355.0,297.0,307.0,343.0,292.0,228.0,310.0,335.0,298.0,299.0,247.0,341.0,345.0,344.0,368.0,394.0,322.0,264.0,291.0,337.0,375.0,367.0,356.0,323.0,237.0,303.0,306.0,331.0,378.0,383.0,255.0,267.0,297.0,359.0,339.0,335.0,353.0,314.0,158.0,264.0,277.0,312.0,289.0,385.0,264.0,264.0,341.0,265.0,346.0,323.0,371.0,287.0,178.0,304.0,258.0,370.0,344.0,378.0,335.0,0.0,346.0,333.0,318.0,237.0,327.0,315.0,326.0,366.0,299.0,352.0,383.0,377.0,290.0,286.0,297.0,294.0,313.0,375.0,326.0,307.0,258.0,273.0,332.0,344.0,375.0,328.0,295.0,247.0,299.0,293.0,337.0,331.0,417.0,265.0,311.0,264.0,303.0,333.0,293.0,322.0,306.0,311.0,254.0,244.0,252.0,303.0,426.0,301.0,290.0,287.0,340.0,303.0,359.0,368.0,318.0,253.0,263.0,295.0,290.0,373.0,345.0,268.0,197.0,293.0,260.0,263.0,354.0,332.0,290.0,253.0,282.0,340.0,314.0,321.0,329.0,245.0,265.0,279.0,291.0,313.0,268.0,334.0,306.0,259.0,243.0,298.0,279.0,353.0,279.0,236.0,288.0,260.0,260.0,297.0,293.0,339.0,298.0,255.0,291.0,222.0,284.0,344.0,330.0,267.0,264.0,257.0,253.0,306.0,342.0,379.0,313.0,279.0,253.0,283.0,280.0,308.0,166.0,306.0,347.0,373.0,306.0,345.0,356.0,410.0,170.0,250.0,297.0,257.0,334.0,328.0,330.0,227.0,254.0,247.0,284.0,290.0,352.0,321.0,285.0,327.0,227.0,308.0,359.0,372.0,313.0,303.0,309.0,335.0,301.0,306.0,303.0,296.0,169.0,288.0,367.0,308.0,320.0,348.0,260.0
319.0,294.0,206.0,274.0,297.0,300.0,179.0,312.0,221.0,270.0,208.0,291.0,250.0,325.0,267.0,315.0,318.0,192.0,181.0,264.0,264.0,218.0,218.0,269.0,272.0,222.0,345.0,304.0,218.0,161.0,255.0,207.0,254.0,248.0,321.0,218.0,274.0,242.0,305.0,274.0,297.0,339.0,218.0,363.0,223.0,285.0,320.0,188.0,359.0,218.0,248.0,243.0,173.0,99.0,0.0,145.0,206.0,232.0,276.0,263.0,291.0,284.0,262.0,313.0,280.0,232.0,248.0,300.0,360.0,266.0,280.0,280.0,275.0,273.0,309.0,323.0,349.0,253.0,289.0,222.0,252.0,254.0,327.0,369.0,307.0,274.0,308.0,287.0,272.0,232.0,334.0,336.0,328.0,306.0,290.0,305.0,267.0,356.0,366.0,312.0,201.0,0.0,363.0,327.0,313.0,261.0,228.0,155.0,211.0,269.0,318.0,362.0,216.0,270.0,216.0,258.0,268.0,261.0,376.0,372.0,271.0,253.0,261.0,304.0,303.0,237.0,348.0,264.0,236.0,275.0,283.0,311.0,357.0,350.0,284.0,234.0,314.0,323.0,287.0,351.0,373.0,309.0,248.0,230.0,299.0,337.0,354.0,319.0,384.0,314.0,209.0,269.0,301.0,306.0,345.0,319.0,224.0,249.0,287.0,299.0,386.0,314.0,316.0,249.0,295.0,321.0,305.0,346.0,281.0,311.0,289.0,283.0,324.0,348.0,370.0,321.0,325.0,295.0,309.0,308.0,346.0,322.0,320.0,281.0,232.0,321.0,326.0,269.0,367.0,276.0,300.0,270.0,302.0,350.0,386.0,311.0,332.0,328.0,279.0,286.0,240.0,361.0,347.0,316.0,319.0,0.0,332.0,283.0,310.0,262.0,265.0,340.0,282.0,301.0,272.0,353.0,333.0,289.0,357.0,233.0,311.0,300.0,298.0,312.0,363.0,294.0,262.0,298.0,324.0,273.0,327.0,327.0,257.0,292.0,304.0,276.0,308.0,362.0,320.0,291.0,277.0,288.0,225.0,309.0,298.0,302.0,299.0,284.0,265.0,170.0,336.0,294.0,345.0,292.0,255.0,265.0,283.0,303.0,265.0,284.0,306.0,277.0,240.0,309.0,251.0,318.0,360.0,305.0,269.0,61.0,228.0,332.0,300.0,325.0,280.0,283.0,295.0,322.0,352.0,313.0,365.0,268.0,239.0,277.0,295.0,288.0,330.0,344.0,314.0,322.0,274.0,272.0,352.0,325.0,316.0,291.0,317.0,304.0,297.0,316.0,342.0,364.0,285.0,223.0,237.0,305.0,303.0,319.0,361.0,287.0,276.0,233.0,231.0,316.0,338.0,376.0,315.0,267.0,276.0,306.0,340.0,388.0,192.0,313.0,284.0,345.0,302.0,305.0,331.0,381.0,213.0,214.0,259.0,306.0,345.0,297.0,355.0,206.0,237.0,271.0,308.0,290.0,341.0,286.0,319.0,310.0,223.0,291.0,337.0,386.0,328.0,280.0,268.0,283.0,340.0,289.0,389.0,293.0,144.0,377.0,345.0,284.0,372.0,334.0,268.0
268.0,325.0,292.0,226.0,255.0,266.0,229.0,220.0,212.0,238.0,216.0,241.0,243.0,358.0,226.0,332.0,287.0,282.0,238.0,269.0,349.0,234.0,249.0,257.0,258.0,229.0,305.0,320.0,325.0,240.0,262.0,223.0,224.0,274.0,321.0,223.0,278.0,214.0,251.0,271.0,265.0,317.0,333.0,250.0,276.0,269.0,247.0,236.0,327.0,235.0,255.0,263.0,131.0,158.0,0.0,275.0,280.0,307.0,234.0,277.0,232.0,247.0,312.0,273.0,252.0,289.0,250.0,284.0,287.0,354.0,335.0,287.0,292.0,255.0,240.0,293.0,295.0,273.0,301.0,264.0,254.0,206.0,264.0,317.0,317.0,302.0,263.0,245.0,249.0,184.0,300.0,345.0,278.0,291.0,292.0,260.0,314.0,378.0,328.0,272.0,189.0,0.0,292.0,327.0,346.0,299.0,306.0,183.0,226.0,256.0,285.0,325.0,173.0,253.0,255.0,251.0,280.0,287.0,319.0,338.0,291.0,247.0,264.0,265.0,283.0,310.0,296.0,263.0,290.0,254.0,295.0,295.0,374.0,401.0,252.0,224.0,267.0,310.0,359.0,342.0,317.0,286.0,240.0,294.0,309.0,319.0,402.0,330.0,304.0,273.0,291.0,343.0,295.0,345.0,373.0,303.0,278.0,306.0,300.0,326.0,266.0,364.0,318.0,286.0,320.0,301.0,372.0,293.0,323.0,322.0,308.0,306.0,265.0,362.0,383.0,350.0,241.0,298.0,300.0,288.0,302.0,289.0,292.0,374.0,224.0,351.0,272.0,356.0,374.0,90.0,196.0,269.0,325.0,334.0,311.0,379.0,335.0,332.0,304.0,337.0,315.0,354.0,296.0,292.0,313.0,0.0,319.0,298.0,326.0,199.0,292.0,339.0,301.0,259.0,325.0,343.0,350.0,325.0,317.0,312.0,271.0,255.0,288.0,317.0,348.0,267.0,227.0,260.0,290.0,329.0,381.0,282.0,269.0,235.0,240.0,208.0,287.0,381.0,373.0,269.0,225.0,292.0,284.0,249.0,318.0,302.0,356.0,293.0,276.0,0.0,236.0,245.0,374.0,253.0,251.0,270.0,284.0,277.0,344.0,340.0,263.0,259.0,267.0,259.0,274.0,367.0,354.0,292.0,280.0,101.0,318.0,254.0,280.0,338.0,329.0,245.0,254.0,252.0,312.0,305.0,324.0,315.0,251.0,320.0,294.0,314.0,371.0,337.0,340.0,219.0,215.0,314.0,273.0,348.0,322.0,300.0,278.0,259.0,297.0,268.0,325.0,339.0,240.0,270.0,278.0,289.0,312.0,343.0,335.0,307.0,261.0,256.0,239.0,368.0,323.0,359.0,285.0,254.0,268.0,289.0,281.0,254.0,146.0,344.0,329.0,348.0,259.0,346.0,324.0,403.0,169.0,308.0,310.0,260.0,308.0,315.0,329.0,246.0,243.0,208.0,272.0,298.0,327.0,317.0,282.0,231.0,274.0,303.0,277.0,302.0,329.0,305.0,349.0,243.0,339.0,350.0,326.0,329.0,160.0,293.0,393.0,298.0,286.0,309.0,220.0
307.0,260.0,246.0,224.0,249.0,277.0,257.0,217.0,248.0,241.0,231.0,242.0,286.0,305.0,295.0,349.0,253.0,211.0,190.0,270.0,277.0,233.0,256.0,309.0,230.0,225.0,261.0,312.0,323.0,240.0,206.0,278.0,268.0,227.0,285.0,250.0,279.0,234.0,251.0,276.0,291.0,370.0,378.0,307.0,303.0,306.0,275.0,219.0,291.0,236.0,271.0,268.0,90.0,264.0,0.0,81.0,291.0,275.0,287.0,250.0,287.0,286.0,323.0,349.0,277.0,293.0,265.0,302.0,239.0,314.0,296.0,260.0,256.0,270.0,184.0,252.0,319.0,296.0,315.0,247.0,298.0,297.0,308.0,334.0,312.0,352.0,317.0,246.0,246.0,268.0,232.0,328.0,304.0,296.0,314.0,263.0,296.0,347.0,390.0,271.0,58.0,0.0,280.0,367.0,377.0,339.0,337.0,172.0,254.0,229.0,298.0,382.0,276.0,275.0,262.0,258.0,273.0,309.0,355.0,293.0,256.0,234.0,275.0,248.0,321.0,305.0,270.0,285.0,295.0,301.0,320.0,333.0,330.0,345.0,271.0,216.0,319.0,300.0,215.0,310.0,294.0,306.0,319.0,299.0,325.0,335.0,303.0,272.0,356.0,280.0,296.0,228.0,265.0,363.0,495.0,284.0,288.0,249.0,287.0,352.0,340.0,380.0,332.0,340.0,237.0,336.0,329.0,335.0,334.0,376.0,270.0,291.0,324.0,310.0,345.0,354.0,292.0,326.0,244.0,245.0,309.0,274.0,228.0,390.0,265.0,329.0,289.0,344.0,297.0,305.0,306.0,275.0,290.0,303.0,393.0,307.0,343.0,331.0,314.0,317.0,313.0,270.0,396.0,286.0,261.0,122.0,352.0,362.0,291.0,291.0,286.0,354.0,315.0,322.0,314.0,367.0,326.0,360.0,264.0,346.0,256.0,294.0,332.0,407.0,336.0,308.0,255.0,258.0,249.0,302.0,397.0,369.0,291.0,276.0,307.0,238.0,271.0,377.0,331.0,275.0,311.0,258.0,301.0,268.0,319.0,293.0,355.0,337.0,281.0,0.0,277.0,297.0,384.0,329.0,263.0,243.0,291.0,320.0,329.0,362.0,316.0,266.0,335.0,270.0,302.0,368.0,344.0,317.0,298.0,279.0,294.0,273.0,359.0,338.0,272.0,263.0,203.0,294.0,289.0,351.0,329.0,313.0,248.0,296.0,312.0,228.0,267.0,377.0,325.0,269.0,228.0,316.0,343.0,353.0,302.0,280.0,261.0,295.0,321.0,285.0,320.0,372.0,252.0,265.0,223.0,271.0,264.0,332.0,351.0,272.0,260.0,263.0,284.0,292.0,281.0,374.0,333.0,221.0,289.0,267.0,296.0,374.0,187.0,300.0,323.0,360.0,353.0,270.0,333.0,342.0,217.0,272.0,258.0,229.0,302.0,316.0,307.0,238.0,258.0,283.0,309.0,267.0,328.0,317.0,276.0,277.0,308.0,284.0,259.0,352.0,370.0,324.0,289.0,374.0,324.0,377.0,407.0,313.0,187.0,324.0,301.0,283.0,361.0,349.0,204.0
298.0,294.0,294.0,294.0,190.0,288.0,272.0,209.0,219.0,241.0,248.0,240.0,269.0,342.0,280.0,336.0,277.0,259.0,230.0,242.0,275.0,242.0,272.0,236.0,333.0,278.0,243.0,272.0,245.0,205.0,315.0,292.0,284.0,232.0,376.0,292.0,268.0,215.0,248.0,264.0,279.0,294.0,220.0,290.0,296.0,266.0,318.0,212.0,347.0,279.0,271.0,265.0,89.0,165.0,0.0,67.0,152.0,260.0,287.0,246.0,290.0,270.0,329.0,292.0,300.0,273.0,272.0,344.0,321.0,361.0,326.0,280.0,260.0,258.0,370.0,285.0,347.0,287.0,301.0,257.0,284.0,308.0,283.0,408.0,299.0,261.0,293.0,236.0,265.0,225.0,377.0,353.0,303.0,296.0,295.0,277.0,300.0,318.0,347.0,309.0,288.0,0.0,284.0,311.0,373.0,269.0,325.0,206.0,220.0,269.0,244.0,359.0,189.0,277.0,235.0,187.0,302.0,271.0,350.0,320.0,259.0,275.0,276.0,297.0,299.0,344.0,320.0,262.0,210.0,311.0,287.0,352.0,391.0,399.0,286.0,284.0,281.0,266.0,339.0,372.0,321.0,230.0,288.0,291.0,322.0,265.0,364.0,366.0,388.0,318.0,313.0,225.0,303.0,350.0,388.0,315.0,287.0,278.0,312.0,304.0,355.0,370.0,295.0,267.0,367.0,335.0,350.0,416.0,327.0,337.0,268.0,321.0,309.0,363.0,359.0,320.0,268.0,332.0,297.0,350.0,328.0,345.0,264.0,338.0,193.0,377.0,338.0,352.0,311.0,307.0,297.0,311.0,319.0,283.0,331.0,344.0,349.0,295.0,353.0,281.0,333.0,316.0,273.0,319.0,315.0,288.0,238.0,331.0,339.0,260.0,302.0,337.0,333.0,292.0,314.0,375.0,330.0,249.0,288.0,312.0,291.0,345.0,312.0,362.0,330.0,290.0,268.0,296.0,323.0,271.0,321.0,386.0,321.0,250.0,265.0,317.0,286.0,359.0,347.0,298.0,237.0,279.0,292.0,344.0,277.0,337.0,345.0,326.0,303.0,0.0,299.0,336.0,376.0,266.0,237.0,308.0,330.0,285.0,321.0,362.0,302.0,257.0,297.0,278.0,376.0,360.0,349.0,300.0,287.0,248.0,237.0,311.0,361.0,339.0,259.0,258.0,293.0,273.0,294.0,366.0,342.0,335.0,235.0,265.0,292.0,348.0,320.0,322.0,320.0,340.0,206.0,269.0,312.0,360.0,305.0,261.0,286.0,274.0,347.0,301.0,365.0,295.0,270.0,232.0,276.0,202.0,306.0,251.0,316.0,300.0,263.0,282.0,286.0,321.0,332.0,382.0,296.0,273.0,267.0,330.0,318.0,259.0,212.0,300.0,314.0,365.0,316.0,289.0,347.0,367.0,189.0,238.0,309.0,251.0,309.0,314.0,198.0,246.0,255.0,257.0,304.0,330.0,367.0,309.0,261.0,302.0,302.0,293.0,284.0,365.0,360.0,318.0,314.0,373.0,249.0,335.0,385.0,351.0,156.0,331.0,356.0,252.0,360.0,328.0,269.0
327.0,292.0,310.0,253.0,266.0,302.0,212.0,258.0,203.0,233.0,247.0,265.0,307.0,315.0,315.0,348.0,271.0,267.0,295.0,281.0,260.0,258.0,249.0,307.0,246.0,218.0,283.0,390.0,344.0,264.0,280.0,222.0,274.0,264.0,280.0,273.0,300.0,248.0,242.0,292.0,356.0,370.0,301.0,271.0,292.0,282.0,251.0,257.0,286.0,285.0,267.0,284.0,137.0,61.0,0.0,30.0,184.0,264.0,260.0,273.0,247.0,222.0,361.0,242.0,293.0,297.0,298.0,263.0,291.0,333.0,339.0,295.0,258.0,300.0,296.0,320.0,353.0,238.0,284.0,220.0,265.0,297.0,258.0,358.0,372.0,244.0,328.0,260.0,262.0,208.0,333.0,395.0,258.0,215.0,229.0,264.0,338.0,376.0,238.0,274.0,404.0,0.0,321.0,285.0,313.0,354.0,333.0,167.0,275.0,291.0,346.0,393.0,262.0,228.0,290.0,261.0,301.0,302.0,375.0,347.0,324.0,264.0,315.0,234.0,287.0,340.0,408.0,284.0,258.0,294.0,261.0,347.0,410.0,371.0,298.0,291.0,293.0,303.0,370.0,313.0,360.0,325.0,282.0,266.0,288.0,369.0,374.0,376.0,354.0,330.0,300.0,292.0,308.0,352.0,363.0,220.0,290.0,318.0,283.0,342.0,336.0,368.0,295.0,335.0,275.0,337.0,387.0,332.0,188.0,366.0,229.0,261.0,294.0,302.0,312.0,380.0,267.0,276.0,320.0,312.0,256.0,330.0,347.0,313.0,256.0,321.0,309.0,247.0,349.0,410.0,284.0,325.0,312.0,308.0,315.0,325.0,336.0,312.0,267.0,345.0,301.0,327.0,384.0,360.0,301.0,279.0,324.0,261.0,309.0,315.0,351.0,305.0,320.0,276.0,336.0,351.0,290.0,374.0,304.0,318.0,361.0,321.0,391.0,266.0,336.0,304.0,297.0,259.0,290.0,341.0,406.0,358.0,294.0,271.0,266.0,310.0,320.0,347.0,335.0,286.0,261.0,231.0,262.0,319.0,357.0,367.0,314.0,321.0,262.0,0.0,294.0,316.0,352.0,269.0,311.0,267.0,298.0,258.0,355.0,373.0,278.0,256.0,236.0,256.0,302.0,279.0,380.0,292.0,293.0,199.0,306.0,294.0,366.0,349.0,287.0,272.0,283.0,276.0,380.0,347.0,331.0,300.0,290.0,285.0,248.0,309.0,264.0,324.0,279.0,281.0,246.0,297.0,307.0,351.0,323.0,308.0,284.0,277.0,274.0,314.0,327.0,355.0,314.0,257.0,269.0,219.0,329.0,312.0,335.0,302.0,281.0,248.0,302.0,355.0,265.0,341.0,289.0,292.0,266.0,250.0,304.0,388.0,181.0,348.0,348.0,368.0,338.0,251.0,276.0,401.0,194.0,279.0,290.0,245.0,301.0,294.0,341.0,193.0,218.0,306.0,333.0,279.0,363.0,332.0,295.0,265.0,323.0,316.0,317.0,371.0,381.0,321.0,304.0,290.0,332.0,372.0,366.0,273.0,152.0,365.0,376.0,272.0,359.0,381.0,213.0
292.0,286.0,264.0,247.0,290.0,245.0,298.0,253.0,215.0,238.0,192.0,251.0,304.0,335.0,314.0,303.0,250.0,229.0,235.0,282.0,309.0,185.0,264.0,334.0,327.0,278.0,284.0,279.0,285.0,237.0,260.0,265.0,278.0,275.0,347.0,265.0,303.0,219.0,291.0,262.0,386.0,319.0,395.0,305.0,332.0,248.0,267.0,199.0,335.0,259.0,282.0,290.0,172.0,217.0,0.0,205.0,266.0,240.0,272.0,197.0,252.0,274.0,338.0,317.0,296.0,270.0,213.0,263.0,297.0,333.0,311.0,286.0,285.0,220.0,280.0,336.0,351.0,347.0,282.0,277.0,279.0,290.0,291.0,380.0,355.0,315.0,282.0,262.0,201.0,211.0,353.0,338.0,308.0,273.0,288.0,299.0,326.0,350.0,376.0,338.0,241.0,0.0,322.0,357.0,377.0,321.0,285.0,189.0,305.0,253.0,326.0,357.0,150.0,278.0,302.0,274.0,284.0,327.0,377.0,362.0,270.0,290.0,275.0,300.0,308.0,355.0,362.0,207.0,263.0,260.0,311.0,260.0,322.0,382.0,288.0,294.0,292.0,273.0,323.0,379.0,357.0,276.0,326.0,309.0,293.0,337.0,370.0,363.0,421.0,324.0,309.0,283.0,280.0,340.0,334.0,272.0,308.0,271.0,252.0,330.0,397.0,364.0,256.0,318.0,344.0,281.0,338.0,304.0,349.0,304.0,269.0,288.0,296.0,337.0,349.0,295.0,285.0,319.0,279.0,319.0,361.0,309.0,338.0,343.0,181.0,353.0,289.0,352.0,337.0,211.0,305.0,296.0,303.0,305.0,318.0,359.0,333.0,286.0,353.0,222.0,309.0,343.0,355.0,313.0,259.0,261.0,283.0,344.0,327.0,227.0,328.0,329.0,306.0,337.0,291.0,324.0,349.0,273.0,253.0,277.0,309.0,273.0,311.0,330.0,333.0,327.0,292.0,259.0,216.0,325.0,375.0,395.0,318.0,312.0,219.0,303.0,357.0,375.0,371.0,292.0,259.0,297.0,261.0,350.0,335.0,306.0,408.0,271.0,252.0,150.0,334.0,315.0,416.0,293.0,265.0,302.0,258.0,309.0,353.0,329.0,322.0,227.0,267.0,305.0,318.0,311.0,348.0,255.0,268.0,263.0,287.0,310.0,346.0,380.0,298.0,279.0,297.0,243.0,292.0,358.0,322.0,332.0,231.0,237.0,289.0,305.0,288.0,340.0,289.0,270.0,297.0,279.0,331.0,411.0,333.0,266.0,296.0,256.0,256.0,282.0,326.0,321.0,266.0,249.0,264.0,267.0,303.0,296.0,322.0,284.0,258.0,269.0,277.0,342.0,349.0,348.0,262.0,302.0,249.0,257.0,308.0,351.0,252.0,283.0,305.0,357.0,346.0,335.0,282.0,371.0,183.0,266.0,227.0,290.0,276.0,316.0,284.0,206.0,230.0,269.0,289.0,315.0,373.0,335.0,278.0,263.0,238.0,290.0,311.0,355.0,386.0,285.0,302.0,304.0,316.0,312.0,380.0,254.0,146.0,377.0,340.0,250.0,336.0,361.0,244.0
321.0,285.0,266.0,285.0,275.0,327.0,282.0,244.0,252.0,218.0,231.0,259.0,254.0,287.0,302.0,328.0,254.0,215.0,238.0,287.0,314.0,251.0,245.0,276.0,309.0,264.0,299.0,305.0,326.0,262.0,220.0,245.0,246.0,242.0,354.0,318.0,272.0,215.0,301.0,200.0,210.0,309.0,362.0,308.0,294.0,277.0,315.0,270.0,282.0,263.0,265.0,255.0,159.0,149.0,0.0,266.0,132.0,204.0,210.0,254.0,290.0,320.0,324.0,325.0,277.0,243.0,282.0,235.0,302.0,276.0,338.0,279.0,262.0,293.0,256.0,277.0,328.0,386.0,216.0,267.0,281.0,238.0,299.0,419.0,366.0,268.0,252.0,227.0,250.0,181.0,323.0,365.0,253.0,237.0,303.0,283.0,222.0,303.0,300.0,272.0,256.0,0.0,338.0,222.0,330.0,350.0,280.0,171.0,234.0,239.0,300.0,334.0,247.0,230.0,259.0,279.0,278.0,267.0,389.0,375.0,264.0,257.0,291.0,211.0,317.0,322.0,324.0,262.0,242.0,261.0,270.0,336.0,395.0,346.0,319.0,272.0,256.0,263.0,316.0,253.0,341.0,313.0,269.0,311.0,321.0,363.0,292.0,334.0,382.0,313.0,265.0,289.0,335.0,433.0,367.0,308.0,269.0,276.0,314.0,336.0,323.0,363.0,314.0,318.0,277.0,313.0,336.0,317.0,351.0,351.0,286.0,281.0,278.0,360.0,394.0,285.0,360.0,257.0,286.0,314.0,352.0,342.0,300.0,344.0,239.0,352.0,330.0,350.0,272.0,325.0,283.0,201.0,279.0,319.0,339.0,378.0,346.0,284.0,334.0,306.0,293.0,299.0,363.0,415.0,311.0,317.0,348.0,314.0,336.0,311.0,346.0,356.0,309.0,344.0,296.0,377.0,424.0,352.0,47.0,330.0,294.0,281.0,326.0,366.0,312.0,270.0,313.0,257.0,310.0,319.0,387.0,327.0,322.0,270.0,246.0,252.0,290.0,334.0,340.0,315.0,245.0,259.0,267.0,320.0,275.0,278.0,374.0,300.0,261.0,229.0,265.0,335.0,342.0,318.0,256.0,260.0,309.0,295.0,385.0,304.0,248.0,220.0,252.0,286.0,239.0,313.0,319.0,294.0,270.0,227.0,228.0,301.0,349.0,339.0,312.0,245.0,279.0,230.0,255.0,321.0,337.0,301.0,267.0,307.0,271.0,315.0,370.0,381.0,293.0,303.0,292.0,257.0,307.0,377.0,352.0,270.0,271.0,272.0,209.0,268.0,367.0,363.0,295.0,274.0,279.0,287.0,288.0,306.0,353.0,286.0,281.0,253.0,334.0,303.0,391.0,377.0,232.0,291.0,272.0,235.0,297.0,333.0,190.0,283.0,324.0,380.0,326.0,291.0,401.0,393.0,225.0,279.0,324.0,255.0,274.0,321.0,351.0,175.0,224.0,290.0,240.0,309.0,309.0,312.0,290.0,299.0,309.0,263.0,325.0,334.0,405.0,271.0,310.0,341.0,306.0,372.0,372.0,351.0,185.0,303.0,348.0,319.0,366.0,335.0,236.0
330.0,306.0,273.0,215.0,289.0,278.0,240.0,248.0,242.0,215.0,260.0,268.0,279.0,363.0,281.0,297.0,257.0,245.0,230.0,263.0,329.0,246.0,220.0,246.0,301.0,207.0,313.0,358.0,348.0,269.0,248.0,239.0,302.0,282.0,327.0,279.0,279.0,250.0,266.0,247.0,293.0,402.0,448.0,323.0,233.0,280.0,192.0,209.0,358.0,192.0,274.0,249.0,136.0,260.0,0.0,246.0,234.0,272.0,241.0,186.0,274.0,286.0,305.0,326.0,317.0,252.0,297.0,282.0,217.0,391.0,379.0,241.0,269.0,260.0,295.0,305.0,364.0,373.0,288.0,249.0,259.0,264.0,328.0,367.0,310.0,301.0,252.0,246.0,266.0,135.0,410.0,329.0,285.0,294.0,284.0,285.0,274.0,402.0,344.0,261.0,304.0,0.0,325.0,215.0,295.0,348.0,333.0,162.0,221.0,322.0,245.0,377.0,249.0,253.0,251.0,281.0,255.0,286.0,380.0,343.0,292.0,289.0,240.0,315.0,258.0,289.0,470.0,297.0,275.0,263.0,305.0,277.0,376.0,327.0,285.0,265.0,280.0,290.0,324.0,314.0,340.0,273.0,296.0,272.0,314.0,325.0,298.0,375.0,348.0,306.0,329.0,340.0,312.0,310.0,368.0,233.0,288.0,243.0,261.0,327.0,322.0,308.0,311.0,320.0,263.0,322.0,366.0,366.0,351.0,248.0,261.0,298.0,315.0,285.0,361.0,360.0,347.0,232.0,261.0,312.0,328.0,325.0,338.0,293.0,252.0,335.0,285.0,305.0,367.0,217.0,270.0,260.0,283.0,327.0,313.0,336.0,379.0,298.0,313.0,223.0,319.0,336.0,292.0,299.0,351.0,293.0,261.0,319.0,331.0,288.0,356.0,247.0,330.0,251.0,325.0,310.0,335.0,320.0,337.0,303.0,272.0,294.0,323.0,327.0,354.0,321.0,254.0,258.0,296.0,327.0,381.0,365.0,322.0,232.0,279.0,300.0,304.0,380.0,350.0,338.0,280.0,268.0,308.0,340.0,346.0,317.0,254.0,253.0,198.0,273.0,317.0,397.0,327.0,288.0,274.0,282.0,305.0,293.0,404.0,348.0,288.0,289.0,305.0,321.0,329.0,304.0,331.0,262.0,273.0,234.0,296.0,304.0,339.0,328.0,289.0,222.0,314.0,280.0,312.0,371.0,347.0,380.0,285.0,272.0,264.0,304.0,299.0,356.0,283.0,313.0,272.0,306.0,273.0,410.0,357.0,281.0,275.0,313.0,274.0,299.0,381.0,374.0,245.0,237.0,253.0,228.0,275.0,321.0,351.0,283.0,279.0,281.0,308.0,338.0,302.0,395.0,265.0,230.0,276.0,293.0,284.0,379.0,193.0,316.0,337.0,363.0,330.0,379.0,320.0,365.0,244.0,175.0,282.0,263.0,347.0,333.0,325.0,222.0,264.0,257.0,286.0,268.0,305.0,300.0,276.0,260.0,319.0,318.0,279.0,327.0,390.0,301.0,337.0,298.0,353.0,359.0,372.0,314.0,145.0,360.0,361.0,341.0,351.0,356.0,288.0
309.0,288.0,196.0,309.0,285.0,318.0,284.0,249.0,165.0,234.0,218.0,190.0,283.0,291.0,323.0,338.0,218.0,258.0,280.0,230.0,337.0,229.0,243.0,219.0,241.0,230.0,274.0,328.0,301.0,248.0,287.0,229.0,249.0,267.0,310.0,256.0,281.0,233.0,261.0,248.0,303.0,339.0,343.0,293.0,321.0,224.0,240.0,225.0,305.0,271.0,261.0,262.0,129.0,207.0,0.0,263.0,264.0,303.0,171.0,220.0,315.0,270.0,316.0,327.0,280.0,257.0,260.0,238.0,277.0,330.0,316.0,239.0,235.0,271.0,286.0,262.0,353.0,395.0,285.0,288.0,202.0,304.0,294.0,358.0,251.0,214.0,258.0,249.0,272.0,176.0,338.0,296.0,205.0,268.0,269.0,278.0,292.0,333.0,387.0,280.0,291.0,0.0,284.0,260.0,378.0,363.0,377.0,164.0,258.0,252.0,271.0,340.0,213.0,268.0,253.0,272.0,328.0,326.0,349.0,377.0,291.0,284.0,238.0,300.0,312.0,419.0,376.0,270.0,208.0,258.0,236.0,349.0,405.0,339.0,235.0,298.0,257.0,293.0,328.0,251.0,293.0,280.0,251.0,318.0,350.0,346.0,207.0,370.0,350.0,305.0,305.0,285.0,338.0,370.0,367.0,262.0,271.0,299.0,187.0,300.0,380.0,403.0,318.0,267.0,296.0,316.0,316.0,308.0,367.0,347.0,233.0,300.0,265.0,389.0,388.0,390.0,341.0,310.0,287.0,333.0,324.0,252.0,392.0,267.0,224.0,334.0,249.0,252.0,390.0,256.0,267.0,293.0,299.0,237.0,310.0,341.0,362.0,284.0,326.0,259.0,363.0,347.0,270.0,360.0,345.0,290.0,226.0,326.0,362.0,333.0,304.0,352.0,273.0,305.0,365.0,335.0,370.0,386.0,372.0,298.0,252.0,320.0,344.0,395.0,362.0,298.0,217.0,299.0,272.0,312.0,420.0,353.0,284.0,221.0,193.0,289.0,333.0,314.0,378.0,291.0,275.0,243.0,312.0,304.0,300.0,307.0,378.0,301.0,234.0,271.0,293.0,297.0,421.0,274.0,244.0,270.0,256.0,318.0,374.0,313.0,315.0,260.0,301.0,270.0,260.0,344.0,349.0,254.0,226.0,252.0,267.0,280.0,355.0,329.0,260.0,297.0,255.0,280.0,338.0,356.0,311.0,291.0,249.0,268.0,280.0,297.0,328.0,355.0,324.0,244.0,277.0,308.0,305.0,328.0,360.0,274.0,281.0,203.0,269.0,278.0,309.0,345.0,269.0,263.0,297.0,276.0,263.0,305.0,340.0,294.0,258.0,276.0,345.0,299.0,229.0,381.0,273.0,303.0,267.0,261.0,291.0,362.0,205.0,288.0,289.0,386.0,303.0,348.0,410.0,405.0,148.0,281.0,239.0,266.0,250.0,352.0,345.0,232.0,275.0,249.0,312.0,258.0,367.0,323.0,286.0,252.0,340.0,280.0,332.0,379.0,275.0,274.0,289.0,361.0,313.0,308.0,367.0,265.0,178.0,430.0,368.0,324.0,319.0,392.0,241.0
312.0,281.0,245.0,236.0,287.0,302.0,235.0,215.0,233.0,149.0,250.0,259.0,265.0,373.0,294.0,314.0,254.0,271.0,202.0,261.0,283.0,329.0,268.0,278.0,276.0,296.0,305.0,301.0,340.0,239.0,243.0,223.0,228.0,285.0,364.0,337.0,270.0,247.0,280.0,235.0,258.0,410.0,401.0,278.0,305.0,323.0,277.0,241.0,350.0,332.0,265.0,267.0,67.0,81.0,0.0,218.0,187.0,242.0,259.0,242.0,344.0,277.0,320.0,377.0,272.0,276.0,238.0,236.0,304.0,377.0,364.0,259.0,223.0,273.0,278.0,299.0,359.0,349.0,266.0,268.0,281.0,290.0,323.0,361.0,389.0,146.0,254.0,232.0,247.0,227.0,261.0,372.0,242.0,266.0,294.0,319.0,274.0,315.0,351.0,318.0,274.0,0.0,290.0,161.0,238.0,303.0,292.0,165.0,210.0,286.0,343.0,368.0,269.0,243.0,273.0,247.0,251.0,311.0,379.0,350.0,224.0,227.0,241.0,263.0,331.0,395.0,299.0,264.0,245.0,244.0,281.0,302.0,402.0,283.0,271.0,279.0,304.0,272.0,308.0,348.0,360.0,226.0,274.0,304.0,231.0,339.0,350.0,311.0,348.0,330.0,279.0,266.0,270.0,328.0,328.0,275.0,279.0,332.0,257.0,352.0,325.0,330.0,337.0,321.0,296.0,334.0,320.0,420.0,380.0,314.0,185.0,268.0,301.0,299.0,389.0,368.0,351.0,337.0,302.0,324.0,318.0,322.0,342.0,317.0,308.0,313.0,324.0,329.0,319.0,218.0,259.0,213.0,324.0,295.0,292.0,343.0,349.0,337.0,318.0,273.0,294.0,286.0,382.0,348.0,309.0,313.0,297.0,359.0,351.0,310.0,284.0,286.0,312.0,324.0,295.0,344.0,389.0,284.0,404.0,262.0,246.0,349.0,342.0,366.0,405.0,299.0,281.0,264.0,250.0,326.0,345.0,296.0,330.0,274.0,259.0,267.0,306.0,382.0,370.0,264.0,252.0,237.0,269.0,355.0,387.0,253.0,326.0,311.0,251.0,284.0,268.0,304.0,344.0,276.0,271.0,257.0,313.0,287.0,363.0,343.0,284.0,253.0,294.0,284.0,314.0,343.0,336.0,286.0,275.0,242.0,325.0,301.0,271.0,353.0,287.0,267.0,285.0,276.0,334.0,272.0,377.0,326.0,260.0,289.0,288.0,299.0,349.0,372.0,265.0,305.0,283.0,318.0,279.0,344.0,395.0,249.0,267.0,237.0,276.0,325.0,336.0,329.0,290.0,196.0,261.0,229.0,299.0,327.0,367.0,280.0,264.0,266.0,282.0,277.0,338.0,347.0,312.0,230.0,284.0,267.0,301.0,326.0,209.0,334.0,329.0,336.0,269.0,339.0,377.0,442.0,170.0,289.0,234.0,251.0,257.0,336.0,323.0,250.0,265.0,238.0,305.0,294.0,323.0,318.0,301.0,293.0,275.0,273.0,266.0,381.0,330.0,301.0,347.0,326.0,327.0,375.0,417.0,362.0,177.0,387.0,406.0,378.0,381.0,351.0,305.0
359.0,285.0,245.0,274.0,260.0,298.0,273.0,215.0,239.0,202.0,301.0,249.0,257.0,338.0,313.0,336.0,254.0,252.0,314.0,256.0,336.0,298.0,231.0,226.0,245.0,238.0,296.0,314.0,299.0,266.0,243.0,247.0,241.0,269.0,335.0,245.0,251.0,206.0,261.0,299.0,299.0,349.0,364.0,294.0,269.0,247.0,264.0,152.0,344.0,302.0,260.0,235.0,159.0,92.0,0.0,173.0,321.0,256.0,250.0,272.0,282.0,240.0,306.0,309.0,197.0,259.0,228.0,257.0,294.0,393.0,337.0,256.0,252.0,270.0,272.0,299.0,264.0,329.0,303.0,263.0,291.0,253.0,268.0,344.0,349.0,162.0,292.0,243.0,299.0,295.0,403.0,275.0,306.0,293.0,252.0,273.0,356.0,331.0,385.0,283.0,274.0,0.0,310.0,203.0,249.0,346.0,330.0,169.0,260.0,258.0,287.0,363.0,237.0,270.0,224.0,194.0,220.0,281.0,311.0,349.0,237.0,214.0,275.0,257.0,268.0,340.0,401.0,220.0,243.0,245.0,274.0,295.0,351.0,366.0,247.0,253.0,265.0,304.0,297.0,392.0,287.0,320.0,278.0,248.0,310.0,352.0,297.0,281.0,381.0,296.0,279.0,309.0,244.0,329.0,373.0,258.0,271.0,296.0,265.0,285.0,373.0,373.0,263.0,276.0,288.0,363.0,353.0,371.0,326.0,309.0,217.0,290.0,280.0,342.0,283.0,389.0,272.0,309.0,347.0,305.0,300.0,334.0,318.0,320.0,268.0,333.0,306.0,362.0,374.0,263.0,338.0,233.0,223.0,278.0,309.0,381.0,343.0,307.0,234.0,320.0,365.0,298.0,367.0,352.0,313.0,246.0,310.0,303.0,311.0,332.0,296.0,299.0,303.0,303.0,332.0,364.0,344.0,310.0,386.0,304.0,323.0,333.0,323.0,340.0,335.0,274.0,309.0,332.0,306.0,299.0,384.0,391.0,276.0,291.0,245.0,289.0,264.0,382.0,368.0,271.0,275.0,226.0,350.0,319.0,348.0,349.0,422.0,333.0,224.0,309.0,305.0,364.0,380.0,268.0,295.0,242.0,287.0,301.0,244.0,321.0,282.0,287.0,260.0,312.0,283.0,327.0,368.0,233.0,235.0,218.0,213.0,340.0,360.0,369.0,273.0,251.0,228.0,290.0,337.0,363.0,348.0,296.0,239.0,231.0,340.0,321.0,320.0,311.0,276.0,203.0,289.0,276.0,309.0,376.0,414.0,302.0,275.0,286.0,246.0,265.0,338.0,341.0,282.0,189.0,226.0,236.0,290.0,332.0,345.0,292.0,217.0,270.0,218.0,353.0,355.0,354.0,272.0,253.0,273.0,224.0,255.0,359.0,242.0,298.0,329.0,317.0,354.0,321.0,426.0,384.0,171.0,308.0,244.0,208.0,337.0,325.0,355.0,255.0,260.0,283.0,279.0,276.0,340.0,349.0,283.0,287.0,281.0,268.0,313.0,396.0,214.0,308.0,281.0,366.0,375.0,379.0,361.0,303.0,128.0,349.0,310.0,388.0,325.0,316.0,293.0
331.0,273.0,285.0,223.0,265.0,281.0,248.0,215.0,195.0,205.0,268.0,212.0,230.0,366.0,292.0,318.0,239.0,194.0,182.0,231.0,290.0,278.0,220.0,206.0,248.0,244.0,309.0,335.0,403.0,231.0,226.0,291.0,240.0,231.0,310.0,301.0,213.0,225.0,258.0,269.0,289.0,410.0,345.0,266.0,265.0,298.0,254.0,59.0,230.0,205.0,230.0,228.0,176.0,104.0,0.0,267.0,140.0,238.0,205.0,227.0,322.0,312.0,325.0,303.0,220.0,240.0,236.0,269.0,262.0,367.0,338.0,249.0,250.0,276.0,277.0,304.0,288.0,326.0,267.0,207.0,221.0,236.0,317.0,352.0,355.0,135.0,214.0,227.0,322.0,213.0,339.0,390.0,287.0,257.0,256.0,273.0,258.0,304.0,336.0,304.0,216.0,0.0,245.0,208.0,263.0,361.0,272.0,145.0,251.0,263.0,303.0,312.0,231.0,269.0,266.0,226.0,298.0,309.0,381.0,286.0,280.0,235.0,273.0,252.0,321.0,346.0,364.0,259.0,258.0,241.0,304.0,336.0,379.0,395.0,315.0,228.0,297.0,289.0,309.0,336.0,417.0,334.0,229.0,264.0,274.0,359.0,348.0,353.0,329.0,315.0,283.0,191.0,228.0,271.0,381.0,254.0,249.0,228.0,316.0,316.0,378.0,342.0,312.0,303.0,298.0,300.0,325.0,395.0,354.0,357.0,229.0,229.0,298.0,317.0,382.0,352.0,263.0,327.0,282.0,337.0,333.0,332.0,325.0,342.0,299.0,298.0,202.0,362.0,346.0,364.0,271.0,269.0,245.0,320.0,229.0,384.0,344.0,246.0,340.0,287.0,326.0,322.0,357.0,372.0,323.0,318.0,328.0,303.0,275.0,295.0,344.0,305.0,318.0,247.0,338.0,334.0,342.0,334.0,378.0,296.0,268.0,298.0,306.0,379.0,343.0,333.0,225.0,280.0,310.0,240.0,370.0,375.0,293.0,289.0,299.0,287.0,310.0,357.0,359.0,277.0,245.0,230.0,320.0,318.0,315.0,354.0,336.0,265.0,238.0,279.0,221.0,343.0,399.0,265.0,282.0,286.0,254.0,317.0,377.0,395.0,289.0,227.0,306.0,301.0,328.0,319.0,379.0,248.0,246.0,243.0,290.0,309.0,373.0,395.0,310.0,254.0,217.0,273.0,320.0,368.0,273.0,277.0,299.0,255.0,271.0,305.0,331.0,349.0,305.0,271.0,257.0,269.0,306.0,292.0,395.0,298.0,242.0,278.0,296.0,291.0,341.0,419.0,225.0,205.0,299.0,235.0,283.0,350.0,368.0,290.0,257.0,240.0,293.0,314.0,316.0,363.0,248.0,281.0,254.0,203.0,334.0,321.0,176.0,324.0,392.0,368.0,306.0,319.0,351.0,412.0,146.0,264.0,281.0,260.0,286.0,305.0,382.0,228.0,224.0,264.0,312.0,272.0,372.0,353.0,277.0,225.0,285.0,292.0,278.0,378.0,313.0,273.0,267.0,307.0,296.0,379.0,357.0,357.0,170.0,339.0,344.0,394.0,376.0,319.0,260.0
351.0,294.0,284.0,206.0,263.0,266.0,270.0,239.0,257.0,206.0,290.0,232.0,239.0,326.0,299.0,303.0,230.0,203.0,244.0,254.0,243.0,335.0,272.0,207.0,166.0,254.0,292.0,293.0,316.0,215.0,224.0,295.0,261.0,250.0,347.0,287.0,280.0,219.0,258.0,216.0,290.0,346.0,340.0,314.0,264.0,326.0,239.0,0.0,356.0,291.0,275.0,230.0,101.0,84.0,0.0,88.0,216.0,251.0,237.0,323.0,296.0,271.0,349.0,325.0,258.0,184.0,271.0,192.0,256.0,309.0,357.0,291.0,250.0,290.0,263.0,347.0,354.0,359.0,294.0,251.0,291.0,258.0,299.0,343.0,378.0,133.0,255.0,204.0,254.0,213.0,405.0,327.0,270.0,268.0,269.0,266.0,305.0,268.0,382.0,252.0,299.0,0.0,327.0,205.0,137.0,317.0,282.0,200.0,246.0,245.0,248.0,353.0,255.0,209.0,202.0,258.0,288.0,283.0,308.0,410.0,257.0,235.0,251.0,282.0,270.0,365.0,335.0,298.0,285.0,276.0,239.0,325.0,389.0,320.0,286.0,257.0,247.0,260.0,315.0,345.0,385.0,235.0,261.0,249.0,304.0,325.0,204.0,358.0,371.0,290.0,278.0,266.0,266.0,307.0,341.0,264.0,269.0,273.0,266.0,301.0,434.0,385.0,325.0,273.0,259.0,314.0,338.0,390.0,374.0,222.0,266.0,273.0,245.0,304.0,373.0,361.0,241.0,295.0,206.0,282.0,304.0,291.0,361.0,363.0,268.0,310.0,295.0,326.0,372.0,338.0,325.0,247.0,295.0,327.0,283.0,378.0,376.0,307.0,284.0,259.0,345.0,326.0,346.0,334.0,286.0,295.0,316.0,249.0,275.0,263.0,323.0,321.0,289.0,304.0,298.0,301.0,390.0,322.0,338.0,313.0,311.0,290.0,301.0,329.0,380.0,233.0,261.0,310.0,330.0,318.0,349.0,337.0,324.0,326.0,243.0,259.0,303.0,351.0,338.0,219.0,208.0,276.0,288.0,312.0,302.0,360.0,361.0,266.0,255.0,247.0,288.0,341.0,346.0,233.0,236.0,244.0,228.0,291.0,362.0,323.0,338.0,239.0,216.0,287.0,319.0,327.0,335.0,268.0,190.0,229.0,207.0,294.0,322.0,332.0,292.0,253.0,273.0,277.0,304.0,367.0,289.0,281.0,222.0,240.0,286.0,288.0,322.0,321.0,255.0,246.0,261.0,289.0,284.0,309.0,400.0,296.0,217.0,247.0,249.0,251.0,360.0,371.0,287.0,270.0,239.0,240.0,280.0,310.0,343.0,282.0,240.0,242.0,246.0,339.0,368.0,362.0,263.0,228.0,227.0,277.0,287.0,305.0,155.0,253.0,329.0,363.0,322.0,304.0,370.0,396.0,202.0,194.0,267.0,226.0,303.0,343.0,307.0,209.0,267.0,246.0,292.0,291.0,348.0,383.0,274.0,323.0,290.0,221.0,253.0,273.0,306.0,295.0,282.0,304.0,347.0,365.0,381.0,343.0,190.0,327.0,336.0,349.0,342.0,340.0,310.0
382.0,276.0,219.0,231.0,241.0,223.0,279.0,209.0,269.0,191.0,281.0,237.0,260.0,372.0,346.0,304.0,252.0,202.0,207.0,254.0,312.0,277.0,214.0,184.0,173.0,263.0,280.0,293.0,366.0,249.0,219.0,290.0,216.0,276.0,295.0,300.0,258.0,224.0,222.0,282.0,296.0,334.0,396.0,252.0,287.0,213.0,226.0,0.0,335.0,312.0,248.0,222.0,137.0,127.0,0.0,238.0,268.0,264.0,261.0,301.0,215.0,291.0,348.0,361.0,248.0,253.0,291.0,304.0,261.0,382.0,314.0,242.0,192.0,281.0,289.0,278.0,380.0,330.0,264.0,236.0,249.0,310.0,313.0,341.0,355.0,260.0,284.0,265.0,306.0,278.0,202.0,336.0,256.0,239.0,280.0,214.0,337.0,315.0,361.0,289.0,247.0,0.0,320.0,248.0,51.0,372.0,320.0,131.0,242.0,261.0,263.0,344.0,221.0,280.0,236.0,276.0,263.0,285.0,356.0,374.0,302.0,272.0,197.0,243.0,293.0,357.0,353.0,193.0,249.0,247.0,274.0,271.0,376.0,368.0,287.0,240.0,213.0,277.0,260.0,356.0,328.0,254.0,255.0,279.0,329.0,320.0,300.0,341.0,383.0,303.0,255.0,259.0,281.0,375.0,382.0,158.0,300.0,270.0,275.0,310.0,325.0,391.0,267.0,280.0,297.0,317.0,341.0,354.0,391.0,343.0,210.0,321.0,292.0,364.0,351.0,340.0,351.0,262.0,290.0,331.0,346.0,286.0,340.0,322.0,194.0,327.0,323.0,288.0,384.0,347.0,273.0,260.0,255.0,280.0,270.0,359.0,337.0,329.0,231.0,282.0,283.0,317.0,324.0,345.0,319.0,319.0,327.0,270.0,333.0,264.0,271.0,331.0,264.0,316.0,320.0,335.0,356.0,382.0,316.0,237.0,210.0,296.0,367.0,391.0,322.0,259.0,298.0,322.0,246.0,286.0,396.0,352.0,305.0,283.0,203.0,297.0,338.0,344.0,364.0,261.0,241.0,202.0,304.0,300.0,338.0,358.0,353.0,263.0,249.0,220.0,283.0,310.0,404.0,295.0,263.0,318.0,277.0,273.0,358.0,370.0,285.0,262.0,284.0,294.0,261.0,340.0,384.0,269.0,290.0,246.0,272.0,272.0,295.0,388.0,230.0,280.0,249.0,280.0,312.0,272.0,354.0,314.0,259.0,245.0,221.0,250.0,274.0,339.0,282.0,289.0,221.0,274.0,324.0,312.0,341.0,290.0,269.0,245.0,284.0,289.0,340.0,270.0,312.0,245.0,261.0,236.0,260.0,289.0,324.0,304.0,265.0,217.0,232.0,335.0,335.0,323.0,265.0,255.0,218.0,220.0,264.0,383.0,234.0,266.0,263.0,351.0,363.0,257.0,375.0,322.0,198.0,238.0,278.0,260.0,242.0,313.0,327.0,191.0,250.0,239.0,211.0,309.0,377.0,328.0,308.0,271.0,235.0,271.0,319.0,293.0,416.0,265.0,293.0,328.0,312.0,309.0,369.0,312.0,153.0,335.0,326.0,347.0,374.0,365.0,325.0
333.0,282.0,286.0,218.0,261.0,302.0,212.0,200.0,239.0,264.0,278.0,232.0,230.0,344.0,307.0,354.0,289.0,240.0,188.0,219.0,314.0,253.0,247.0,216.0,252.0,253.0,273.0,326.0,278.0,219.0,283.0,317.0,242.0,272.0,269.0,297.0,234.0,231.0,214.0,210.0,265.0,374.0,297.0,231.0,273.0,246.0,186.0,231.0,370.0,289.0,237.0,251.0,81.0,92.0,0.0,260.0,190.0,187.0,237.0,226.0,213.0,274.0,326.0,335.0,277.0,286.0,256.0,242.0,115.0,355.0,391.0,281.0,264.0,170.0,298.0,312.0,337.0,369.0,274.0,237.0,244.0,275.0,244.0,328.0,337.0,206.0,284.0,188.0,333.0,261.0,340.0,367.0,271.0,261.0,224.0,296.0,225.0,353.0,337.0,283.0,361.0,0.0,256.0,341.0,55.0,352.0,318.0,197.0,213.0,252.0,311.0,370.0,216.0,232.0,249.0,220.0,239.0,288.0,339.0,282.0,249.0,255.0,322.0,263.0,331.0,381.0,378.0,258.0,261.0,271.0,228.0,295.0,348.0,382.0,279.0,263.0,232.0,294.0,306.0,367.0,327.0,248.0,272.0,279.0,321.0,352.0,317.0,326.0,385.0,281.0,278.0,209.0,372.0,383.0,374.0,170.0,235.0,339.0,317.0,313.0,349.0,382.0,309.0,318.0,309.0,332.0,322.0,406.0,387.0,329.0,259.0,263.0,293.0,292.0,351.0,375.0,323.0,305.0,232.0,311.0,321.0,297.0,313.0,336.0,295.0,342.0,296.0,305.0,336.0,362.0,280.0,285.0,299.0,231.0,314.0,320.0,358.0,308.0,297.0,287.0,322.0,304.0,396.0,366.0,278.0,275.0,267.0,228.0,287.0,308.0,250.0,326.0,309.0,198.0,293.0,292.0,357.0,360.0,292.0,297.0,256.0,266.0,357.0,385.0,388.0,334.0,346.0,360.0,311.0,322.0,435.0,318.0,310.0,254.0,314.0,253.0,283.0,312.0,328.0,250.0,218.0,277.0,328.0,260.0,376.0,323.0,384.0,288.0,219.0,290.0,278.0,369.0,339.0,240.0,268.0,236.0,263.0,274.0,274.0,357.0,297.0,303.0,251.0,238.0,349.0,348.0,335.0,248.0,232.0,196.0,270.0,284.0,337.0,344.0,272.0,278.0,298.0,274.0,304.0,303.0,356.0,258.0,250.0,320.0,292.0,298.0,357.0,292.0,251.0,255.0,248.0,253.0,300.0,325.0,324.0,249.0,262.0,318.0,295.0,310.0,284.0,302.0,275.0,260.0,290.0,268.0,264.0,342.0,313.0,252.0,262.0,252.0,285.0,341.0,330.0,345.0,273.0,286.0,298.0,282.0,283.0,359.0,210.0,260.0,365.0,358.0,277.0,326.0,350.0,411.0,176.0,278.0,192.0,266.0,296.0,341.0,373.0,200.0,251.0,247.0,279.0,305.0,359.0,323.0,327.0,236.0,188.0,278.0,267.0,378.0,350.0,312.0,327.0,281.0,285.0,331.0,386.0,303.0,149.0,360.0,297.0,328.0,357.0,340.0,303.0
359.0,265.0,231.0,269.0,219.0,275.0,270.0,239.0,247.0,188.0,290.0,243.0,300.0,369.0,337.0,284.0,252.0,214.0,248.0,264.0,303.0,284.0,248.0,255.0,232.0,266.0,263.0,229.0,343.0,225.0,254.0,218.0,280.0,256.0,283.0,316.0,255.0,261.0,227.0,200.0,333.0,324.0,357.0,274.0,293.0,225.0,274.0,185.0,294.0,256.0,253.0,264.0,127.0,207.0,0.0,304.0,267.0,294.0,256.0,215.0,265.0,277.0,373.0,317.0,254.0,221.0,299.0,230.0,0.0,335.0,350.0,252.0,235.0,212.0,295.0,238.0,363.0,396.0,250.0,254.0,292.0,263.0,360.0,364.0,383.0,249.0,274.0,273.0,322.0,286.0,320.0,352.0,217.0,268.0,300.0,284.0,323.0,325.0,388.0,293.0,311.0,0.0,282.0,275.0,84.0,316.0,313.0,193.0,231.0,256.0,312.0,345.0,232.0,271.0,234.0,289.0,276.0,263.0,387.0,411.0,292.0,265.0,194.0,266.0,279.0,375.0,407.0,255.0,264.0,213.0,276.0,342.0,349.0,396.0,272.0,247.0,297.0,337.0,292.0,346.0,362.0,272.0,302.0,309.0,297.0,347.0,315.0,401.0,348.0,297.0,292.0,229.0,287.0,405.0,317.0,289.0,204.0,318.0,313.0,276.0,358.0,363.0,237.0,242.0,269.0,287.0,309.0,353.0,366.0,295.0,236.0,260.0,314.0,339.0,369.0,235.0,291.0,307.0,293.0,271.0,304.0,343.0,373.0,348.0,263.0,379.0,321.0,313.0,383.0,353.0,244.0,272.0,303.0,304.0,343.0,420.0,353.0,310.0,332.0,303.0,341.0,367.0,355.0,303.0,341.0,266.0,367.0,252.0,300.0,333.0,301.0,356.0,293.0,264.0,343.0,333.0,367.0,385.0,303.0,314.0,297.0,321.0,266.0,367.0,365.0,240.0,321.0,344.0,244.0,300.0,398.0,381.0,275.0,235.0,292.0,254.0,286.0,357.0,337.0,215.0,226.0,284.0,263.0,307.0,303.0,350.0,384.0,315.0,257.0,221.0,274.0,376.0,336.0,346.0,258.0,281.0,252.0,315.0,368.0,356.0,272.0,235.0,237.0,337.0,310.0,368.0,366.0,235.0,243.0,231.0,269.0,280.0,328.0,349.0,290.0,244.0,251.0,257.0,308.0,347.0,354.0,282.0,261.0,289.0,222.0,338.0,255.0,393.0,286.0,267.0,244.0,226.0,336.0,343.0,266.0,260.0,267.0,297.0,284.0,318.0,350.0,336.0,263.0,221.0,308.0,266.0,290.0,379.0,354.0,275.0,260.0,243.0,258.0,305.0,307.0,386.0,250.0,251.0,218.0,263.0,314.0,411.0,261.0,331.0,306.0,337.0,327.0,237.0,350.0,386.0,182.0,278.0,278.0,256.0,308.0,349.0,349.0,143.0,269.0,268.0,299.0,214.0,353.0,352.0,258.0,303.0,216.0,245.0,287.0,370.0,383.0,310.0,273.0,269.0,334.0,348.0,379.0,302.0,178.0,403.0,357.0,325.0,344.0,370.0,243.0
359.0,301.0,267.0,249.0,263.0,274.0,276.0,255.0,267.0,243.0,319.0,236.0,276.0,340.0,298.0,318.0,245.0,197.0,251.0,229.0,324.0,310.0,259.0,220.0,267.0,240.0,265.0,274.0,347.0,248.0,289.0,278.0,240.0,296.0,420.0,268.0,241.0,272.0,278.0,253.0,281.0,333.0,332.0,250.0,275.0,265.0,301.0,201.0,227.0,151.0,252.0,266.0,177.0,154.0,0.0,327.0,198.0,255.0,225.0,270.0,248.0,294.0,362.0,287.0,265.0,298.0,271.0,273.0,0.0,347.0,386.0,262.0,325.0,212.0,241.0,300.0,275.0,356.0,269.0,250.0,285.0,270.0,322.0,388.0,357.0,366.0,300.0,288.0,248.0,213.0,266.0,379.0,261.0,282.0,266.0,259.0,330.0,366.0,371.0,315.0,292.0,0.0,253.0,273.0,97.0,305.0,305.0,181.0,256.0,256.0,329.0,364.0,255.0,298.0,258.0,276.0,271.0,260.0,354.0,396.0,300.0,269.0,281.0,277.0,299.0,293.0,421.0,266.0,260.0,197.0,272.0,317.0,389.0,330.0,255.0,270.0,203.0,306.0,298.0,375.0,327.0,287.0,243.0,245.0,326.0,323.0,269.0,374.0,434.0,275.0,299.0,292.0,306.0,357.0,379.0,233.0,263.0,325.0,312.0,318.0,377.0,419.0,302.0,272.0,302.0,345.0,325.0,401.0,384.0,316.0,283.0,312.0,296.0,349.0,380.0,347.0,342.0,305.0,332.0,299.0,346.0,366.0,359.0,299.0,334.0,272.0,266.0,320.0,307.0,285.0,295.0,271.0,338.0,236.0,353.0,367.0,360.0,359.0,276.0,187.0,374.0,317.0,338.0,348.0,277.0,294.0,330.0,287.0,312.0,267.0,279.0,299.0,303.0,303.0,334.0,374.0,385.0,355.0,332.0,304.0,249.0,311.0,311.0,413.0,359.0,319.0,287.0,308.0,299.0,288.0,404.0,320.0,280.0,270.0,289.0,286.0,315.0,318.0,393.0,232.0,222.0,216.0,308.0,368.0,329.0,280.0,369.0,295.0,247.0,282.0,268.0,377.0,345.0,215.0,267.0,283.0,280.0,320.0,326.0,335.0,308.0,245.0,270.0,259.0,273.0,371.0,317.0,292.0,224.0,200.0,279.0,270.0,320.0,336.0,235.0,186.0,284.0,254.0,320.0,381.0,306.0,362.0,285.0,278.0,237.0,300.0,342.0,374.0,252.0,303.0,269.0,257.0,278.0,334.0,295.0,273.0,261.0,251.0,263.0,328.0,306.0,332.0,216.0,257.0,274.0,269.0,296.0,342.0,325.0,263.0,276.0,259.0,263.0,347.0,384.0,315.0,285.0,262.0,242.0,239.0,268.0,362.0,224.0,329.0,311.0,384.0,303.0,380.0,379.0,395.0,185.0,234.0,240.0,285.0,240.0,331.0,367.0,265.0,261.0,273.0,313.0,311.0,359.0,298.0,266.0,234.0,312.0,253.0,323.0,393.0,389.0,293.0,261.0,323.0,313.0,325.0,368.0,337.0,135.0,358.0,307.0,356.0,379.0,367.0,289.0
376.0,281.0,183.0,250.0,247.0,274.0,281.0,193.0,249.0,164.0,314.0,250.0,245.0,370.0,350.0,344.0,234.0,221.0,244.0,265.0,311.0,347.0,236.0,215.0,224.0,216.0,207.0,363.0,375.0,242.0,245.0,223.0,197.0,254.0,310.0,319.0,268.0,277.0,233.0,202.0,276.0,377.0,307.0,286.0,271.0,224.0,285.0,167.0,254.0,26.0,249.0,256.0,109.0,163.0,0.0,210.0,138.0,303.0,294.0,225.0,279.0,270.0,327.0,366.0,266.0,260.0,250.0,267.0,0.0,366.0,406.0,277.0,246.0,200.0,287.0,322.0,291.0,365.0,283.0,276.0,260.0,216.0,339.0,344.0,347.0,317.0,204.0,260.0,284.0,282.0,339.0,342.0,274.0,280.0,294.0,215.0,317.0,288.0,348.0,303.0,254.0,0.0,298.0,415.0,75.0,338.0,281.0,161.0,239.0,204.0,298.0,371.0,254.0,249.0,273.0,273.0,232.0,263.0,361.0,297.0,279.0,244.0,246.0,283.0,291.0,346.0,345.0,273.0,253.0,291.0,275.0,309.0,341.0,376.0,291.0,265.0,275.0,310.0,278.0,308.0,323.0,244.0,288.0,286.0,326.0,338.0,315.0,369.0,385.0,281.0,295.0,246.0,295.0,338.0,357.0,323.0,283.0,244.0,254.0,321.0,406.0,355.0,299.0,230.0,292.0,262.0,306.0,353.0,324.0,345.0,310.0,206.0,232.0,337.0,389.0,365.0,282.0,303.0,254.0,290.0,301.0,334.0,305.0,378.0,262.0,357.0,323.0,321.0,356.0,370.0,325.0,287.0,359.0,292.0,322.0,414.0,324.0,319.0,345.0,272.0,376.0,346.0,347.0,380.0,318.0,327.0,245.0,266.0,298.0,300.0,338.0,288.0,321.0,304.0,321.0,345.0,351.0,359.0,275.0,270.0,281.0,256.0,302.0,402.0,397.0,300.0,272.0,304.0,261.0,315.0,386.0,319.0,231.0,245.0,307.0,284.0,291.0,339.0,365.0,282.0,304.0,301.0,311.0,299.0,360.0,289.0,342.0,270.0,228.0,263.0,268.0,332.0,394.0,292.0,297.0,225.0,281.0,247.0,386.0,364.0,262.0,208.0,263.0,282.0,325.0,356.0,340.0,238.0,249.0,192.0,234.0,327.0,383.0,348.0,314.0,262.0,297.0,275.0,327.0,281.0,316.0,285.0,301.0,258.0,290.0,295.0,319.0,366.0,301.0,258.0,281.0,280.0,301.0,387.0,275.0,230.0,216.0,294.0,252.0,290.0,400.0,327.0,275.0,258.0,275.0,261.0,283.0,364.0,333.0,278.0,259.0,202.0,291.0,303.0,336.0,402.0,282.0,267.0,289.0,260.0,313.0,336.0,190.0,342.0,305.0,348.0,349.0,283.0,375.0,381.0,202.0,261.0,227.0,264.0,306.0,341.0,377.0,290.0,263.0,232.0,264.0,333.0,334.0,320.0,271.0,283.0,317.0,272.0,256.0,350.0,336.0,292.0,349.0,365.0,310.0,391.0,360.0,317.0,177.0,400.0,410.0,321.0,358.0,422.0,270.0
344.0,292.0,290.0,211.0,284.0,262.0,274.0,211.0,257.0,202.0,268.0,246.0,296.0,365.0,339.0,287.0,259.0,245.0,234.0,249.0,271.0,287.0,185.0,235.0,273.0,256.0,263.0,346.0,358.0,241.0,265.0,213.0,226.0,273.0,315.0,321.0,244.0,224.0,234.0,227.0,297.0,412.0,387.0,271.0,275.0,239.0,230.0,168.0,338.0,0.0,243.0,251.0,105.0,152.0,0.0,258.0,348.0,253.0,257.0,214.0,279.0,290.0,368.0,359.0,274.0,240.0,248.0,271.0,0.0,351.0,316.0,257.0,273.0,272.0,310.0,292.0,347.0,361.0,278.0,274.0,286.0,304.0,350.0,390.0,395.0,264.0,305.0,232.0,267.0,231.0,384.0,293.0,314.0,239.0,283.0,234.0,308.0,345.0,364.0,271.0,269.0,0.0,263.0,413.0,132.0,295.0,323.0,180.0,273.0,281.0,311.0,330.0,268.0,269.0,284.0,279.0,288.0,325.0,345.0,389.0,294.0,223.0,292.0,282.0,286.0,324.0,345.0,281.0,197.0,269.0,267.0,319.0,359.0,379.0,316.0,292.0,313.0,301.0,329.0,389.0,296.0,321.0,284.0,254.0,315.0,368.0,306.0,383.0,397.0,270.0,321.0,275.0,330.0,317.0,304.0,305.0,265.0,282.0,306.0,268.0,331.0,404.0,312.0,301.0,335.0,291.0,327.0,403.0,305.0,245.0,309.0,281.0,303.0,328.0,434.0,396.0,318.0,274.0,281.0,267.0,346.0,293.0,331.0,387.0,311.0,372.0,285.0,344.0,336.0,308.0,334.0,237.0,279.0,304.0,277.0,369.0,362.0,315.0,336.0,273.0,355.0,343.0,315.0,377.0,347.0,297.0,312.0,221.0,333.0,283.0,266.0,348.0,315.0,295.0,319.0,353.0,307.0,309.0,287.0,313.0,301.0,324.0,260.0,388.0,365.0,280.0,319.0,304.0,294.0,336.0,428.0,388.0,226.0,253.0,231.0,303.0,236.0,379.0,404.0,270.0,282.0,291.0,289.0,311.0,335.0,316.0,396.0,290.0,264.0,273.0,314.0,380.0,350.0,222.0,286.0,263.0,268.0,306.0,270.0,345.0,305.0,225.0,253.0,265.0,300.0,299.0,396.0,300.0,279.0,234.0,201.0,309.0,320.0,343.0,251.0,191.0,268.0,305.0,295.0,253.0,349.0,312.0,232.0,298.0,289.0,318.0,316.0,337.0,257.0,287.0,296.0,294.0,254.0,249.0,322.0,249.0,262.0,306.0,303.0,321.0,235.0,374.0,249.0,249.0,255.0,265.0,294.0,331.0,344.0,256.0,256.0,208.0,247.0,319.0,340.0,377.0,266.0,243.0,257.0,263.0,265.0,418.0,218.0,317.0,352.0,370.0,334.0,335.0,300.0,409.0,132.0,278.0,283.0,261.0,258.0,346.0,315.0,276.0,247.0,290.0,257.0,256.0,367.0,307.0,318.0,246.0,251.0,254.0,322.0,378.0,337.0,279.0,296.0,340.0,337.0,333.0,365.0,270.0,161.0,366.0,377.0,302.0,313.0,351.0,285.0
311.0,270.0,242.0,276.0,259.0,264.0,222.0,249.0,232.0,238.0,267.0,261.0,218.0,345.0,311.0,289.0,246.0,257.0,214.0,232.0,348.0,308.0,233.0,278.0,269.0,281.0,306.0,355.0,365.0,239.0,231.0,261.0,283.0,279.0,341.0,380.0,259.0,267.0,261.0,288.0,290.0,349.0,349.0,311.0,226.0,264.0,204.0,161.0,334.0,0.0,251.0,252.0,148.0,223.0,0.0,236.0,85.0,267.0,273.0,257.0,202.0,231.0,305.0,354.0,288.0,248.0,256.0,257.0,64.0,409.0,330.0,248.0,294.0,263.0,272.0,274.0,332.0,356.0,290.0,250.0,279.0,286.0,270.0,377.0,375.0,286.0,238.0,260.0,250.0,189.0,269.0,316.0,253.0,294.0,242.0,259.0,278.0,337.0,357.0,267.0,249.0,0.0,314.0,417.0,124.0,374.0,319.0,145.0,205.0,256.0,333.0,343.0,239.0,253.0,246.0,251.0,264.0,257.0,345.0,370.0,223.0,281.0,229.0,317.0,251.0,361.0,393.0,258.0,277.0,292.0,295.0,303.0,344.0,355.0,325.0,269.0,298.0,312.0,329.0,380.0,203.0,310.0,230.0,281.0,277.0,262.0,283.0,350.0,364.0,312.0,263.0,253.0,311.0,389.0,386.0,350.0,241.0,289.0,330.0,333.0,329.0,297.0,265.0,255.0,302.0,317.0,251.0,358.0,362.0,281.0,301.0,280.0,334.0,347.0,398.0,363.0,337.0,304.0,262.0,318.0,291.0,334.0,312.0,353.0,281.0,347.0,318.0,310.0,294.0,341.0,287.0,298.0,312.0,282.0,335.0,312.0,321.0,309.0,285.0,261.0,323.0,299.0,376.0,343.0,289.0,270.0,282.0,294.0,372.0,347.0,286.0,241.0,283.0,313.0,247.0,290.0,383.0,333.0,287.0,330.0,319.0,254.0,334.0,377.0,373.0,289.0,265.0,318.0,320.0,336.0,409.0,395.0,320.0,286.0,275.0,297.0,290.0,360.0,384.0,267.0,275.0,311.0,320.0,337.0,377.0,327.0,349.0,294.0,248.0,308.0,319.0,354.0,256.0,246.0,265.0,246.0,17.0,290.0,480.0,369.0,293.0,238.0,257.0,318.0,310.0,357.0,320.0,293.0,210.0,247.0,267.0,315.0,348.0,330.0,262.0,268.0,265.0,317.0,327.0,398.0,366.0,260.0,264.0,227.0,254.0,302.0,265.0,340.0,315.0,267.0,261.0,275.0,297.0,345.0,312.0,295.0,257.0,268.0,257.0,282.0,332.0,351.0,272.0,278.0,221.0,245.0,247.0,312.0,349.0,289.0,267.0,236.0,260.0,301.0,342.0,322.0,262.0,248.0,235.0,253.0,277.0,348.0,229.0,334.0,329.0,333.0,266.0,345.0,351.0,367.0,190.0,243.0,264.0,259.0,303.0,400.0,357.0,302.0,220.0,270.0,281.0,324.0,378.0,291.0,263.0,273.0,249.0,230.0,289.0,317.0,378.0,307.0,313.0,293.0,308.0,284.0,416.0,291.0,199.0,391.0,391.0,345.0,334.0,321.0,292.0
337.0,285.0,282.0,258.0,286.0,318.0,296.0,245.0,261.0,210.0,277.0,194.0,293.0,272.0,324.0,298.0,257.0,228.0,222.0,207.0,276.0,307.0,224.0,263.0,268.0,300.0,280.0,365.0,356.0,276.0,221.0,264.0,208.0,268.0,286.0,352.0,246.0,252.0,289.0,245.0,366.0,326.0,352.0,300.0,285.0,233.0,296.0,170.0,343.0,0.0,263.0,252.0,113.0,128.0,0.0,214.0,314.0,203.0,232.0,253.0,247.0,285.0,394.0,264.0,240.0,250.0,252.0,293.0,312.0,327.0,333.0,286.0,251.0,262.0,203.0,241.0,357.0,354.0,294.0,227.0,226.0,267.0,363.0,371.0,341.0,266.0,290.0,253.0,302.0,221.0,335.0,360.0,289.0,269.0,251.0,248.0,320.0,280.0,307.0,238.0,260.0,0.0,328.0,361.0,133.0,384.0,321.0,189.0,254.0,254.0,305.0,359.0,227.0,277.0,261.0,266.0,302.0,366.0,335.0,348.0,281.0,245.0,215.0,269.0,314.0,391.0,394.0,251.0,258.0,280.0,246.0,318.0,358.0,367.0,290.0,292.0,289.0,290.0,330.0,366.0,333.0,257.0,287.0,313.0,291.0,382.0,418.0,377.0,366.0,312.0,318.0,228.0,300.0,352.0,406.0,296.0,305.0,237.0,301.0,343.0,306.0,400.0,271.0,335.0,291.0,275.0,361.0,276.0,275.0,251.0,290.0,248.0,297.0,277.0,374.0,355.0,336.0,266.0,271.0,273.0,354.0,296.0,286.0,341.0,285.0,353.0,355.0,303.0,341.0,334.0,268.0,233.0,298.0,314.0,340.0,322.0,375.0,278.0,310.0,284.0,307.0,296.0,339.0,388.0,288.0,275.0,278.0,348.0,284.0,370.0,298.0,288.0,280.0,284.0,273.0,367.0,342.0,331.0,323.0,299.0,218.0,316.0,329.0,375.0,364.0,236.0,248.0,347.0,311.0,302.0,445.0,414.0,256.0,253.0,298.0,238.0,282.0,384.0,353.0,277.0,272.0,292.0,277.0,312.0,296.0,308.0,382.0,311.0,225.0,283.0,258.0,361.0,295.0,235.0,290.0,237.0,210.0,275.0,373.0,364.0,309.0,287.0,241.0,309.0,291.0,382.0,392.0,278.0,256.0,280.0,253.0,298.0,283.0,344.0,269.0,243.0,276.0,269.0,272.0,327.0,358.0,274.0,254.0,241.0,309.0,324.0,329.0,359.0,292.0,266.0,271.0,275.0,281.0,352.0,328.0,247.0,286.0,206.0,303.0,246.0,341.0,399.0,266.0,201.0,314.0,266.0,311.0,342.0,369.0,266.0,261.0,294.0,285.0,315.0,352.0,347.0,275.0,298.0,258.0,327.0,324.0,380.0,262.0,281.0,359.0,427.0,346.0,264.0,301.0,365.0,143.0,246.0,263.0,266.0,310.0,302.0,292.0,239.0,231.0,282.0,301.0,278.0,366.0,317.0,238.0,270.0,283.0,280.0,263.0,328.0,338.0,269.0,279.0,310.0,340.0,371.0,366.0,319.0,184.0,372.0,369.0,276.0,357.0,371.0,307.0
322.0,286.0,313.0,211.0,271.0,258.0,295.0,209.0,282.0,203.0,220.0,242.0,240.0,388.0,290.0,319.0,248.0,238.0,272.0,265.0,252.0,293.0,233.0,241.0,233.0,257.0,261.0,408.0,339.0,307.0,280.0,282.0,274.0,269.0,329.0,286.0,246.0,274.0,249.0,294.0,294.0,356.0,323.0,294.0,237.0,255.0,235.0,172.0,295.0,363.0,267.0,263.0,219.0,251.0,0.0,68.0,312.0,288.0,276.0,304.0,282.0,235.0,377.0,337.0,295.0,272.0,267.0,326.0,295.0,320.0,331.0,328.0,264.0,290.0,312.0,302.0,410.0,371.0,282.0,247.0,291.0,286.0,307.0,410.0,331.0,309.0,235.0,320.0,299.0,247.0,288.0,270.0,249.0,246.0,289.0,235.0,331.0,389.0,374.0,303.0,315.0,0.0,322.0,393.0,140.0,351.0,370.0,167.0,273.0,215.0,277.0,307.0,266.0,242.0,251.0,286.0,250.0,301.0,372.0,394.0,279.0,209.0,183.0,279.0,321.0,305.0,370.0,267.0,297.0,224.0,229.0,326.0,370.0,320.0,281.0,229.0,272.0,314.0,296.0,370.0,297.0,308.0,314.0,349.0,268.0,341.0,428.0,345.0,396.0,325.0,299.0,301.0,325.0,377.0,363.0,260.0,266.0,281.0,355.0,346.0,310.0,382.0,257.0,259.0,244.0,276.0,309.0,379.0,361.0,316.0,311.0,340.0,290.0,372.0,374.0,362.0,288.0,309.0,343.0,316.0,330.0,341.0,338.0,375.0,239.0,366.0,308.0,322.0,347.0,295.0,289.0,273.0,289.0,294.0,352.0,321.0,367.0,270.0,259.0,285.0,289.0,325.0,439.0,389.0,316.0,293.0,349.0,352.0,302.0,354.0,292.0,299.0,269.0,239.0,321.0,301.0,387.0,373.0,245.0,294.0,270.0,306.0,286.0,398.0,397.0,309.0,295.0,329.0,297.0,248.0,421.0,372.0,289.0,272.0,292.0,242.0,305.0,356.0,378.0,291.0,285.0,283.0,299.0,338.0,395.0,327.0,409.0,267.0,243.0,232.0,298.0,373.0,307.0,272.0,301.0,232.0,273.0,275.0,408.0,309.0,244.0,249.0,247.0,312.0,251.0,325.0,323.0,291.0,264.0,278.0,192.0,326.0,397.0,319.0,275.0,231.0,244.0,331.0,309.0,296.0,339.0,260.0,259.0,253.0,273.0,297.0,330.0,308.0,305.0,266.0,257.0,308.0,332.0,301.0,320.0,237.0,277.0,252.0,296.0,298.0,359.0,350.0,281.0,250.0,299.0,269.0,254.0,290.0,330.0,273.0,262.0,298.0,276.0,368.0,281.0,386.0,267.0,296.0,237.0,223.0,324.0,333.0,226.0,310.0,347.0,342.0,286.0,318.0,328.0,416.0,86.0,260.0,261.0,251.0,306.0,310.0,365.0,219.0,258.0,227.0,267.0,325.0,348.0,318.0,274.0,231.0,314.0,291.0,270.0,350.0,369.0,285.0,324.0,262.0,350.0,376.0,380.0,302.0,210.0,377.0,342.0,355.0,341.0,383.0,256.0
327.0,302.0,275.0,300.0,268.0,279.0,307.0,223.0,255.0,231.0,237.0,224.0,311.0,284.0,311.0,341.0,262.0,276.0,252.0,249.0,217.0,315.0,286.0,219.0,285.0,202.0,291.0,342.0,344.0,274.0,236.0,271.0,230.0,198.0,300.0,350.0,262.0,233.0,242.0,223.0,250.0,333.0,356.0,298.0,322.0,255.0,279.0,210.0,312.0,306.0,279.0,238.0,221.0,162.0,0.0,265.0,210.0,254.0,255.0,271.0,282.0,264.0,343.0,367.0,246.0,251.0,298.0,247.0,288.0,370.0,316.0,276.0,240.0,270.0,281.0,291.0,361.0,337.0,274.0,242.0,293.0,286.0,333.0,404.0,361.0,299.0,290.0,252.0,295.0,178.0,393.0,350.0,289.0,299.0,282.0,245.0,286.0,387.0,357.0,240.0,316.0,0.0,261.0,356.0,144.0,382.0,268.0,210.0,204.0,221.0,300.0,373.0,218.0,262.0,244.0,252.0,297.0,257.0,330.0,363.0,244.0,252.0,254.0,299.0,324.0,336.0,330.0,269.0,265.0,253.0,237.0,332.0,301.0,358.0,283.0,277.0,281.0,309.0,266.0,324.0,278.0,289.0,300.0,306.0,309.0,359.0,373.0,343.0,356.0,303.0,290.0,314.0,306.0,351.0,397.0,268.0,304.0,310.0,323.0,311.0,349.0,388.0,270.0,266.0,227.0,305.0,307.0,336.0,380.0,361.0,294.0,312.0,327.0,354.0,382.0,324.0,334.0,281.0,315.0,323.0,366.0,398.0,334.0,272.0,259.0,299.0,299.0,349.0,378.0,342.0,240.0,288.0,260.0,300.0,340.0,253.0,299.0,276.0,305.0,227.0,277.0,360.0,359.0,366.0,297.0,278.0,307.0,345.0,320.0,329.0,248.0,311.0,285.0,296.0,345.0,355.0,369.0,375.0,331.0,295.0,260.0,321.0,275.0,358.0,393.0,291.0,325.0,303.0,314.0,309.0,402.0,395.0,280.0,257.0,269.0,311.0,313.0,339.0,296.0,288.0,241.0,282.0,279.0,280.0,229.0,384.0,366.0,289.0,229.0,311.0,286.0,321.0,319.0,294.0,226.0,284.0,255.0,352.0,305.0,403.0,320.0,299.0,269.0,292.0,329.0,387.0,299.0,224.0,250.0,287.0,277.0,266.0,344.0,317.0,245.0,263.0,272.0,259.0,297.0,417.0,385.0,326.0,238.0,301.0,330.0,326.0,335.0,332.0,295.0,296.0,287.0,325.0,351.0,361.0,348.0,320.0,279.0,277.0,310.0,316.0,364.0,295.0,276.0,230.0,222.0,276.0,231.0,386.0,334.0,302.0,260.0,238.0,218.0,334.0,338.0,392.0,311.0,278.0,288.0,265.0,293.0,350.0,230.0,242.0,282.0,428.0,258.0,359.0,361.0,354.0,171.0,245.0,269.0,282.0,258.0,322.0,331.0,244.0,269.0,241.0,168.0,296.0,334.0,313.0,259.0,293.0,261.0,230.0,292.0,305.0,408.0,262.0,234.0,310.0,327.0,335.0,391.0,342.0,168.0,314.0,394.0,309.0,350.0,365.0,255.0
322.0,295.0,217.0,211.0,235.0,269.0,258.0,252.0,282.0,211.0,272.0,236.0,261.0,378.0,325.0,325.0,265.0,202.0,229.0,219.0,292.0,313.0,233.0,208.0,242.0,244.0,271.0,355.0,314.0,302.0,329.0,243.0,255.0,270.0,331.0,332.0,216.0,187.0,252.0,239.0,310.0,360.0,365.0,281.0,252.0,268.0,256.0,219.0,378.0,281.0,259.0,232.0,100.0,204.0,0.0,199.0,221.0,231.0,246.0,225.0,266.0,311.0,323.0,313.0,279.0,226.0,260.0,250.0,270.0,366.0,346.0,293.0,233.0,267.0,264.0,289.0,347.0,330.0,289.0,254.0,233.0,305.0,310.0,333.0,342.0,268.0,272.0,217.0,341.0,184.0,308.0,397.0,292.0,297.0,248.0,299.0,322.0,320.0,378.0,267.0,270.0,0.0,314.0,419.0,157.0,324.0,315.0,193.0,238.0,252.0,317.0,396.0,186.0,296.0,255.0,240.0,294.0,284.0,315.0,421.0,211.0,253.0,273.0,317.0,320.0,360.0,352.0,245.0,240.0,278.0,288.0,294.0,396.0,385.0,320.0,212.0,235.0,267.0,311.0,314.0,332.0,235.0,238.0,261.0,328.0,350.0,368.0,406.0,388.0,295.0,258.0,230.0,299.0,377.0,400.0,274.0,308.0,307.0,331.0,311.0,283.0,378.0,293.0,284.0,280.0,315.0,327.0,380.0,327.0,253.0,307.0,248.0,351.0,383.0,402.0,297.0,325.0,278.0,319.0,266.0,321.0,389.0,366.0,391.0,362.0,349.0,309.0,316.0,331.0,295.0,316.0,266.0,309.0,267.0,254.0,325.0,378.0,293.0,292.0,213.0,312.0,275.0,397.0,346.0,297.0,274.0,267.0,309.0,301.0,274.0,368.0,303.0,287.0,287.0,292.0,310.0,374.0,352.0,321.0,296.0,315.0,292.0,284.0,359.0,355.0,332.0,293.0,274.0,302.0,314.0,416.0,387.0,293.0,241.0,196.0,305.0,269.0,360.0,369.0,191.0,260.0,278.0,309.0,319.0,330.0,313.0,387.0,273.0,276.0,299.0,293.0,348.0,378.0,252.0,271.0,272.0,272.0,342.0,255.0,354.0,307.0,242.0,269.0,283.0,271.0,289.0,328.0,289.0,253.0,246.0,255.0,307.0,330.0,380.0,246.0,260.0,295.0,291.0,290.0,331.0,317.0,273.0,289.0,290.0,244.0,284.0,385.0,323.0,310.0,281.0,290.0,258.0,284.0,398.0,370.0,240.0,268.0,327.0,289.0,237.0,371.0,358.0,247.0,256.0,222.0,233.0,253.0,299.0,333.0,252.0,276.0,225.0,270.0,293.0,353.0,405.0,313.0,272.0,245.0,258.0,331.0,352.0,267.0,352.0,309.0,305.0,361.0,343.0,403.0,408.0,181.0,231.0,262.0,292.0,282.0,371.0,288.0,199.0,228.0,270.0,298.0,315.0,341.0,364.0,315.0,289.0,267.0,233.0,329.0,396.0,354.0,313.0,311.0,314.0,260.0,337.0,403.0,300.0,171.0,361.0,321.0,253.0,333.0,363.0,239.0
351.0,277.0,207.0,232.0,302.0,215.0,263.0,252.0,211.0,261.0,279.0,249.0,258.0,331.0,256.0,342.0,256.0,207.0,243.0,205.0,250.0,333.0,259.0,202.0,256.0,246.0,299.0,335.0,360.0,202.0,276.0,237.0,171.0,292.0,300.0,328.0,280.0,232.0,302.0,248.0,279.0,343.0,402.0,233.0,257.0,294.0,242.0,213.0,333.0,324.0,247.0,246.0,206.0,96.0,0.0,212.0,126.0,262.0,217.0,248.0,252.0,215.0,337.0,352.0,258.0,213.0,241.0,230.0,288.0,362.0,311.0,270.0,238.0,284.0,209.0,286.0,321.0,382.0,259.0,228.0,264.0,288.0,308.0,405.0,383.0,285.0,239.0,280.0,192.0,264.0,328.0,354.0,246.0,259.0,268.0,282.0,289.0,357.0,368.0,309.0,263.0,0.0,244.0,302.0,129.0,376.0,334.0,190.0,250.0,294.0,267.0,375.0,266.0,234.0,240.0,280.0,281.0,315.0,333.0,374.0,305.0,251.0,256.0,225.0,265.0,334.0,378.0,241.0,276.0,228.0,311.0,292.0,383.0,430.0,291.0,253.0,305.0,311.0,317.0,381.0,345.0,289.0,280.0,357.0,331.0,324.0,310.0,288.0,408.0,261.0,272.0,286.0,321.0,405.0,299.0,237.0,249.0,287.0,313.0,273.0,332.0,342.0,286.0,295.0,320.0,299.0,287.0,405.0,364.0,215.0,331.0,300.0,283.0,336.0,430.0,397.0,264.0,264.0,279.0,282.0,327.0,343.0,322.0,304.0,212.0,256.0,216.0,318.0,292.0,338.0,236.0,296.0,253.0,283.0,366.0,305.0,371.0,226.0,318.0,272.0,333.0,304.0,390.0,368.0,323.0,289.0,333.0,297.0,336.0,293.0,260.0,325.0,291.0,285.0,285.0,374.0,330.0,393.0,284.0,301.0,303.0,311.0,289.0,398.0,380.0,226.0,304.0,316.0,273.0,319.0,412.0,392.0,302.0,260.0,267.0,266.0,315.0,344.0,394.0,222.0,290.0,292.0,262.0,299.0,331.0,346.0,376.0,294.0,276.0,287.0,257.0,310.0,308.0,226.0,268.0,238.0,232.0,320.0,339.0,343.0,303.0,285.0,259.0,299.0,265.0,385.0,354.0,251.0,283.0,207.0,280.0,254.0,332.0,383.0,250.0,208.0,286.0,237.0,291.0,369.0,352.0,214.0,279.0,290.0,287.0,320.0,320.0,372.0,312.0,245.0,275.0,303.0,305.0,357.0,291.0,265.0,268.0,228.0,254.0,271.0,353.0,298.0,294.0,246.0,293.0,257.0,279.0,294.0,327.0,284.0,259.0,194.0,192.0,375.0,333.0,357.0,269.0,185.0,186.0,242.0,272.0,321.0,385.0,281.0,326.0,337.0,346.0,326.0,317.0,395.0,185.0,249.0,284.0,260.0,336.0,321.0,350.0,195.0,232.0,235.0,248.0,274.0,297.0,310.0,275.0,267.0,260.0,226.0,304.0,365.0,365.0,301.0,237.0,259.0,275.0,363.0,401.0,278.0,230.0,377.0,372.0,339.0,247.0,377.0,343.0
368.0,293.0,196.0,254.0,246.0,262.0,281.0,222.0,259.0,202.0,234.0,223.0,242.0,330.0,302.0,352.0,231.0,212.0,164.0,255.0,312.0,291.0,214.0,265.0,244.0,252.0,308.0,331.0,360.0,248.0,254.0,241.0,227.0,258.0,297.0,253.0,253.0,277.0,256.0,250.0,326.0,370.0,356.0,292.0,293.0,271.0,236.0,262.0,347.0,359.0,255.0,270.0,236.0,123.0,0.0,267.0,243.0,240.0,234.0,210.0,235.0,287.0,340.0,302.0,275.0,225.0,232.0,300.0,336.0,350.0,337.0,233.0,246.0,281.0,256.0,302.0,363.0,360.0,263.0,211.0,254.0,333.0,322.0,361.0,370.0,270.0,256.0,275.0,281.0,277.0,470.0,363.0,328.0,298.0,302.0,203.0,286.0,255.0,317.0,267.0,226.0,0.0,269.0,362.0,169.0,318.0,308.0,184.0,244.0,248.0,324.0,362.0,195.0,258.0,212.0,289.0,222.0,317.0,282.0,356.0,251.0,291.0,272.0,271.0,292.0,328.0,380.0,255.0,277.0,276.0,281.0,298.0,387.0,325.0,321.0,262.0,281.0,273.0,281.0,303.0,360.0,279.0,265.0,291.0,318.0,318.0,346.0,362.0,383.0,293.0,252.0,280.0,289.0,377.0,327.0,354.0,234.0,292.0,273.0,306.0,312.0,318.0,247.0,257.0,276.0,273.0,295.0,366.0,382.0,328.0,328.0,308.0,286.0,328.0,413.0,400.0,335.0,245.0,286.0,244.0,326.0,404.0,362.0,289.0,252.0,350.0,261.0,341.0,387.0,337.0,344.0,275.0,281.0,253.0,289.0,281.0,296.0,310.0,271.0,262.0,351.0,303.0,360.0,364.0,315.0,236.0,318.0,298.0,263.0,287.0,245.0,279.0,264.0,289.0,291.0,267.0,372.0,348.0,262.0,268.0,262.0,314.0,344.0,371.0,326.0,269.0,258.0,282.0,288.0,314.0,457.0,421.0,268.0,237.0,250.0,272.0,292.0,348.0,357.0,303.0,290.0,272.0,280.0,321.0,373.0,348.0,437.0,271.0,309.0,296.0,335.0,341.0,272.0,270.0,250.0,275.0,265.0,301.0,363.0,367.0,257.0,260.0,269.0,257.0,303.0,336.0,366.0,255.0,255.0,264.0,289.0,284.0,381.0,327.0,279.0,273.0,237.0,267.0,279.0,318.0,372.0,250.0,227.0,216.0,219.0,364.0,302.0,360.0,273.0,286.0,250.0,263.0,309.0,338.0,257.0,265.0,212.0,256.0,216.0,275.0,347.0,331.0,277.0,261.0,277.0,283.0,258.0,342.0,351.0,266.0,245.0,248.0,236.0,253.0,322.0,355.0,264.0,274.0,234.0,205.0,315.0,309.0,371.0,323.0,345.0,358.0,356.0,378.0,384.0,402.0,213.0,269.0,310.0,227.0,331.0,348.0,343.0,213.0,234.0,312.0,247.0,294.0,339.0,352.0,262.0,253.0,312.0,276.0,330.0,387.0,356.0,281.0,293.0,340.0,311.0,329.0,398.0,297.0,169.0,334.0,385.0,365.0,355.0,352.0,266.0
345.0,271.0,186.0,240.0,244.0,299.0,297.0,303.0,243.0,220.0,255.0,262.0,290.0,341.0,287.0,310.0,220.0,223.0,227.0,220.0,278.0,347.0,257.0,190.0,249.0,256.0,280.0,348.0,356.0,225.0,238.0,248.0,258.0,267.0,355.0,329.0,207.0,213.0,218.0,202.0,335.0,376.0,363.0,290.0,244.0,311.0,167.0,229.0,336.0,269.0,242.0,226.0,157.0,217.0,0.0,245.0,136.0,250.0,226.0,259.0,271.0,278.0,345.0,287.0,211.0,273.0,231.0,290.0,246.0,383.0,345.0,295.0,279.0,265.0,280.0,269.0,323.0,349.0,279.0,217.0,244.0,286.0,326.0,412.0,418.0,310.0,273.0,311.0,316.0,338.0,365.0,333.0,303.0,267.0,282.0,293.0,339.0,303.0,396.0,248.0,272.0,0.0,290.0,354.0,130.0,353.0,343.0,281.0,257.0,247.0,273.0,356.0,259.0,294.0,284.0,295.0,308.0,301.0,341.0,390.0,227.0,237.0,235.0,323.0,310.0,313.0,303.0,211.0,235.0,307.0,222.0,375.0,335.0,378.0,274.0,263.0,301.0,289.0,332.0,354.0,405.0,267.0,240.0,322.0,314.0,353.0,379.0,358.0,417.0,291.0,274.0,301.0,320.0,360.0,298.0,271.0,260.0,297.0,319.0,288.0,355.0,388.0,303.0,306.0,276.0,317.0,253.0,374.0,339.0,337.0,304.0,338.0,331.0,297.0,365.0,345.0,255.0,354.0,280.0,327.0,322.0,373.0,310.0,346.0,217.0,320.0,280.0,314.0,305.0,406.0,226.0,249.0,301.0,306.0,302.0,217.0,311.0,347.0,290.0,281.0,293.0,352.0,349.0,406.0,289.0,259.0,311.0,389.0,310.0,312.0,277.0,274.0,255.0,285.0,285.0,236.0,355.0,339.0,249.0,265.0,298.0,249.0,333.0,338.0,350.0,329.0,325.0,218.0,284.0,286.0,317.0,351.0,250.0,273.0,247.0,296.0,337.0,352.0,381.0,292.0,256.0,248.0,296.0,314.0,369.0,368.0,387.0,258.0,283.0,228.0,253.0,343.0,335.0,247.0,285.0,269.0,264.0,330.0,324.0,381.0,258.0,258.0,218.0,290.0,287.0,361.0,370.0,286.0,267.0,315.0,278.0,326.0,310.0,403.0,237.0,251.0,218.0,239.0,316.0,357.0,323.0,319.0,273.0,250.0,263.0,294.0,307.0,357.0,284.0,275.0,273.0,255.0,293.0,357.0,367.0,287.0,261.0,273.0,313.0,270.0,345.0,307.0,245.0,215.0,262.0,269.0,284.0,316.0,329.0,286.0,264.0,260.0,219.0,403.0,325.0,384.0,278.0,233.0,247.0,279.0,297.0,317.0,347.0,335.0,349.0,326.0,341.0,358.0,348.0,410.0,173.0,269.0,243.0,272.0,289.0,330.0,371.0,264.0,236.0,286.0,259.0,213.0,362.0,382.0,283.0,251.0,271.0,274.0,324.0,388.0,319.0,276.0,299.0,250.0,274.0,341.0,381.0,249.0,144.0,360.0,344.0,329.0,370.0,378.0,254.0
357.0,292.0,243.0,239.0,271.0,252.0,264.0,182.0,295.0,227.0,208.0,246.0,253.0,335.0,329.0,320.0,224.0,199.0,194.0,251.0,317.0,173.0,251.0,217.0,229.0,251.0,319.0,329.0,368.0,228.0,287.0,254.0,268.0,215.0,343.0,321.0,252.0,198.0,243.0,261.0,264.0,366.0,330.0,285.0,296.0,275.0,258.0,236.0,385.0,320.0,252.0,249.0,196.0,212.0,0.0,257.0,75.0,253.0,250.0,258.0,296.0,244.0,336.0,355.0,285.0,200.0,272.0,234.0,233.0,351.0,314.0,277.0,200.0,241.0,273.0,308.0,381.0,391.0,258.0,262.0,244.0,291.0,321.0,396.0,371.0,293.0,261.0,311.0,215.0,333.0,359.0,321.0,283.0,262.0,263.0,281.0,323.0,345.0,373.0,238.0,267.0,0.0,274.0,334.0,137.0,369.0,279.0,273.0,256.0,267.0,305.0,421.0,205.0,273.0,270.0,288.0,261.0,280.0,369.0,326.0,260.0,284.0,287.0,253.0,347.0,233.0,353.0,213.0,275.0,287.0,199.0,256.0,375.0,345.0,270.0,272.0,290.0,302.0,313.0,358.0,365.0,268.0,310.0,267.0,298.0,387.0,212.0,333.0,418.0,286.0,295.0,300.0,295.0,404.0,167.0,296.0,214.0,270.0,305.0,334.0,325.0,330.0,321.0,254.0,284.0,270.0,271.0,317.0,298.0,246.0,284.0,285.0,294.0,335.0,325.0,386.0,309.0,302.0,285.0,301.0,328.0,324.0,316.0,363.0,247.0,343.0,300.0,350.0,381.0,315.0,276.0,260.0,272.0,297.0,268.0,371.0,358.0,280.0,298.0,229.0,304.0,293.0,375.0,398.0,331.0,274.0,317.0,310.0,355.0,308.0,350.0,309.0,260.0,341.0,340.0,366.0,380.0,392.0,332.0,297.0,306.0,329.0,328.0,402.0,357.0,297.0,272.0,296.0,259.0,325.0,437.0,360.0,284.0,232.0,273.0,251.0,318.0,333.0,384.0,271.0,276.0,279.0,233.0,316.0,351.0,346.0,346.0,267.0,294.0,264.0,272.0,305.0,255.0,284.0,282.0,284.0,260.0,318.0,288.0,319.0,251.0,258.0,266.0,322.0,303.0,347.0,372.0,297.0,283.0,258.0,297.0,293.0,340.0,369.0,261.0,245.0,297.0,284.0,334.0,368.0,389.0,285.0,239.0,309.0,319.0,295.0,380.0,358.0,322.0,326.0,323.0,308.0,279.0,332.0,371.0,291.0,273.0,247.0,267.0,262.0,363.0,365.0,290.0,217.0,235.0,274.0,290.0,341.0,372.0,297.0,257.0,233.0,209.0,324.0,320.0,367.0,237.0,233.0,265.0,236.0,305.0,340.0,373.0,311.0,292.0,319.0,281.0,291.0,372.0,366.0,143.0,249.0,290.0,259.0,278.0,244.0,348.0,201.0,217.0,222.0,229.0,261.0,408.0,278.0,295.0,249.0,230.0,338.0,275.0,322.0,313.0,316.0,309.0,314.0,312.0,295.0,357.0,252.0,179.0,363.0,351.0,395.0,339.0,393.0,325.0
365.0,290.0,174.0,237.0,257.0,315.0,263.0,233.0,223.0,222.0,245.0,237.0,278.0,329.0,334.0,345.0,254.0,209.0,201.0,245.0,352.0,302.0,289.0,239.0,242.0,253.0,324.0,363.0,402.0,244.0,238.0,252.0,220.0,257.0,337.0,328.0,255.0,280.0,280.0,224.0,336.0,304.0,379.0,281.0,247.0,245.0,262.0,234.0,306.0,377.0,269.0,247.0,143.0,174.0,0.0,242.0,262.0,282.0,257.0,296.0,233.0,291.0,366.0,384.0,253.0,266.0,212.0,340.0,269.0,280.0,335.0,257.0,269.0,294.0,283.0,235.0,307.0,361.0,315.0,285.0,296.0,222.0,298.0,405.0,390.0,325.0,302.0,299.0,317.0,329.0,445.0,366.0,309.0,278.0,261.0,269.0,340.0,314.0,403.0,271.0,247.0,0.0,277.0,318.0,162.0,326.0,298.0,225.0,265.0,255.0,281.0,319.0,271.0,245.0,231.0,284.0,280.0,350.0,346.0,382.0,261.0,288.0,336.0,275.0,272.0,308.0,345.0,282.0,255.0,263.0,281.0,364.0,373.0,411.0,297.0,257.0,213.0,292.0,344.0,355.0,353.0,270.0,257.0,289.0,288.0,311.0,389.0,423.0,381.0,258.0,265.0,300.0,330.0,391.0,388.0,302.0,293.0,264.0,319.0,286.0,385.0,432.0,259.0,303.0,262.0,308.0,360.0,287.0,340.0,286.0,250.0,287.0,306.0,366.0,351.0,412.0,308.0,265.0,268.0,328.0,312.0,335.0,355.0,345.0,207.0,321.0,288.0,313.0,348.0,311.0,255.0,307.0,291.0,317.0,314.0,320.0,300.0,278.0,250.0,278.0,264.0,325.0,332.0,369.0,311.0,272.0,243.0,378.0,346.0,346.0,297.0,324.0,334.0,264.0,320.0,299.0,345.0,330.0,260.0,299.0,312.0,300.0,352.0,354.0,383.0,298.0,280.0,312.0,262.0,306.0,382.0,382.0,304.0,220.0,266.0,274.0,300.0,368.0,373.0,246.0,303.0,265.0,292.0,340.0,344.0,339.0,374.0,267.0,287.0,226.0,200.0,347.0,254.0,246.0,251.0,280.0,287.0,293.0,371.0,389.0,299.0,263.0,286.0,313.0,298.0,345.0,376.0,267.0,244.0,275.0,276.0,316.0,357.0,380.0,297.0,278.0,290.0,309.0,309.0,376.0,367.0,337.0,293.0,285.0,268.0,287.0,301.0,379.0,313.0,213.0,253.0,306.0,293.0,388.0,256.0,275.0,252.0,278.0,275.0,265.0,363.0,357.0,241.0,236.0,259.0,298.0,293.0,316.0,367.0,279.0,244.0,214.0,248.0,329.0,297.0,292.0,263.0,240.0,234.0,209.0,252.0,353.0,332.0,336.0,321.0,299.0,373.0,368.0,381.0,289.0,159.0,279.0,249.0,138.0,342.0,263.0,330.0,199.0,307.0,270.0,257.0,304.0,343.0,355.0,307.0,226.0,314.0,334.0,342.0,405.0,353.0,316.0,258.0,299.0,324.0,285.0,371.0,320.0,250.0,380.0,373.0,346.0,409.0,407.0,259.0
326.0,306.0,165.0,253.0,248.0,288.0,263.0,252.0,222.0,244.0,217.0,260.0,305.0,326.0,317.0,338.0,211.0,228.0,235.0,230.0,332.0,240.0,240.0,228.0,242.0,267.0,308.0,409.0,377.0,241.0,223.0,250.0,277.0,266.0,332.0,376.0,313.0,253.0,285.0,250.0,256.0,401.0,339.0,287.0,269.0,271.0,187.0,242.0,275.0,372.0,266.0,250.0,224.0,190.0,0.0,174.0,307.0,226.0,251.0,280.0,230.0,285.0,347.0,350.0,203.0,264.0,207.0,272.0,329.0,348.0,385.0,267.0,261.0,251.0,280.0,309.0,416.0,348.0,298.0,235.0,274.0,286.0,338.0,366.0,394.0,304.0,290.0,249.0,373.0,329.0,364.0,372.0,268.0,258.0,280.0,241.0,302.0,316.0,396.0,302.0,239.0,0.0,380.0,335.0,140.0,371.0,312.0,264.0,254.0,282.0,365.0,320.0,211.0,232.0,236.0,271.0,296.0,313.0,326.0,384.0,223.0,282.0,241.0,298.0,333.0,330.0,335.0,238.0,248.0,246.0,272.0,313.0,383.0,395.0,242.0,259.0,277.0,287.0,294.0,368.0,375.0,278.0,293.0,323.0,337.0,371.0,317.0,304.0,364.0,237.0,245.0,279.0,310.0,379.0,396.0,214.0,294.0,307.0,322.0,297.0,387.0,407.0,315.0,261.0,300.0,316.0,357.0,302.0,381.0,297.0,262.0,338.0,268.0,319.0,353.0,363.0,275.0,270.0,305.0,320.0,331.0,377.0,351.0,331.0,251.0,327.0,286.0,274.0,460.0,383.0,301.0,284.0,262.0,311.0,340.0,373.0,323.0,351.0,271.0,271.0,272.0,324.0,374.0,406.0,347.0,230.0,337.0,342.0,320.0,357.0,383.0,320.0,217.0,291.0,274.0,365.0,387.0,377.0,303.0,286.0,252.0,306.0,343.0,326.0,412.0,274.0,289.0,275.0,305.0,320.0,439.0,374.0,278.0,308.0,255.0,313.0,300.0,399.0,379.0,286.0,284.0,267.0,274.0,306.0,352.0,356.0,378.0,255.0,270.0,235.0,283.0,371.0,340.0,306.0,241.0,285.0,337.0,320.0,386.0,388.0,259.0,263.0,264.0,287.0,256.0,327.0,369.0,262.0,289.0,261.0,286.0,312.0,360.0,385.0,222.0,291.0,239.0,276.0,343.0,374.0,391.0,247.0,243.0,243.0,276.0,321.0,372.0,403.0,286.0,272.0,288.0,307.0,323.0,346.0,237.0,298.0,225.0,279.0,271.0,298.0,335.0,393.0,291.0,262.0,239.0,259.0,257.0,351.0,390.0,283.0,252.0,237.0,236.0,336.0,272.0,353.0,306.0,252.0,261.0,240.0,289.0,305.0,373.0,300.0,316.0,345.0,360.0,339.0,358.0,362.0,182.0,239.0,271.0,241.0,330.0,352.0,285.0,205.0,269.0,266.0,282.0,320.0,347.0,334.0,304.0,275.0,264.0,299.0,339.0,338.0,394.0,324.0,236.0,269.0,349.0,343.0,373.0,265.0,249.0,410.0,393.0,341.0,374.0,376.0,300.0
359.0,302.0,246.0,241.0,268.0,296.0,240.0,218.0,240.0,224.0,229.0,239.0,289.0,272.0,299.0,301.0,283.0,250.0,202.0,281.0,333.0,278.0,258.0,271.0,248.0,292.0,303.0,349.0,362.0,285.0,262.0,235.0,246.0,301.0,339.0,332.0,250.0,305.0,299.0,207.0,254.0,311.0,382.0,307.0,280.0,317.0,113.0,321.0,370.0,266.0,277.0,281.0,191.0,273.0,0.0,174.0,215.0,234.0,252.0,282.0,261.0,337.0,385.0,324.0,231.0,254.0,249.0,262.0,280.0,329.0,339.0,265.0,280.0,254.0,252.0,228.0,331.0,388.0,214.0,240.0,269.0,248.0,319.0,299.0,438.0,313.0,218.0,240.0,312.0,293.0,332.0,383.0,294.0,262.0,262.0,249.0,358.0,361.0,372.0,279.0,324.0,0.0,314.0,328.0,138.0,423.0,316.0,272.0,245.0,227.0,336.0,337.0,271.0,267.0,240.0,256.0,309.0,312.0,344.0,392.0,272.0,277.0,258.0,259.0,288.0,282.0,377.0,279.0,244.0,313.0,288.0,330.0,375.0,378.0,294.0,298.0,278.0,284.0,388.0,327.0,351.0,250.0,291.0,306.0,317.0,337.0,360.0,376.0,386.0,270.0,256.0,316.0,221.0,403.0,414.0,271.0,250.0,262.0,307.0,331.0,410.0,362.0,255.0,292.0,286.0,292.0,340.0,367.0,353.0,254.0,326.0,260.0,236.0,348.0,375.0,373.0,310.0,296.0,268.0,291.0,332.0,343.0,176.0,317.0,281.0,275.0,292.0,356.0,388.0,364.0,279.0,226.0,284.0,303.0,352.0,312.0,356.0,312.0,264.0,274.0,303.0,310.0,393.0,390.0,361.0,300.0,323.0,266.0,340.0,312.0,346.0,294.0,263.0,292.0,281.0,289.0,340.0,355.0,304.0,286.0,303.0,275.0,314.0,358.0,324.0,359.0,281.0,265.0,277.0,281.0,395.0,355.0,230.0,232.0,259.0,310.0,314.0,328.0,316.0,313.0,239.0,281.0,273.0,272.0,351.0,327.0,372.0,286.0,294.0,283.0,277.0,337.0,288.0,278.0,236.0,255.0,241.0,226.0,245.0,303.0,301.0,270.0,275.0,312.0,312.0,375.0,406.0,290.0,246.0,243.0,177.0,270.0,363.0,363.0,261.0,268.0,259.0,286.0,323.0,372.0,365.0,350.0,219.0,250.0,306.0,338.0,348.0,340.0,310.0,240.0,260.0,298.0,333.0,365.0,262.0,271.0,251.0,274.0,318.0,220.0,348.0,409.0,255.0,182.0,249.0,217.0,310.0,354.0,359.0,297.0,231.0,227.0,220.0,253.0,376.0,392.0,245.0,272.0,278.0,286.0,298.0,363.0,396.0,281.0,333.0,385.0,349.0,369.0,408.0,427.0,256.0,328.0,285.0,379.0,358.0,335.0,358.0,205.0,262.0,284.0,208.0,304.0,407.0,353.0,292.0,264.0,273.0,274.0,315.0,403.0,360.0,310.0,301.0,296.0,274.0,301.0,395.0,301.0,244.0,379.0,383.0,295.0,321.0,407.0,281.0
353.0,285.0,220.0,280.0,304.0,284.0,295.0,265.0,221.0,207.0,191.0,222.0,284.0,319.0,287.0,375.0,243.0,216.0,228.0,275.0,342.0,287.0,180.0,237.0,230.0,287.0,334.0,325.0,329.0,241.0,267.0,216.0,230.0,315.0,292.0,341.0,234.0,243.0,234.0,230.0,253.0,354.0,381.0,261.0,223.0,262.0,183.0,328.0,348.0,330.0,237.0,243.0,224.0,206.0,0.0,331.0,234.0,244.0,204.0,260.0,269.0,270.0,353.0,355.0,251.0,251.0,241.0,297.0,335.0,331.0,340.0,255.0,246.0,290.0,296.0,299.0,305.0,370.0,254.0,255.0,255.0,267.0,284.0,457.0,378.0,268.0,270.0,343.0,278.0,328.0,342.0,380.0,295.0,263.0,268.0,283.0,333.0,256.0,410.0,275.0,258.0,0.0,248.0,323.0,119.0,346.0,303.0,242.0,246.0,237.0,294.0,371.0,260.0,203.0,222.0,282.0,242.0,327.0,333.0,405.0,268.0,286.0,303.0,332.0,308.0,293.0,376.0,294.0,252.0,281.0,324.0,284.0,363.0,395.0,276.0,266.0,287.0,329.0,326.0,336.0,375.0,274.0,276.0,290.0,333.0,333.0,355.0,359.0,362.0,312.0,289.0,351.0,278.0,383.0,429.0,278.0,290.0,286.0,259.0,342.0,396.0,384.0,338.0,266.0,330.0,277.0,270.0,373.0,307.0,286.0,268.0,295.0,332.0,332.0,388.0,375.0,286.0,256.0,297.0,266.0,333.0,359.0,324.0,359.0,324.0,349.0,323.0,325.0,335.0,347.0,291.0,245.0,300.0,275.0,336.0,374.0,374.0,282.0,248.0,310.0,313.0,362.0,347.0,310.0,293.0,289.0,257.0,264.0,341.0,276.0,339.0,300.0,286.0,234.0,339.0,360.0,414.0,354.0,265.0,265.0,252.0,305.0,343.0,365.0,337.0,305.0,201.0,251.0,274.0,361.0,452.0,386.0,292.0,228.0,272.0,343.0,183.0,362.0,363.0,295.0,275.0,260.0,281.0,263.0,323.0,301.0,435.0,259.0,275.0,228.0,276.0,394.0,234.0,290.0,276.0,263.0,251.0,232.0,434.0,352.0,315.0,253.0,248.0,272.0,374.0,348.0,419.0,289.0,266.0,235.0,166.0,310.0,310.0,365.0,232.0,262.0,365.0,294.0,295.0,372.0,324.0,301.0,277.0,183.0,273.0,318.0,371.0,412.0,271.0,256.0,273.0,283.0,299.0,357.0,323.0,275.0,224.0,248.0,260.0,296.0,342.0,366.0,269.0,224.0,216.0,263.0,297.0,311.0,360.0,274.0,243.0,231.0,232.0,295.0,278.0,400.0,296.0,239.0,239.0,259.0,305.0,386.0,396.0,291.0,331.0,301.0,300.0,363.0,288.0,340.0,186.0,280.0,262.0,223.0,312.0,284.0,307.0,222.0,223.0,240.0,303.0,315.0,339.0,378.0,298.0,276.0,282.0,264.0,297.0,389.0,351.0,266.0,221.0,330.0,285.0,375.0,380.0,326.0,212.0,389.0,310.0,361.0,356.0,381.0,300.0
315.0,293.0,220.0,230.0,260.0,313.0,323.0,253.0,275.0,227.0,211.0,236.0,235.0,362.0,365.0,338.0,220.0,234.0,238.0,272.0,292.0,290.0,255.0,227.0,238.0,255.0,283.0,414.0,220.0,187.0,287.0,245.0,238.0,289.0,333.0,317.0,191.0,244.0,210.0,229.0,219.0,365.0,395.0,262.0,276.0,277.0,111.0,277.0,326.0,296.0,220.0,272.0,138.0,44.0,0.0,151.0,105.0,240.0,247.0,254.0,234.0,324.0,283.0,304.0,236.0,253.0,270.0,207.0,249.0,377.0,368.0,288.0,256.0,270.0,276.0,304.0,364.0,378.0,281.0,280.0,277.0,295.0,372.0,376.0,404.0,328.0,277.0,340.0,268.0,308.0,366.0,393.0,320.0,281.0,309.0,272.0,314.0,354.0,408.0,274.0,326.0,0.0,276.0,349.0,104.0,316.0,292.0,265.0,272.0,287.0,292.0,347.0,263.0,287.0,271.0,314.0,295.0,310.0,354.0,394.0,305.0,223.0,286.0,268.0,290.0,300.0,315.0,288.0,227.0,268.0,234.0,337.0,344.0,383.0,269.0,268.0,120.0,193.0,313.0,319.0,364.0,268.0,237.0,289.0,310.0,273.0,391.0,343.0,402.0,301.0,241.0,338.0,345.0,371.0,384.0,262.0,260.0,270.0,304.0,254.0,296.0,355.0,249.0,267.0,227.0,310.0,346.0,359.0,375.0,274.0,252.0,338.0,291.0,292.0,372.0,259.0,305.0,246.0,258.0,299.0,309.0,360.0,312.0,391.0,353.0,320.0,317.0,280.0,377.0,409.0,340.0,277.0,272.0,287.0,295.0,276.0,404.0,253.0,251.0,326.0,225.0,349.0,364.0,355.0,299.0,277.0,304.0,288.0,378.0,292.0,341.0,323.0,334.0,269.0,242.0,334.0,411.0,375.0,293.0,272.0,288.0,281.0,326.0,367.0,327.0,314.0,307.0,306.0,321.0,298.0,405.0,374.0,345.0,261.0,268.0,251.0,330.0,402.0,331.0,269.0,259.0,270.0,288.0,301.0,352.0,348.0,409.0,284.0,202.0,281.0,271.0,379.0,250.0,294.0,269.0,256.0,259.0,238.0,384.0,323.0,269.0,340.0,271.0,281.0,299.0,321.0,340.0,202.0,243.0,266.0,242.0,302.0,371.0,405.0,205.0,248.0,259.0,239.0,351.0,381.0,387.0,344.0,305.0,249.0,261.0,303.0,394.0,385.0,283.0,258.0,277.0,293.0,352.0,381.0,335.0,278.0,324.0,254.0,286.0,331.0,400.0,368.0,247.0,259.0,237.0,216.0,260.0,340.0,377.0,282.0,284.0,239.0,190.0,203.0,344.0,392.0,257.0,253.0,231.0,258.0,279.0,342.0,345.0,273.0,339.0,244.0,334.0,376.0,248.0,361.0,286.0,273.0,274.0,234.0,357.0,345.0,329.0,303.0,274.0,249.0,221.0,304.0,333.0,377.0,289.0,299.0,260.0,282.0,277.0,384.0,343.0,279.0,303.0,294.0,348.0,264.0,386.0,322.0,277.0,388.0,362.0,360.0,357.0,387.0,295.0
324.0,317.0,176.0,161.0,280.0,317.0,279.0,217.0,241.0,187.0,212.0,212.0,255.0,308.0,382.0,331.0,247.0,175.0,274.0,223.0,321.0,319.0,264.0,130.0,265.0,271.0,321.0,292.0,294.0,270.0,247.0,215.0,273.0,272.0,320.0,328.0,253.0,255.0,263.0,233.0,200.0,347.0,342.0,262.0,259.0,225.0,83.0,333.0,381.0,353.0,260.0,244.0,191.0,212.0,0.0,206.0,135.0,243.0,261.0,273.0,287.0,270.0,293.0,293.0,235.0,271.0,278.0,269.0,314.0,375.0,342.0,269.0,287.0,245.0,289.0,317.0,363.0,358.0,258.0,237.0,280.0,302.0,291.0,421.0,401.0,310.0,258.0,286.0,285.0,346.0,369.0,365.0,264.0,293.0,297.0,298.0,319.0,323.0,378.0,292.0,286.0,0.0,311.0,287.0,147.0,387.0,92.0,211.0,233.0,269.0,297.0,390.0,231.0,257.0,191.0,292.0,264.0,319.0,275.0,416.0,297.0,261.0,298.0,262.0,295.0,327.0,380.0,245.0,295.0,228.0,302.0,321.0,392.0,354.0,296.0,296.0,237.0,267.0,342.0,378.0,362.0,293.0,277.0,326.0,288.0,367.0,344.0,303.0,383.0,211.0,299.0,312.0,354.0,358.0,417.0,324.0,338.0,300.0,180.0,390.0,378.0,393.0,270.0,276.0,278.0,311.0,310.0,381.0,368.0,268.0,328.0,266.0,264.0,290.0,430.0,383.0,296.0,217.0,286.0,320.0,293.0,372.0,324.0,342.0,212.0,311.0,297.0,359.0,379.0,378.0,360.0,281.0,298.0,294.0,289.0,389.0,405.0,287.0,353.0,335.0,288.0,348.0,365.0,361.0,315.0,285.0,302.0,351.0,309.0,355.0,348.0,318.0,298.0,316.0,246.0,353.0,328.0,343.0,276.0,281.0,325.0,310.0,343.0,387.0,382.0,272.0,279.0,299.0,280.0,320.0,404.0,422.0,290.0,234.0,255.0,284.0,343.0,330.0,338.0,286.0,289.0,268.0,293.0,272.0,311.0,267.0,404.0,276.0,285.0,249.0,327.0,372.0,236.0,279.0,276.0,255.0,287.0,235.0,455.0,372.0,255.0,259.0,275.0,320.0,318.0,388.0,339.0,259.0,239.0,261.0,156.0,312.0,379.0,396.0,265.0,276.0,333.0,298.0,360.0,313.0,343.0,269.0,214.0,286.0,273.0,315.0,352.0,431.0,260.0,255.0,260.0,305.0,270.0,382.0,258.0,261.0,302.0,263.0,277.0,277.0,355.0,380.0,232.0,234.0,283.0,291.0,291.0,395.0,366.0,261.0,245.0,305.0,281.0,297.0,328.0,421.0,301.0,240.0,277.0,288.0,285.0,319.0,339.0,317.0,311.0,363.0,320.0,368.0,325.0,337.0,271.0,205.0,225.0,301.0,323.0,329.0,324.0,264.0,247.0,305.0,288.0,298.0,330.0,363.0,285.0,263.0,311.0,279.0,319.0,347.0,367.0,290.0,295.0,321.0,301.0,341.0,422.0,331.0,173.0,338.0,387.0,375.0,289.0,415.0,361.0
349.0,327.0,226.0,285.0,257.0,284.0,328.0,221.0,241.0,222.0,212.0,239.0,247.0,305.0,321.0,351.0,249.0,260.0,245.0,222.0,297.0,258.0,253.0,218.0,284.0,281.0,336.0,301.0,217.0,225.0,218.0,284.0,266.0,280.0,314.0,362.0,247.0,234.0,235.0,214.0,243.0,316.0,378.0,248.0,284.0,279.0,61.0,271.0,328.0,313.0,244.0,232.0,207.0,125.0,0.0,141.0,132.0,240.0,207.0,282.0,273.0,280.0,390.0,363.0,259.0,232.0,266.0,291.0,321.0,349.0,355.0,305.0,264.0,247.0,235.0,301.0,331.0,370.0,329.0,226.0,287.0,299.0,268.0,385.0,444.0,305.0,304.0,331.0,214.0,294.0,401.0,396.0,268.0,273.0,267.0,217.0,299.0,286.0,386.0,290.0,320.0,0.0,296.0,297.0,92.0,394.0,208.0,316.0,249.0,278.0,319.0,368.0,290.0,209.0,258.0,287.0,304.0,339.0,359.0,322.0,284.0,257.0,251.0,256.0,310.0,307.0,355.0,279.0,275.0,283.0,276.0,320.0,342.0,380.0,333.0,219.0,258.0,303.0,310.0,316.0,403.0,277.0,274.0,260.0,307.0,319.0,378.0,369.0,423.0,290.0,277.0,242.0,344.0,393.0,335.0,282.0,329.0,260.0,379.0,355.0,389.0,367.0,321.0,289.0,273.0,296.0,317.0,405.0,408.0,278.0,262.0,298.0,227.0,287.0,357.0,399.0,294.0,252.0,309.0,306.0,301.0,300.0,340.0,334.0,354.0,318.0,219.0,361.0,353.0,331.0,281.0,288.0,287.0,302.0,338.0,350.0,428.0,302.0,326.0,295.0,305.0,302.0,343.0,340.0,313.0,332.0,339.0,315.0,330.0,334.0,402.0,288.0,234.0,284.0,288.0,334.0,402.0,366.0,327.0,280.0,315.0,294.0,301.0,375.0,372.0,304.0,233.0,331.0,308.0,298.0,409.0,383.0,282.0,281.0,226.0,302.0,318.0,327.0,350.0,283.0,254.0,284.0,268.0,315.0,336.0,343.0,383.0,218.0,274.0,277.0,282.0,358.0,290.0,309.0,271.0,272.0,291.0,214.0,406.0,405.0,289.0,246.0,262.0,293.0,244.0,288.0,425.0,315.0,281.0,214.0,216.0,305.0,303.0,381.0,253.0,229.0,238.0,265.0,274.0,362.0,398.0,247.0,229.0,283.0,268.0,271.0,333.0,387.0,299.0,257.0,289.0,257.0,286.0,347.0,272.0,305.0,244.0,287.0,283.0,312.0,364.0,380.0,278.0,199.0,261.0,297.0,327.0,287.0,385.0,286.0,237.0,288.0,278.0,343.0,390.0,396.0,283.0,278.0,248.0,230.0,301.0,336.0,332.0,307.0,322.0,351.0,312.0,364.0,301.0,375.0,281.0,245.0,276.0,280.0,321.0,369.0,359.0,227.0,252.0,216.0,258.0,325.0,396.0,380.0,277.0,301.0,220.0,284.0,312.0,390.0,372.0,275.0,282.0,301.0,313.0,348.0,384.0,221.0,196.0,417.0,359.0,306.0,377.0,338.0,301.0
319.0,284.0,189.0,296.0,282.0,270.0,232.0,271.0,267.0,216.0,180.0,254.0,249.0,353.0,296.0,334.0,256.0,236.0,220.0,233.0,284.0,287.0,261.0,274.0,213.0,269.0,280.0,406.0,251.0,214.0,247.0,242.0,237.0,260.0,333.0,325.0,248.0,257.0,238.0,230.0,307.0,357.0,347.0,289.0,293.0,314.0,69.0,259.0,302.0,357.0,252.0,264.0,139.0,144.0,0.0,151.0,288.0,232.0,242.0,247.0,219.0,240.0,319.0,371.0,258.0,299.0,235.0,281.0,287.0,291.0,333.0,289.0,301.0,229.0,202.0,322.0,423.0,324.0,266.0,247.0,305.0,283.0,301.0,365.0,381.0,251.0,257.0,312.0,297.0,332.0,363.0,380.0,265.0,263.0,241.0,308.0,338.0,350.0,427.0,306.0,296.0,0.0,250.0,351.0,212.0,394.0,390.0,239.0,266.0,307.0,318.0,407.0,253.0,288.0,278.0,277.0,301.0,209.0,369.0,368.0,263.0,258.0,252.0,243.0,290.0,269.0,308.0,252.0,226.0,334.0,269.0,341.0,332.0,318.0,305.0,274.0,266.0,273.0,295.0,297.0,366.0,280.0,269.0,279.0,327.0,362.0,378.0,322.0,401.0,288.0,262.0,340.0,304.0,390.0,383.0,248.0,338.0,282.0,317.0,303.0,324.0,379.0,296.0,266.0,320.0,304.0,240.0,352.0,388.0,299.0,232.0,104.0,324.0,311.0,375.0,411.0,344.0,266.0,309.0,323.0,313.0,367.0,351.0,393.0,294.0,321.0,307.0,324.0,354.0,410.0,262.0,292.0,300.0,332.0,278.0,335.0,409.0,348.0,327.0,383.0,241.0,323.0,386.0,338.0,302.0,255.0,282.0,296.0,356.0,333.0,287.0,168.0,275.0,276.0,309.0,323.0,385.0,421.0,334.0,301.0,313.0,324.0,329.0,386.0,313.0,259.0,300.0,301.0,300.0,297.0,447.0,374.0,225.0,251.0,288.0,290.0,285.0,320.0,361.0,255.0,294.0,274.0,295.0,286.0,327.0,346.0,454.0,303.0,271.0,248.0,281.0,408.0,376.0,289.0,277.0,296.0,291.0,203.0,351.0,380.0,239.0,189.0,282.0,264.0,324.0,350.0,366.0,256.0,278.0,245.0,291.0,271.0,363.0,373.0,268.0,217.0,280.0,305.0,296.0,396.0,395.0,364.0,286.0,275.0,284.0,331.0,382.0,329.0,261.0,257.0,282.0,292.0,296.0,349.0,294.0,302.0,241.0,232.0,226.0,234.0,342.0,368.0,307.0,282.0,281.0,268.0,306.0,334.0,352.0,306.0,268.0,346.0,336.0,315.0,367.0,407.0,234.0,217.0,251.0,195.0,271.0,390.0,382.0,290.0,328.0,338.0,363.0,341.0,220.0,374.0,299.0,256.0,256.0,269.0,338.0,361.0,315.0,261.0,269.0,250.0,299.0,327.0,348.0,330.0,285.0,260.0,276.0,241.0,283.0,366.0,288.0,287.0,231.0,329.0,297.0,344.0,353.0,290.0,204.0,343.0,357.0,312.0,342.0,436.0,282.0
346.0,255.0,215.0,251.0,182.0,283.0,234.0,239.0,264.0,219.0,204.0,220.0,287.0,351.0,361.0,306.0,322.0,216.0,236.0,254.0,262.0,349.0,252.0,175.0,265.0,267.0,285.0,351.0,349.0,222.0,217.0,229.0,221.0,298.0,375.0,349.0,236.0,266.0,257.0,249.0,264.0,378.0,418.0,274.0,267.0,265.0,120.0,212.0,353.0,336.0,246.0,238.0,112.0,121.0,0.0,235.0,236.0,262.0,276.0,244.0,242.0,334.0,335.0,360.0,266.0,145.0,264.0,269.0,203.0,277.0,355.0,269.0,219.0,285.0,243.0,272.0,383.0,394.0,242.0,275.0,296.0,304.0,310.0,363.0,364.0,255.0,282.0,274.0,287.0,307.0,339.0,403.0,257.0,277.0,280.0,318.0,310.0,327.0,385.0,279.0,327.0,0.0,313.0,361.0,314.0,338.0,411.0,238.0,254.0,259.0,347.0,381.0,248.0,294.0,246.0,270.0,274.0,396.0,375.0,380.0,280.0,241.0,268.0,310.0,258.0,280.0,359.0,264.0,221.0,246.0,282.0,344.0,315.0,313.0,268.0,257.0,258.0,239.0,260.0,383.0,384.0,279.0,233.0,295.0,327.0,351.0,386.0,302.0,349.0,314.0,256.0,319.0,319.0,371.0,366.0,247.0,316.0,249.0,280.0,306.0,377.0,349.0,231.0,296.0,299.0,332.0,295.0,362.0,320.0,312.0,279.0,0.0,281.0,286.0,411.0,378.0,280.0,238.0,301.0,320.0,352.0,385.0,364.0,270.0,312.0,333.0,261.0,334.0,365.0,400.0,273.0,268.0,304.0,180.0,329.0,281.0,407.0,225.0,241.0,347.0,298.0,312.0,351.0,343.0,231.0,299.0,265.0,355.0,362.0,344.0,268.0,260.0,311.0,278.0,273.0,303.0,341.0,384.0,307.0,300.0,248.0,290.0,282.0,382.0,349.0,292.0,334.0,283.0,238.0,364.0,416.0,395.0,267.0,267.0,232.0,259.0,242.0,316.0,371.0,263.0,275.0,294.0,280.0,304.0,319.0,344.0,375.0,202.0,244.0,255.0,315.0,355.0,292.0,247.0,251.0,242.0,236.0,228.0,385.0,399.0,280.0,267.0,235.0,330.0,322.0,372.0,385.0,259.0,263.0,263.0,230.0,342.0,362.0,370.0,250.0,267.0,289.0,425.0,308.0,424.0,365.0,335.0,248.0,227.0,269.0,318.0,334.0,304.0,317.0,308.0,250.0,239.0,329.0,236.0,342.0,239.0,225.0,271.0,245.0,320.0,329.0,377.0,244.0,273.0,224.0,287.0,288.0,367.0,339.0,284.0,263.0,279.0,345.0,308.0,350.0,371.0,293.0,269.0,267.0,209.0,311.0,413.0,400.0,269.0,358.0,351.0,357.0,374.0,384.0,356.0,337.0,260.0,271.0,272.0,303.0,346.0,314.0,277.0,257.0,293.0,282.0,316.0,343.0,303.0,273.0,311.0,282.0,248.0,238.0,281.0,285.0,310.0,225.0,268.0,355.0,260.0,311.0,290.0,200.0,333.0,342.0,302.0,311.0,355.0,330.0
325.0,260.0,194.0,244.0,275.0,234.0,269.0,242.0,212.0,179.0,258.0,219.0,289.0,326.0,243.0,356.0,285.0,204.0,233.0,273.0,271.0,332.0,229.0,232.0,239.0,278.0,33.0,410.0,312.0,240.0,220.0,271.0,220.0,284.0,286.0,330.0,202.0,202.0,205.0,241.0,227.0,323.0,376.0,248.0,275.0,285.0,95.0,302.0,339.0,328.0,230.0,227.0,158.0,193.0,0.0,298.0,222.0,251.0,180.0,269.0,298.0,270.0,311.0,355.0,194.0,220.0,262.0,261.0,331.0,350.0,320.0,271.0,227.0,288.0,277.0,324.0,425.0,420.0,305.0,222.0,300.0,321.0,337.0,383.0,377.0,290.0,251.0,205.0,301.0,280.0,321.0,372.0,325.0,334.0,253.0,275.0,349.0,388.0,342.0,335.0,266.0,0.0,238.0,321.0,427.0,358.0,358.0,251.0,259.0,346.0,273.0,318.0,252.0,270.0,271.0,253.0,284.0,317.0,371.0,366.0,287.0,249.0,241.0,288.0,338.0,321.0,356.0,265.0,257.0,253.0,290.0,306.0,346.0,390.0,285.0,263.0,256.0,283.0,338.0,270.0,364.0,271.0,253.0,272.0,281.0,318.0,384.0,355.0,408.0,283.0,284.0,299.0,275.0,366.0,424.0,293.0,229.0,301.0,305.0,411.0,283.0,410.0,274.0,277.0,260.0,316.0,312.0,394.0,351.0,333.0,294.0,34.0,277.0,369.0,418.0,357.0,319.0,215.0,268.0,288.0,319.0,371.0,386.0,365.0,185.0,314.0,323.0,263.0,362.0,357.0,277.0,273.0,284.0,287.0,336.0,376.0,379.0,331.0,265.0,255.0,307.0,345.0,359.0,385.0,277.0,285.0,277.0,330.0,352.0,389.0,234.0,284.0,293.0,282.0,310.0,325.0,330.0,377.0,281.0,285.0,318.0,262.0,308.0,339.0,370.0,290.0,271.0,263.0,262.0,304.0,354.0,425.0,279.0,269.0,253.0,288.0,340.0,282.0,409.0,291.0,249.0,208.0,289.0,292.0,318.0,339.0,406.0,275.0,271.0,253.0,244.0,349.0,370.0,269.0,271.0,211.0,257.0,224.0,335.0,411.0,278.0,263.0,242.0,280.0,285.0,403.0,390.0,270.0,239.0,224.0,282.0,215.0,288.0,387.0,278.0,257.0,274.0,269.0,303.0,256.0,334.0,341.0,275.0,268.0,288.0,321.0,366.0,417.0,271.0,222.0,230.0,283.0,282.0,321.0,293.0,249.0,270.0,240.0,301.0,263.0,287.0,416.0,274.0,309.0,248.0,262.0,241.0,324.0,382.0,274.0,272.0,252.0,297.0,333.0,322.0,364.0,248.0,271.0,256.0,261.0,285.0,343.0,386.0,296.0,294.0,354.0,339.0,379.0,387.0,304.0,226.0,247.0,311.0,247.0,321.0,274.0,345.0,208.0,281.0,219.0,271.0,303.0,300.0,374.0,317.0,267.0,258.0,276.0,308.0,426.0,362.0,308.0,299.0,307.0,302.0,312.0,391.0,362.0,325.0,369.0,384.0,357.0,374.0,378.0,289.0
336.0,287.0,256.0,242.0,318.0,265.0,266.0,259.0,330.0,227.0,292.0,270.0,296.0,330.0,405.0,361.0,232.0,178.0,212.0,243.0,317.0,247.0,198.0,213.0,253.0,192.0,0.0,363.0,319.0,271.0,292.0,261.0,236.0,281.0,334.0,403.0,268.0,315.0,240.0,233.0,288.0,367.0,359.0,257.0,276.0,258.0,263.0,348.0,310.0,329.0,256.0,285.0,237.0,209.0,0.0,196.0,197.0,273.0,254.0,263.0,280.0,266.0,354.0,299.0,279.0,271.0,271.0,298.0,279.0,283.0,393.0,264.0,261.0,304.0,289.0,343.0,309.0,304.0,276.0,203.0,270.0,265.0,375.0,377.0,386.0,279.0,235.0,317.0,282.0,355.0,424.0,388.0,314.0,262.0,277.0,298.0,266.0,338.0,390.0,317.0,297.0,0.0,278.0,361.0,381.0,350.0,344.0,187.0,283.0,365.0,316.0,423.0,297.0,212.0,227.0,301.0,240.0,323.0,263.0,323.0,273.0,265.0,273.0,264.0,260.0,310.0,362.0,311.0,265.0,278.0,286.0,347.0,338.0,365.0,322.0,279.0,274.0,200.0,341.0,342.0,377.0,297.0,270.0,286.0,303.0,335.0,393.0,383.0,286.0,308.0,320.0,251.0,232.0,430.0,402.0,284.0,287.0,315.0,275.0,339.0,342.0,400.0,297.0,301.0,280.0,317.0,322.0,361.0,381.0,291.0,304.0,26.0,302.0,305.0,406.0,358.0,359.0,259.0,309.0,332.0,340.0,329.0,365.0,360.0,263.0,278.0,254.0,318.0,360.0,359.0,321.0,310.0,271.0,302.0,354.0,397.0,397.0,233.0,288.0,286.0,251.0,314.0,349.0,392.0,309.0,266.0,400.0,280.0,383.0,322.0,273.0,288.0,305.0,289.0,304.0,303.0,387.0,361.0,311.0,323.0,305.0,270.0,312.0,375.0,368.0,322.0,291.0,281.0,373.0,301.0,365.0,357.0,282.0,214.0,278.0,288.0,277.0,345.0,412.0,226.0,230.0,295.0,304.0,326.0,346.0,337.0,344.0,300.0,311.0,254.0,305.0,396.0,339.0,293.0,250.0,249.0,290.0,227.0,371.0,357.0,259.0,272.0,271.0,254.0,314.0,388.0,402.0,228.0,255.0,230.0,259.0,292.0,370.0,325.0,270.0,260.0,302.0,243.0,315.0,421.0,351.0,312.0,321.0,311.0,236.0,255.0,385.0,378.0,293.0,296.0,173.0,311.0,358.0,320.0,300.0,276.0,280.0,235.0,268.0,297.0,322.0,334.0,357.0,263.0,262.0,280.0,324.0,341.0,351.0,303.0,286.0,262.0,278.0,336.0,319.0,408.0,247.0,248.0,260.0,235.0,290.0,359.0,369.0,292.0,329.0,336.0,340.0,291.0,434.0,249.0,255.0,261.0,273.0,207.0,346.0,323.0,359.0,252.0,260.0,277.0,321.0,303.0,381.0,402.0,273.0,265.0,284.0,311.0,322.0,358.0,400.0,288.0,269.0,350.0,316.0,336.0,401.0,308.0,279.0,432.0,367.0,351.0,402.0,377.0,345.0
344.0,304.0,217.0,304.0,260.0,280.0,239.0,267.0,233.0,212.0,264.0,222.0,304.0,372.0,343.0,358.0,275.0,266.0,244.0,262.0,368.0,250.0,260.0,231.0,259.0,259.0,167.0,368.0,266.0,274.0,286.0,234.0,267.0,266.0,354.0,349.0,270.0,282.0,305.0,271.0,237.0,337.0,369.0,301.0,284.0,315.0,275.0,225.0,341.0,373.0,279.0,279.0,139.0,147.0,0.0,284.0,192.0,312.0,264.0,295.0,286.0,338.0,318.0,378.0,291.0,256.0,254.0,274.0,336.0,308.0,323.0,308.0,225.0,289.0,316.0,297.0,406.0,450.0,282.0,262.0,280.0,328.0,341.0,404.0,407.0,307.0,260.0,315.0,280.0,373.0,332.0,396.0,270.0,280.0,257.0,281.0,372.0,343.0,406.0,283.0,269.0,0.0,317.0,343.0,356.0,331.0,317.0,300.0,271.0,352.0,297.0,429.0,270.0,285.0,303.0,262.0,271.0,312.0,355.0,367.0,302.0,257.0,306.0,269.0,317.0,346.0,356.0,271.0,284.0,327.0,308.0,272.0,371.0,413.0,244.0,286.0,300.0,314.0,344.0,381.0,318.0,309.0,300.0,259.0,331.0,320.0,363.0,425.0,372.0,271.0,323.0,211.0,305.0,429.0,440.0,292.0,294.0,283.0,277.0,331.0,346.0,407.0,330.0,308.0,307.0,337.0,329.0,400.0,412.0,352.0,288.0,56.0,266.0,331.0,380.0,439.0,296.0,270.0,312.0,345.0,238.0,376.0,344.0,339.0,290.0,350.0,309.0,370.0,381.0,392.0,276.0,311.0,288.0,290.0,317.0,358.0,368.0,295.0,297.0,286.0,337.0,320.0,402.0,430.0,289.0,324.0,383.0,291.0,352.0,309.0,235.0,326.0,320.0,280.0,257.0,308.0,411.0,403.0,307.0,311.0,266.0,293.0,339.0,405.0,368.0,286.0,271.0,293.0,285.0,304.0,379.0,370.0,311.0,294.0,280.0,260.0,262.0,367.0,321.0,249.0,277.0,271.0,263.0,284.0,362.0,268.0,394.0,253.0,264.0,286.0,284.0,364.0,376.0,268.0,296.0,269.0,333.0,221.0,380.0,402.0,314.0,266.0,223.0,298.0,270.0,388.0,383.0,330.0,248.0,217.0,205.0,329.0,419.0,370.0,280.0,269.0,241.0,306.0,327.0,432.0,354.0,339.0,298.0,278.0,322.0,317.0,378.0,360.0,289.0,293.0,265.0,287.0,312.0,340.0,290.0,288.0,239.0,273.0,259.0,317.0,281.0,402.0,320.0,312.0,257.0,277.0,244.0,333.0,355.0,311.0,297.0,265.0,258.0,274.0,361.0,350.0,264.0,282.0,266.0,259.0,279.0,375.0,391.0,295.0,390.0,290.0,356.0,390.0,438.0,252.0,289.0,266.0,261.0,278.0,328.0,330.0,383.0,244.0,260.0,248.0,242.0,320.0,373.0,349.0,304.0,236.0,248.0,327.0,334.0,368.0,366.0,292.0,277.0,232.0,331.0,347.0,375.0,252.0,349.0,391.0,401.0,333.0,394.0,442.0,290.0
351.0,285.0,263.0,206.0,287.0,268.0,269.0,289.0,325.0,200.0,258.0,251.0,255.0,333.0,323.0,418.0,275.0,227.0,220.0,270.0,275.0,279.0,210.0,228.0,273.0,290.0,269.0,369.0,332.0,292.0,272.0,255.0,244.0,259.0,323.0,358.0,235.0,282.0,235.0,257.0,306.0,335.0,389.0,327.0,295.0,229.0,289.0,301.0,281.0,395.0,263.0,273.0,169.0,171.0,0.0,202.0,311.0,269.0,282.0,273.0,261.0,322.0,338.0,343.0,211.0,229.0,226.0,301.0,303.0,349.0,360.0,302.0,240.0,245.0,287.0,322.0,399.0,355.0,314.0,251.0,237.0,324.0,327.0,352.0,348.0,303.0,321.0,307.0,315.0,312.0,334.0,397.0,251.0,283.0,267.0,314.0,319.0,400.0,386.0,318.0,273.0,0.0,296.0,369.0,331.0,362.0,323.0,286.0,278.0,332.0,312.0,390.0,227.0,309.0,292.0,273.0,304.0,368.0,361.0,429.0,257.0,225.0,285.0,281.0,312.0,446.0,345.0,343.0,302.0,276.0,297.0,304.0,285.0,403.0,285.0,287.0,278.0,281.0,313.0,309.0,337.0,269.0,314.0,288.0,290.0,307.0,466.0,356.0,407.0,287.0,282.0,283.0,382.0,407.0,418.0,360.0,265.0,274.0,289.0,369.0,371.0,454.0,227.0,280.0,278.0,311.0,335.0,293.0,409.0,322.0,296.0,0.0,303.0,378.0,424.0,416.0,270.0,233.0,272.0,331.0,314.0,394.0,396.0,356.0,348.0,312.0,247.0,343.0,364.0,371.0,271.0,309.0,282.0,318.0,328.0,395.0,406.0,284.0,306.0,193.0,330.0,342.0,350.0,377.0,329.0,244.0,275.0,291.0,373.0,353.0,267.0,345.0,330.0,337.0,313.0,336.0,372.0,420.0,292.0,294.0,342.0,328.0,305.0,341.0,371.0,321.0,293.0,297.0,273.0,306.0,396.0,426.0,284.0,283.0,285.0,306.0,243.0,300.0,379.0,271.0,260.0,294.0,261.0,335.0,339.0,342.0,384.0,255.0,261.0,301.0,319.0,383.0,411.0,263.0,254.0,266.0,267.0,226.0,360.0,389.0,226.0,259.0,264.0,347.0,315.0,386.0,431.0,244.0,240.0,224.0,172.0,313.0,387.0,346.0,211.0,261.0,292.0,271.0,292.0,417.0,431.0,325.0,287.0,272.0,290.0,320.0,350.0,230.0,293.0,263.0,332.0,282.0,285.0,256.0,324.0,295.0,252.0,257.0,290.0,284.0,336.0,384.0,356.0,195.0,313.0,326.0,337.0,370.0,348.0,314.0,257.0,294.0,298.0,327.0,340.0,410.0,311.0,317.0,299.0,234.0,320.0,391.0,293.0,338.0,270.0,310.0,346.0,355.0,410.0,305.0,330.0,227.0,235.0,217.0,286.0,350.0,390.0,221.0,294.0,290.0,58.0,337.0,394.0,344.0,325.0,209.0,299.0,349.0,321.0,354.0,417.0,294.0,314.0,268.0,300.0,400.0,332.0,333.0,344.0,396.0,382.0,392.0,378.0,430.0,368.0
361.0,292.0,234.0,270.0,290.0,275.0,335.0,244.0,319.0,232.0,251.0,247.0,295.0,384.0,322.0,366.0,254.0,226.0,207.0,251.0,330.0,276.0,168.0,223.0,215.0,316.0,285.0,385.0,291.0,265.0,319.0,266.0,219.0,298.0,310.0,340.0,260.0,270.0,251.0,282.0,341.0,371.0,396.0,308.0,305.0,293.0,240.0,344.0,389.0,352.0,263.0,282.0,230.0,204.0,0.0,200.0,235.0,329.0,271.0,236.0,286.0,316.0,349.0,367.0,230.0,201.0,248.0,277.0,331.0,325.0,333.0,327.0,242.0,242.0,288.0,300.0,363.0,373.0,274.0,286.0,295.0,277.0,352.0,400.0,329.0,307.0,257.0,279.0,338.0,322.0,340.0,410.0,305.0,274.0,265.0,284.0,275.0,367.0,361.0,310.0,243.0,0.0,276.0,345.0,246.0,379.0,281.0,244.0,295.0,381.0,249.0,408.0,246.0,246.0,331.0,284.0,284.0,343.0,360.0,310.0,274.0,254.0,234.0,298.0,254.0,391.0,396.0,290.0,272.0,248.0,300.0,359.0,386.0,412.0,354.0,250.0,249.0,176.0,327.0,368.0,390.0,308.0,269.0,284.0,309.0,340.0,372.0,348.0,382.0,313.0,290.0,308.0,316.0,412.0,391.0,312.0,317.0,285.0,305.0,331.0,322.0,370.0,292.0,314.0,274.0,345.0,311.0,382.0,411.0,291.0,291.0,22.0,269.0,322.0,339.0,401.0,273.0,234.0,325.0,370.0,339.0,378.0,434.0,375.0,346.0,369.0,253.0,344.0,361.0,382.0,252.0,255.0,282.0,276.0,368.0,374.0,348.0,318.0,322.0,179.0,271.0,384.0,370.0,403.0,306.0,267.0,304.0,339.0,311.0,374.0,298.0,314.0,284.0,298.0,296.0,362.0,343.0,426.0,317.0,300.0,251.0,305.0,199.0,358.0,402.0,304.0,285.0,281.0,307.0,227.0,397.0,421.0,268.0,318.0,246.0,289.0,243.0,413.0,404.0,257.0,284.0,223.0,308.0,347.0,321.0,334.0,384.0,289.0,276.0,353.0,312.0,337.0,372.0,270.0,288.0,228.0,267.0,251.0,392.0,377.0,273.0,256.0,272.0,323.0,303.0,353.0,415.0,260.0,292.0,201.0,309.0,304.0,433.0,358.0,228.0,268.0,314.0,297.0,306.0,375.0,366.0,349.0,279.0,289.0,237.0,306.0,339.0,344.0,293.0,248.0,244.0,324.0,288.0,312.0,265.0,252.0,246.0,275.0,305.0,308.0,338.0,400.0,354.0,298.0,276.0,327.0,270.0,357.0,353.0,312.0,265.0,257.0,257.0,383.0,362.0,437.0,253.0,281.0,271.0,268.0,217.0,419.0,341.0,312.0,286.0,329.0,267.0,372.0,389.0,340.0,338.0,233.0,243.0,277.0,322.0,313.0,378.0,290.0,195.0,277.0,381.0,316.0,420.0,340.0,268.0,390.0,291.0,295.0,323.0,421.0,376.0,267.0,279.0,255.0,318.0,357.0,328.0,344.0,345.0,460.0,369.0,354.0,344.0,319.0,411.0
346.0,305.0,244.0,243.0,299.0,261.0,269.0,258.0,300.0,230.0,204.0,228.0,261.0,327.0,330.0,353.0,291.0,242.0,232.0,241.0,308.0,280.0,273.0,210.0,221.0,281.0,319.0,344.0,314.0,237.0,290.0,233.0,217.0,251.0,324.0,321.0,252.0,265.0,226.0,235.0,312.0,297.0,413.0,245.0,300.0,296.0,246.0,329.0,373.0,384.0,248.0,275.0,96.0,171.0,0.0,244.0,146.0,271.0,252.0,222.0,296.0,279.0,385.0,401.0,271.0,266.0,266.0,221.0,309.0,291.0,381.0,280.0,274.0,281.0,303.0,272.0,395.0,392.0,342.0,271.0,233.0,350.0,295.0,310.0,447.0,300.0,295.0,294.0,270.0,303.0,344.0,378.0,307.0,259.0,281.0,284.0,305.0,378.0,400.0,288.0,297.0,0.0,317.0,332.0,290.0,365.0,334.0,261.0,221.0,361.0,325.0,341.0,255.0,273.0,292.0,283.0,301.0,326.0,311.0,432.0,290.0,268.0,246.0,297.0,280.0,408.0,382.0,293.0,289.0,244.0,308.0,375.0,441.0,425.0,322.0,251.0,236.0,253.0,383.0,399.0,409.0,303.0,301.0,288.0,284.0,314.0,400.0,318.0,372.0,305.0,296.0,283.0,278.0,421.0,411.0,285.0,280.0,268.0,266.0,317.0,256.0,428.0,337.0,266.0,212.0,308.0,285.0,414.0,388.0,278.0,304.0,0.0,235.0,386.0,391.0,384.0,264.0,305.0,287.0,286.0,330.0,387.0,355.0,377.0,274.0,358.0,331.0,310.0,336.0,386.0,267.0,271.0,316.0,324.0,344.0,366.0,363.0,310.0,331.0,184.0,281.0,281.0,326.0,380.0,330.0,276.0,295.0,307.0,375.0,310.0,237.0,322.0,284.0,282.0,331.0,379.0,403.0,360.0,301.0,286.0,315.0,285.0,341.0,397.0,403.0,327.0,290.0,266.0,313.0,271.0,421.0,357.0,275.0,313.0,269.0,302.0,307.0,387.0,398.0,268.0,247.0,230.0,300.0,328.0,342.0,343.0,415.0,211.0,264.0,337.0,320.0,330.0,383.0,282.0,270.0,257.0,319.0,253.0,382.0,393.0,277.0,243.0,255.0,328.0,294.0,405.0,388.0,277.0,258.0,231.0,269.0,341.0,376.0,339.0,186.0,277.0,265.0,228.0,296.0,417.0,360.0,279.0,281.0,273.0,271.0,365.0,369.0,366.0,256.0,289.0,304.0,210.0,288.0,337.0,241.0,266.0,222.0,270.0,280.0,290.0,377.0,317.0,316.0,238.0,288.0,292.0,288.0,297.0,339.0,273.0,255.0,295.0,306.0,373.0,381.0,415.0,276.0,260.0,282.0,260.0,214.0,392.0,385.0,331.0,291.0,346.0,332.0,327.0,369.0,265.0,310.0,275.0,284.0,277.0,320.0,345.0,327.0,270.0,283.0,293.0,396.0,312.0,324.0,336.0,270.0,282.0,234.0,324.0,328.0,415.0,350.0,289.0,336.0,303.0,342.0,322.0,375.0,349.0,309.0,418.0,348.0,370.0,339.0,419.0,345.0
370.0,258.0,211.0,280.0,236.0,253.0,268.0,200.0,285.0,253.0,193.0,187.0,268.0,322.0,286.0,381.0,204.0,259.0,200.0,267.0,370.0,138.0,207.0,265.0,233.0,246.0,290.0,392.0,393.0,237.0,285.0,277.0,267.0,260.0,304.0,382.0,196.0,252.0,310.0,260.0,242.0,371.0,349.0,270.0,258.0,306.0,262.0,336.0,383.0,371.0,223.0,268.0,204.0,241.0,0.0,241.0,284.0,253.0,268.0,263.0,261.0,299.0,315.0,347.0,277.0,234.0,259.0,301.0,280.0,262.0,345.0,307.0,298.0,259.0,283.0,266.0,347.0,344.0,249.0,292.0,240.0,371.0,264.0,367.0,370.0,289.0,257.0,297.0,327.0,219.0,377.0,386.0,252.0,280.0,293.0,339.0,238.0,356.0,405.0,339.0,329.0,0.0,255.0,290.0,322.0,370.0,278.0,299.0,279.0,334.0,343.0,406.0,272.0,250.0,271.0,291.0,297.0,313.0,376.0,380.0,291.0,238.0,268.0,285.0,315.0,422.0,422.0,235.0,269.0,263.0,275.0,306.0,368.0,415.0,305.0,269.0,264.0,296.0,354.0,361.0,340.0,266.0,233.0,268.0,349.0,314.0,381.0,335.0,376.0,267.0,284.0,276.0,297.0,367.0,321.0,233.0,266.0,312.0,236.0,322.0,284.0,427.0,270.0,275.0,306.0,306.0,364.0,397.0,300.0,273.0,294.0,0.0,291.0,355.0,405.0,416.0,261.0,328.0,321.0,293.0,343.0,412.0,434.0,330.0,349.0,283.0,278.0,335.0,365.0,411.0,301.0,248.0,183.0,306.0,353.0,364.0,389.0,291.0,259.0,228.0,311.0,350.0,395.0,391.0,305.0,302.0,325.0,322.0,398.0,427.0,242.0,288.0,282.0,304.0,321.0,316.0,366.0,377.0,333.0,322.0,304.0,301.0,359.0,407.0,346.0,283.0,272.0,297.0,307.0,320.0,419.0,366.0,300.0,253.0,251.0,284.0,297.0,385.0,398.0,236.0,234.0,263.0,329.0,314.0,383.0,380.0,400.0,253.0,261.0,324.0,321.0,315.0,370.0,247.0,250.0,273.0,302.0,233.0,380.0,356.0,264.0,288.0,253.0,334.0,372.0,312.0,418.0,309.0,284.0,248.0,222.0,317.0,350.0,367.0,206.0,304.0,281.0,270.0,329.0,357.0,338.0,366.0,211.0,305.0,306.0,270.0,374.0,364.0,302.0,258.0,255.0,321.0,299.0,351.0,247.0,315.0,282.0,280.0,232.0,252.0,375.0,404.0,302.0,267.0,289.0,270.0,273.0,358.0,349.0,313.0,261.0,263.0,272.0,336.0,390.0,392.0,262.0,257.0,256.0,264.0,304.0,337.0,371.0,255.0,375.0,382.0,354.0,290.0,394.0,286.0,341.0,241.0,269.0,293.0,311.0,375.0,316.0,232.0,247.0,274.0,390.0,294.0,343.0,328.0,323.0,267.0,264.0,353.0,359.0,288.0,357.0,300.0,269.0,276.0,301.0,371.0,338.0,306.0,330.0,321.0,360.0,328.0,398.0,447.0,339.0
346.0,257.0,215.0,276.0,270.0,334.0,291.0,280.0,233.0,249.0,240.0,255.0,324.0,383.0,310.0,370.0,218.0,218.0,284.0,250.0,311.0,310.0,234.0,223.0,236.0,297.0,276.0,270.0,418.0,295.0,216.0,260.0,241.0,356.0,355.0,374.0,273.0,316.0,281.0,239.0,285.0,387.0,330.0,301.0,236.0,300.0,314.0,266.0,364.0,411.0,280.0,234.0,199.0,138.0,0.0,187.0,210.0,300.0,266.0,290.0,279.0,326.0,370.0,379.0,236.0,267.0,282.0,221.0,314.0,373.0,392.0,299.0,241.0,295.0,261.0,306.0,380.0,408.0,246.0,222.0,309.0,339.0,286.0,367.0,408.0,257.0,261.0,251.0,260.0,305.0,370.0,302.0,295.0,299.0,297.0,267.0,281.0,330.0,356.0,319.0,324.0,0.0,304.0,369.0,240.0,396.0,304.0,285.0,325.0,347.0,272.0,354.0,231.0,330.0,323.0,304.0,223.0,303.0,382.0,351.0,248.0,282.0,286.0,249.0,314.0,390.0,390.0,236.0,286.0,307.0,306.0,268.0,397.0,361.0,308.0,296.0,302.0,255.0,339.0,388.0,334.0,291.0,263.0,311.0,299.0,335.0,392.0,320.0,347.0,332.0,289.0,266.0,321.0,395.0,423.0,265.0,290.0,276.0,293.0,309.0,330.0,393.0,316.0,277.0,257.0,394.0,322.0,411.0,398.0,347.0,292.0,0.0,305.0,331.0,395.0,372.0,240.0,318.0,286.0,304.0,347.0,430.0,380.0,413.0,296.0,324.0,312.0,333.0,371.0,356.0,251.0,286.0,282.0,300.0,353.0,355.0,221.0,292.0,295.0,194.0,317.0,232.0,388.0,337.0,259.0,286.0,230.0,260.0,345.0,379.0,282.0,335.0,284.0,292.0,314.0,346.0,319.0,412.0,327.0,335.0,268.0,328.0,251.0,338.0,392.0,319.0,289.0,299.0,301.0,292.0,387.0,336.0,282.0,274.0,278.0,303.0,277.0,398.0,418.0,301.0,251.0,270.0,320.0,315.0,361.0,334.0,368.0,267.0,244.0,274.0,285.0,413.0,313.0,303.0,252.0,280.0,311.0,230.0,284.0,398.0,289.0,288.0,272.0,353.0,324.0,371.0,376.0,272.0,256.0,226.0,272.0,285.0,360.0,356.0,265.0,216.0,281.0,276.0,346.0,398.0,323.0,290.0,266.0,306.0,277.0,262.0,355.0,338.0,249.0,311.0,232.0,301.0,349.0,319.0,308.0,321.0,195.0,225.0,296.0,277.0,362.0,375.0,317.0,248.0,254.0,272.0,281.0,296.0,328.0,302.0,258.0,272.0,315.0,257.0,382.0,360.0,283.0,277.0,246.0,278.0,288.0,364.0,330.0,244.0,374.0,347.0,308.0,400.0,302.0,216.0,308.0,272.0,273.0,301.0,316.0,337.0,350.0,289.0,242.0,265.0,331.0,311.0,375.0,366.0,244.0,299.0,236.0,315.0,267.0,375.0,346.0,290.0,280.0,332.0,350.0,372.0,391.0,281.0,303.0,394.0,385.0,337.0,372.0,436.0,328.0
313.0,299.0,290.0,291.0,300.0,300.0,266.0,251.0,303.0,210.0,209.0,268.0,322.0,309.0,311.0,334.0,280.0,213.0,264.0,232.0,302.0,174.0,279.0,262.0,256.0,288.0,336.0,410.0,423.0,265.0,252.0,292.0,228.0,343.0,267.0,342.0,238.0,249.0,291.0,273.0,325.0,373.0,379.0,266.0,294.0,288.0,301.0,260.0,385.0,241.0,263.0,262.0,204.0,158.0,0.0,212.0,136.0,282.0,272.0,246.0,238.0,312.0,344.0,417.0,247.0,239.0,284.0,245.0,285.0,292.0,360.0,246.0,219.0,310.0,320.0,324.0,343.0,401.0,317.0,259.0,312.0,341.0,345.0,356.0,398.0,269.0,283.0,259.0,233.0,350.0,332.0,426.0,234.0,235.0,294.0,287.0,281.0,382.0,294.0,305.0,293.0,0.0,355.0,371.0,296.0,333.0,310.0,274.0,301.0,314.0,371.0,376.0,268.0,362.0,303.0,294.0,275.0,336.0,355.0,370.0,284.0,262.0,266.0,271.0,270.0,370.0,427.0,260.0,236.0,281.0,279.0,310.0,362.0,276.0,296.0,329.0,269.0,297.0,300.0,397.0,368.0,283.0,280.0,235.0,333.0,314.0,377.0,338.0,264.0,334.0,288.0,333.0,293.0,390.0,388.0,289.0,285.0,312.0,277.0,343.0,367.0,381.0,302.0,270.0,305.0,279.0,321.0,429.0,372.0,241.0,314.0,0.0,276.0,317.0,365.0,373.0,271.0,338.0,313.0,390.0,311.0,428.0,400.0,316.0,330.0,383.0,292.0,306.0,392.0,388.0,277.0,224.0,303.0,287.0,353.0,365.0,330.0,332.0,280.0,182.0,304.0,271.0,362.0,356.0,320.0,316.0,295.0,310.0,403.0,355.0,172.0,285.0,305.0,287.0,354.0,359.0,381.0,385.0,244.0,284.0,273.0,316.0,357.0,390.0,309.0,314.0,316.0,321.0,312.0,343.0,402.0,376.0,292.0,276.0,281.0,276.0,303.0,359.0,395.0,290.0,243.0,333.0,329.0,336.0,286.0,341.0,376.0,285.0,283.0,306.0,335.0,351.0,237.0,254.0,248.0,297.0,266.0,257.0,350.0,368.0,302.0,254.0,320.0,331.0,329.0,401.0,371.0,286.0,295.0,276.0,305.0,327.0,383.0,343.0,287.0,230.0,292.0,318.0,350.0,374.0,350.0,349.0,260.0,243.0,301.0,327.0,400.0,397.0,300.0,282.0,285.0,308.0,332.0,390.0,332.0,270.0,281.0,301.0,318.0,299.0,346.0,382.0,271.0,253.0,254.0,282.0,337.0,279.0,372.0,291.0,270.0,311.0,295.0,323.0,305.0,400.0,285.0,296.0,309.0,254.0,307.0,384.0,352.0,318.0,327.0,406.0,295.0,316.0,366.0,222.0,296.0,287.0,307.0,290.0,372.0,350.0,352.0,265.0,214.0,292.0,310.0,351.0,317.0,336.0,306.0,323.0,222.0,299.0,304.0,376.0,348.0,276.0,322.0,308.0,286.0,400.0,375.0,350.0,302.0,398.0,366.0,400.0,332.0,394.0,296.0
359.0,319.0,252.0,282.0,271.0,272.0,280.0,216.0,240.0,235.0,248.0,280.0,294.0,319.0,371.0,360.0,264.0,194.0,235.0,248.0,308.0,332.0,213.0,224.0,277.0,287.0,316.0,338.0,313.0,237.0,299.0,227.0,246.0,298.0,300.0,366.0,280.0,305.0,264.0,279.0,149.0,383.0,409.0,263.0,285.0,314.0,314.0,302.0,372.0,368.0,249.0,290.0,257.0,195.0,0.0,191.0,79.0,221.0,265.0,262.0,303.0,300.0,392.0,312.0,283.0,273.0,301.0,288.0,252.0,234.0,320.0,291.0,292.0,263.0,284.0,321.0,364.0,397.0,287.0,252.0,253.0,376.0,334.0,343.0,382.0,316.0,292.0,256.0,256.0,315.0,387.0,394.0,294.0,304.0,254.0,358.0,337.0,335.0,419.0,305.0,290.0,0.0,289.0,352.0,268.0,371.0,337.0,240.0,356.0,313.0,327.0,409.0,239.0,336.0,294.0,293.0,253.0,344.0,351.0,383.0,254.0,195.0,232.0,213.0,377.0,424.0,400.0,280.0,273.0,296.0,288.0,288.0,285.0,401.0,289.0,302.0,320.0,290.0,353.0,422.0,348.0,258.0,254.0,244.0,319.0,347.0,400.0,434.0,287.0,307.0,301.0,293.0,290.0,415.0,390.0,267.0,266.0,271.0,282.0,354.0,372.0,411.0,287.0,259.0,254.0,290.0,340.0,415.0,385.0,241.0,275.0,0.0,279.0,317.0,349.0,351.0,297.0,304.0,311.0,321.0,368.0,320.0,328.0,343.0,292.0,365.0,244.0,323.0,277.0,387.0,299.0,282.0,250.0,320.0,333.0,320.0,408.0,308.0,288.0,173.0,334.0,232.0,356.0,337.0,272.0,329.0,281.0,308.0,342.0,422.0,251.0,347.0,307.0,287.0,322.0,330.0,368.0,410.0,288.0,276.0,277.0,345.0,363.0,390.0,397.0,227.0,291.0,266.0,314.0,354.0,370.0,389.0,266.0,279.0,298.0,205.0,306.0,378.0,368.0,274.0,211.0,246.0,287.0,333.0,316.0,369.0,349.0,259.0,207.0,295.0,370.0,289.0,208.0,284.0,245.0,258.0,298.0,286.0,333.0,377.0,273.0,277.0,278.0,310.0,309.0,325.0,392.0,302.0,255.0,235.0,231.0,337.0,382.0,367.0,258.0,313.0,247.0,295.0,335.0,324.0,380.0,294.0,250.0,266.0,312.0,284.0,403.0,387.0,315.0,294.0,277.0,305.0,320.0,428.0,265.0,275.0,241.0,294.0,273.0,358.0,393.0,412.0,273.0,254.0,258.0,310.0,300.0,356.0,367.0,289.0,258.0,281.0,275.0,283.0,359.0,411.0,261.0,254.0,264.0,290.0,258.0,345.0,390.0,309.0,378.0,318.0,290.0,332.0,405.0,255.0,318.0,234.0,256.0,253.0,361.0,370.0,370.0,297.0,224.0,263.0,275.0,299.0,363.0,404.0,321.0,229.0,323.0,279.0,363.0,388.0,365.0,305.0,313.0,323.0,302.0,319.0,360.0,266.0,257.0,343.0,372.0,385.0,388.0,316.0,346.0
323.0,312.0,261.0,294.0,285.0,275.0,256.0,290.0,292.0,184.0,206.0,232.0,274.0,354.0,302.0,388.0,227.0,215.0,237.0,213.0,323.0,222.0,234.0,247.0,211.0,253.0,319.0,378.0,350.0,276.0,274.0,231.0,267.0,282.0,336.0,356.0,196.0,215.0,244.0,267.0,285.0,315.0,367.0,316.0,279.0,281.0,262.0,346.0,297.0,339.0,256.0,254.0,174.0,200.0,0.0,297.0,330.0,282.0,255.0,201.0,261.0,282.0,287.0,387.0,258.0,250.0,238.0,271.0,334.0,288.0,403.0,267.0,307.0,246.0,239.0,323.0,344.0,330.0,280.0,254.0,202.0,344.0,356.0,425.0,315.0,311.0,274.0,282.0,173.0,325.0,406.0,390.0,333.0,264.0,277.0,265.0,273.0,365.0,348.0,256.0,294.0,0.0,284.0,400.0,181.0,360.0,329.0,240.0,370.0,350.0,324.0,364.0,246.0,320.0,255.0,286.0,255.0,336.0,372.0,378.0,267.0,266.0,277.0,285.0,254.0,332.0,400.0,278.0,266.0,231.0,272.0,353.0,410.0,354.0,264.0,266.0,325.0,170.0,369.0,326.0,342.0,270.0,260.0,253.0,319.0,328.0,386.0,397.0,382.0,311.0,293.0,291.0,310.0,441.0,379.0,244.0,291.0,251.0,301.0,341.0,362.0,423.0,209.0,291.0,310.0,338.0,323.0,411.0,341.0,332.0,284.0,183.0,301.0,336.0,370.0,391.0,310.0,326.0,251.0,326.0,347.0,423.0,365.0,368.0,300.0,272.0,257.0,328.0,388.0,390.0,243.0,233.0,264.0,299.0,349.0,338.0,378.0,307.0,275.0,199.0,280.0,243.0,383.0,402.0,271.0,315.0,255.0,308.0,350.0,377.0,246.0,315.0,285.0,294.0,308.0,322.0,264.0,375.0,305.0,307.0,302.0,282.0,338.0,390.0,354.0,242.0,247.0,263.0,308.0,365.0,374.0,370.0,255.0,291.0,260.0,288.0,305.0,343.0,397.0,276.0,321.0,242.0,325.0,302.0,326.0,275.0,442.0,242.0,247.0,245.0,303.0,371.0,231.0,259.0,277.0,223.0,283.0,356.0,396.0,386.0,263.0,220.0,271.0,332.0,361.0,377.0,394.0,283.0,263.0,266.0,227.0,253.0,423.0,390.0,257.0,255.0,253.0,304.0,280.0,447.0,329.0,323.0,237.0,240.0,294.0,248.0,360.0,413.0,284.0,269.0,296.0,271.0,335.0,376.0,312.0,247.0,242.0,307.0,251.0,298.0,323.0,387.0,303.0,262.0,267.0,257.0,290.0,327.0,366.0,294.0,252.0,250.0,287.0,336.0,321.0,399.0,288.0,244.0,258.0,252.0,337.0,365.0,374.0,286.0,314.0,320.0,323.0,403.0,313.0,314.0,298.0,242.0,256.0,258.0,307.0,366.0,345.0,242.0,263.0,267.0,264.0,307.0,392.0,391.0,248.0,285.0,300.0,287.0,341.0,379.0,377.0,307.0,283.0,284.0,341.0,342.0,385.0,317.0,330.0,319.0,392.0,406.0,334.0,428.0,285.0
363.0,289.0,213.0,240.0,221.0,298.0,245.0,277.0,269.0,247.0,276.0,288.0,297.0,341.0,226.0,379.0,271.0,248.0,221.0,283.0,316.0,242.0,205.0,202.0,261.0,288.0,288.0,352.0,387.0,228.0,265.0,274.0,221.0,269.0,266.0,337.0,253.0,262.0,256.0,276.0,317.0,353.0,405.0,237.0,298.0,268.0,267.0,262.0,280.0,418.0,232.0,265.0,147.0,153.0,0.0,274.0,153.0,248.0,218.0,331.0,275.0,350.0,310.0,318.0,266.0,239.0,287.0,260.0,350.0,275.0,381.0,260.0,255.0,271.0,244.0,331.0,395.0,414.0,271.0,222.0,250.0,359.0,347.0,312.0,396.0,319.0,208.0,250.0,208.0,327.0,367.0,350.0,275.0,240.0,217.0,240.0,322.0,361.0,396.0,341.0,281.0,0.0,314.0,337.0,195.0,266.0,264.0,276.0,302.0,307.0,314.0,380.0,304.0,368.0,275.0,259.0,287.0,326.0,295.0,384.0,268.0,235.0,255.0,274.0,325.0,332.0,379.0,208.0,281.0,266.0,257.0,255.0,348.0,364.0,297.0,284.0,284.0,297.0,253.0,345.0,328.0,266.0,259.0,307.0,320.0,312.0,336.0,367.0,362.0,312.0,256.0,313.0,351.0,416.0,389.0,306.0,270.0,237.0,307.0,329.0,315.0,393.0,309.0,294.0,263.0,302.0,312.0,324.0,384.0,331.0,302.0,287.0,289.0,335.0,317.0,357.0,331.0,318.0,317.0,261.0,338.0,356.0,371.0,356.0,360.0,332.0,281.0,325.0,356.0,383.0,291.0,281.0,251.0,277.0,316.0,295.0,345.0,282.0,257.0,208.0,316.0,279.0,404.0,391.0,289.0,292.0,358.0,303.0,372.0,296.0,230.0,303.0,246.0,294.0,250.0,327.0,359.0,378.0,305.0,289.0,270.0,265.0,347.0,376.0,400.0,300.0,333.0,287.0,273.0,338.0,322.0,410.0,279.0,307.0,285.0,298.0,296.0,280.0,379.0,265.0,275.0,260.0,231.0,303.0,368.0,321.0,412.0,256.0,245.0,272.0,304.0,357.0,208.0,262.0,284.0,269.0,251.0,380.0,414.0,418.0,263.0,262.0,260.0,317.0,321.0,388.0,371.0,257.0,247.0,271.0,275.0,315.0,289.0,420.0,250.0,270.0,261.0,276.0,311.0,373.0,350.0,325.0,245.0,302.0,279.0,332.0,398.0,428.0,307.0,257.0,236.0,310.0,329.0,319.0,248.0,255.0,279.0,265.0,306.0,278.0,309.0,371.0,276.0,244.0,267.0,301.0,300.0,321.0,366.0,294.0,257.0,244.0,241.0,353.0,359.0,348.0,260.0,271.0,238.0,250.0,342.0,397.0,397.0,276.0,352.0,275.0,281.0,348.0,428.0,227.0,253.0,223.0,223.0,279.0,348.0,309.0,303.0,275.0,245.0,288.0,324.0,307.0,373.0,390.0,280.0,234.0,311.0,322.0,269.0,372.0,358.0,245.0,277.0,294.0,290.0,381.0,369.0,270.0,315.0,409.0,342.0,334.0,372.0,423.0,326.0
354.0,290.0,225.0,225.0,206.0,247.0,282.0,255.0,200.0,223.0,268.0,242.0,241.0,241.0,292.0,391.0,243.0,211.0,229.0,308.0,242.0,277.0,209.0,231.0,315.0,318.0,340.0,380.0,252.0,222.0,234.0,214.0,235.0,315.0,320.0,364.0,248.0,266.0,233.0,244.0,351.0,360.0,403.0,293.0,265.0,239.0,271.0,327.0,344.0,354.0,238.0,247.0,194.0,172.0,0.0,141.0,263.0,225.0,291.0,234.0,204.0,310.0,290.0,352.0,230.0,225.0,299.0,232.0,292.0,290.0,382.0,281.0,253.0,290.0,316.0,344.0,344.0,380.0,285.0,217.0,300.0,328.0,266.0,329.0,381.0,269.0,268.0,294.0,282.0,335.0,376.0,376.0,230.0,235.0,220.0,299.0,293.0,314.0,375.0,221.0,292.0,0.0,330.0,288.0,215.0,366.0,290.0,259.0,318.0,311.0,293.0,444.0,293.0,318.0,265.0,270.0,258.0,340.0,330.0,399.0,254.0,238.0,271.0,235.0,295.0,350.0,345.0,273.0,242.0,303.0,302.0,256.0,286.0,408.0,299.0,294.0,303.0,287.0,360.0,388.0,359.0,287.0,240.0,310.0,311.0,336.0,348.0,364.0,360.0,297.0,217.0,239.0,290.0,395.0,359.0,251.0,297.0,287.0,272.0,280.0,303.0,384.0,309.0,175.0,282.0,309.0,329.0,389.0,330.0,277.0,336.0,265.0,309.0,350.0,383.0,331.0,286.0,291.0,219.0,319.0,311.0,404.0,318.0,435.0,367.0,322.0,305.0,311.0,352.0,364.0,297.0,289.0,267.0,266.0,274.0,374.0,351.0,261.0,236.0,154.0,295.0,260.0,413.0,401.0,300.0,273.0,335.0,305.0,390.0,342.0,268.0,310.0,258.0,269.0,314.0,362.0,357.0,373.0,330.0,306.0,311.0,329.0,312.0,406.0,374.0,287.0,297.0,303.0,222.0,357.0,399.0,367.0,251.0,277.0,247.0,282.0,314.0,373.0,328.0,267.0,228.0,263.0,337.0,277.0,294.0,302.0,392.0,279.0,222.0,277.0,284.0,323.0,241.0,264.0,232.0,303.0,244.0,330.0,490.0,370.0,255.0,236.0,246.0,335.0,301.0,366.0,413.0,296.0,187.0,271.0,242.0,341.0,412.0,304.0,264.0,239.0,256.0,276.0,336.0,296.0,312.0,297.0,252.0,266.0,226.0,365.0,359.0,348.0,296.0,217.0,263.0,264.0,294.0,362.0,290.0,327.0,204.0,223.0,261.0,263.0,368.0,396.0,298.0,256.0,276.0,246.0,307.0,360.0,328.0,303.0,232.0,227.0,307.0,284.0,403.0,410.0,248.0,263.0,252.0,229.0,370.0,309.0,327.0,334.0,327.0,402.0,298.0,368.0,324.0,238.0,314.0,264.0,284.0,261.0,313.0,355.0,362.0,237.0,238.0,296.0,181.0,296.0,360.0,379.0,329.0,292.0,231.0,271.0,346.0,386.0,386.0,307.0,308.0,270.0,329.0,347.0,301.0,324.0,210.0,401.0,349.0,327.0,323.0,398.0,341.0
375.0,312.0,298.0,266.0,262.0,299.0,210.0,266.0,294.0,198.0,233.0,254.0,234.0,310.0,338.0,310.0,233.0,207.0,259.0,227.0,328.0,307.0,270.0,218.0,288.0,256.0,321.0,317.0,335.0,254.0,248.0,245.0,295.0,310.0,342.0,332.0,224.0,296.0,250.0,260.0,309.0,380.0,418.0,255.0,285.0,287.0,279.0,247.0,310.0,419.0,254.0,263.0,271.0,110.0,0.0,225.0,262.0,285.0,262.0,261.0,211.0,328.0,305.0,379.0,252.0,269.0,249.0,282.0,306.0,366.0,379.0,278.0,249.0,265.0,262.0,243.0,359.0,419.0,280.0,214.0,272.0,256.0,329.0,379.0,333.0,294.0,267.0,279.0,262.0,291.0,305.0,300.0,266.0,251.0,266.0,317.0,330.0,300.0,415.0,305.0,281.0,0.0,314.0,364.0,224.0,324.0,261.0,270.0,368.0,277.0,283.0,393.0,215.0,285.0,260.0,289.0,260.0,293.0,366.0,382.0,244.0,214.0,254.0,268.0,290.0,409.0,409.0,262.0,264.0,229.0,327.0,311.0,406.0,384.0,298.0,202.0,300.0,309.0,343.0,325.0,369.0,269.0,252.0,261.0,285.0,347.0,339.0,411.0,373.0,342.0,273.0,286.0,308.0,372.0,413.0,299.0,286.0,289.0,282.0,369.0,415.0,391.0,284.0,322.0,270.0,289.0,311.0,439.0,326.0,300.0,282.0,264.0,312.0,331.0,388.0,295.0,256.0,270.0,293.0,306.0,297.0,403.0,383.0,315.0,281.0,320.0,219.0,346.0,378.0,383.0,320.0,217.0,323.0,225.0,277.0,325.0,350.0,266.0,341.0,249.0,287.0,289.0,345.0,322.0,263.0,268.0,304.0,313.0,419.0,266.0,223.0,299.0,269.0,295.0,316.0,324.0,385.0,380.0,271.0,276.0,278.0,329.0,325.0,327.0,343.0,275.0,307.0,277.0,282.0,346.0,338.0,386.0,294.0,271.0,285.0,293.0,345.0,347.0,340.0,250.0,238.0,271.0,317.0,297.0,357.0,399.0,348.0,298.0,250.0,261.0,223.0,296.0,233.0,261.0,247.0,310.0,278.0,407.0,430.0,332.0,290.0,315.0,256.0,329.0,329.0,403.0,383.0,251.0,253.0,255.0,263.0,280.0,414.0,393.0,251.0,269.0,264.0,270.0,320.0,386.0,316.0,323.0,240.0,281.0,271.0,300.0,425.0,326.0,295.0,278.0,270.0,310.0,263.0,362.0,287.0,246.0,255.0,294.0,260.0,294.0,322.0,394.0,237.0,293.0,251.0,260.0,346.0,345.0,318.0,264.0,267.0,250.0,275.0,314.0,407.0,351.0,230.0,298.0,305.0,240.0,295.0,390.0,385.0,284.0,314.0,321.0,282.0,347.0,365.0,199.0,301.0,271.0,256.0,257.0,304.0,300.0,406.0,278.0,259.0,285.0,305.0,215.0,382.0,363.0,276.0,266.0,290.0,248.0,277.0,341.0,399.0,295.0,245.0,292.0,290.0,330.0,340.0,360.0,286.0,393.0,377.0,359.0,404.0,409.0,305.0
347.0,281.0,300.0,282.0,288.0,283.0,299.0,280.0,241.0,170.0,257.0,257.0,268.0,322.0,386.0,407.0,292.0,236.0,248.0,291.0,328.0,254.0,214.0,222.0,273.0,284.0,290.0,359.0,401.0,248.0,226.0,271.0,264.0,269.0,318.0,382.0,255.0,242.0,279.0,246.0,316.0,427.0,391.0,278.0,234.0,245.0,260.0,299.0,296.0,390.0,256.0,229.0,203.0,152.0,0.0,260.0,229.0,240.0,252.0,294.0,285.0,350.0,333.0,318.0,274.0,271.0,257.0,300.0,344.0,316.0,375.0,212.0,231.0,220.0,232.0,355.0,287.0,318.0,278.0,234.0,261.0,323.0,331.0,413.0,383.0,264.0,289.0,273.0,263.0,267.0,377.0,434.0,251.0,291.0,279.0,301.0,258.0,324.0,449.0,253.0,290.0,0.0,245.0,340.0,156.0,401.0,300.0,234.0,330.0,319.0,374.0,279.0,250.0,285.0,263.0,278.0,315.0,320.0,367.0,391.0,237.0,298.0,287.0,284.0,316.0,429.0,425.0,252.0,207.0,285.0,280.0,326.0,409.0,391.0,331.0,285.0,304.0,241.0,369.0,413.0,388.0,263.0,260.0,235.0,328.0,368.0,363.0,404.0,303.0,282.0,256.0,308.0,342.0,338.0,392.0,286.0,272.0,230.0,298.0,269.0,355.0,401.0,296.0,353.0,273.0,286.0,364.0,364.0,399.0,307.0,333.0,332.0,298.0,326.0,359.0,214.0,288.0,291.0,254.0,345.0,361.0,430.0,382.0,276.0,320.0,329.0,304.0,352.0,370.0,375.0,303.0,293.0,281.0,257.0,373.0,354.0,382.0,259.0,283.0,274.0,308.0,317.0,407.0,275.0,300.0,285.0,278.0,311.0,357.0,137.0,255.0,237.0,302.0,316.0,312.0,340.0,357.0,395.0,241.0,280.0,276.0,313.0,328.0,386.0,360.0,329.0,271.0,257.0,315.0,334.0,276.0,421.0,330.0,210.0,295.0,291.0,256.0,370.0,269.0,271.0,244.0,265.0,277.0,281.0,369.0,329.0,386.0,274.0,270.0,265.0,185.0,340.0,243.0,280.0,283.0,253.0,261.0,364.0,403.0,420.0,279.0,284.0,279.0,354.0,341.0,332.0,425.0,270.0,304.0,213.0,280.0,336.0,455.0,375.0,261.0,293.0,255.0,282.0,295.0,396.0,241.0,349.0,225.0,302.0,324.0,302.0,393.0,333.0,299.0,275.0,249.0,274.0,353.0,318.0,262.0,284.0,228.0,282.0,275.0,311.0,361.0,402.0,301.0,287.0,262.0,272.0,304.0,322.0,285.0,298.0,251.0,265.0,274.0,313.0,371.0,375.0,264.0,254.0,281.0,268.0,266.0,360.0,326.0,312.0,378.0,301.0,237.0,340.0,406.0,217.0,245.0,247.0,270.0,260.0,324.0,324.0,326.0,211.0,234.0,284.0,274.0,284.0,336.0,404.0,262.0,300.0,264.0,312.0,325.0,411.0,401.0,280.0,304.0,304.0,353.0,322.0,339.0,287.0,246.0,330.0,397.0,302.0,326.0,400.0,347.0
359.0,290.0,281.0,237.0,273.0,314.0,241.0,255.0,273.0,226.0,201.0,267.0,283.0,311.0,313.0,348.0,287.0,216.0,233.0,291.0,297.0,264.0,219.0,271.0,236.0,278.0,331.0,366.0,357.0,283.0,236.0,276.0,228.0,285.0,311.0,277.0,257.0,272.0,282.0,211.0,311.0,345.0,315.0,246.0,286.0,328.0,299.0,339.0,291.0,389.0,253.0,269.0,128.0,154.0,0.0,210.0,291.0,240.0,264.0,260.0,255.0,302.0,346.0,374.0,256.0,233.0,252.0,292.0,348.0,303.0,384.0,292.0,301.0,265.0,276.0,340.0,374.0,407.0,284.0,245.0,229.0,253.0,332.0,377.0,373.0,336.0,273.0,253.0,307.0,371.0,356.0,380.0,274.0,273.0,245.0,336.0,314.0,382.0,437.0,301.0,271.0,0.0,328.0,324.0,285.0,384.0,280.0,269.0,400.0,277.0,320.0,391.0,223.0,294.0,257.0,284.0,238.0,317.0,359.0,381.0,265.0,257.0,265.0,349.0,336.0,368.0,427.0,280.0,279.0,233.0,299.0,208.0,414.0,409.0,306.0,294.0,295.0,330.0,330.0,398.0,320.0,314.0,249.0,278.0,296.0,348.0,398.0,385.0,342.0,335.0,286.0,310.0,343.0,351.0,368.0,278.0,278.0,288.0,263.0,346.0,397.0,393.0,280.0,241.0,278.0,316.0,340.0,421.0,344.0,331.0,257.0,268.0,251.0,308.0,377.0,396.0,308.0,334.0,310.0,268.0,290.0,335.0,389.0,312.0,365.0,287.0,281.0,317.0,376.0,384.0,235.0,281.0,287.0,298.0,353.0,351.0,345.0,310.0,284.0,286.0,349.0,287.0,384.0,387.0,309.0,294.0,370.0,313.0,379.0,308.0,218.0,337.0,296.0,296.0,306.0,304.0,372.0,310.0,248.0,278.0,292.0,291.0,343.0,360.0,320.0,254.0,258.0,277.0,284.0,284.0,352.0,334.0,270.0,294.0,221.0,255.0,289.0,372.0,304.0,260.0,244.0,289.0,309.0,314.0,340.0,391.0,331.0,279.0,255.0,256.0,197.0,300.0,182.0,285.0,247.0,280.0,314.0,383.0,368.0,409.0,259.0,295.0,254.0,338.0,295.0,419.0,385.0,283.0,188.0,156.0,221.0,295.0,378.0,334.0,237.0,272.0,255.0,314.0,358.0,423.0,127.0,280.0,324.0,323.0,231.0,241.0,381.0,302.0,267.0,277.0,270.0,337.0,303.0,365.0,249.0,292.0,264.0,282.0,321.0,310.0,347.0,395.0,302.0,250.0,247.0,270.0,310.0,377.0,264.0,294.0,272.0,260.0,296.0,293.0,387.0,426.0,297.0,252.0,310.0,225.0,358.0,351.0,298.0,280.0,294.0,367.0,249.0,392.0,400.0,234.0,273.0,228.0,255.0,290.0,347.0,314.0,342.0,240.0,264.0,283.0,239.0,359.0,376.0,423.0,315.0,245.0,240.0,288.0,303.0,353.0,345.0,306.0,324.0,285.0,255.0,389.0,354.0,302.0,267.0,378.0,331.0,407.0,409.0,422.0,340.0
352.0,283.0,311.0,267.0,282.0,285.0,258.0,243.0,219.0,168.0,210.0,236.0,279.0,299.0,387.0,423.0,231.0,229.0,248.0,232.0,327.0,308.0,233.0,283.0,181.0,297.0,260.0,341.0,367.0,287.0,265.0,222.0,255.0,243.0,366.0,360.0,230.0,260.0,261.0,265.0,339.0,345.0,405.0,247.0,305.0,305.0,238.0,275.0,344.0,379.0,242.0,279.0,170.0,202.0,0.0,61.0,217.0,266.0,261.0,292.0,269.0,259.0,355.0,359.0,247.0,296.0,232.0,287.0,268.0,309.0,344.0,217.0,267.0,234.0,277.0,281.0,384.0,431.0,319.0,265.0,225.0,302.0,321.0,373.0,318.0,279.0,266.0,237.0,271.0,359.0,362.0,359.0,271.0,246.0,300.0,274.0,329.0,346.0,372.0,297.0,280.0,0.0,315.0,403.0,252.0,316.0,282.0,239.0,295.0,252.0,282.0,407.0,238.0,287.0,170.0,295.0,278.0,333.0,337.0,398.0,236.0,229.0,296.0,275.0,303.0,414.0,349.0,226.0,274.0,268.0,298.0,291.0,288.0,368.0,294.0,292.0,307.0,343.0,345.0,370.0,346.0,286.0,243.0,290.0,320.0,272.0,398.0,397.0,356.0,253.0,284.0,288.0,332.0,427.0,365.0,253.0,236.0,286.0,329.0,280.0,412.0,425.0,270.0,301.0,298.0,286.0,345.0,393.0,389.0,318.0,298.0,300.0,293.0,336.0,375.0,388.0,287.0,282.0,314.0,304.0,347.0,434.0,362.0,340.0,370.0,280.0,350.0,357.0,367.0,417.0,236.0,316.0,324.0,345.0,374.0,308.0,384.0,257.0,265.0,290.0,303.0,255.0,422.0,331.0,297.0,284.0,302.0,322.0,356.0,403.0,215.0,315.0,291.0,281.0,317.0,333.0,371.0,360.0,302.0,294.0,315.0,302.0,363.0,384.0,385.0,288.0,280.0,306.0,302.0,345.0,356.0,367.0,257.0,298.0,273.0,286.0,288.0,355.0,289.0,249.0,262.0,269.0,243.0,296.0,349.0,381.0,344.0,256.0,258.0,319.0,202.0,373.0,276.0,274.0,243.0,281.0,283.0,368.0,380.0,372.0,251.0,227.0,287.0,331.0,236.0,425.0,394.0,292.0,254.0,198.0,297.0,315.0,424.0,415.0,261.0,220.0,269.0,288.0,324.0,311.0,252.0,356.0,244.0,289.0,287.0,218.0,402.0,388.0,247.0,252.0,280.0,284.0,280.0,385.0,231.0,278.0,247.0,267.0,263.0,292.0,405.0,292.0,246.0,245.0,264.0,293.0,288.0,319.0,273.0,267.0,245.0,280.0,276.0,312.0,370.0,370.0,298.0,282.0,298.0,257.0,365.0,383.0,296.0,320.0,365.0,316.0,276.0,337.0,418.0,226.0,333.0,250.0,303.0,297.0,329.0,263.0,383.0,212.0,254.0,270.0,244.0,305.0,404.0,401.0,275.0,276.0,255.0,318.0,292.0,413.0,327.0,286.0,288.0,331.0,338.0,336.0,383.0,291.0,285.0,373.0,347.0,337.0,400.0,375.0,356.0
329.0,298.0,285.0,243.0,285.0,300.0,239.0,285.0,199.0,252.0,219.0,246.0,297.0,390.0,304.0,403.0,251.0,262.0,226.0,259.0,302.0,304.0,192.0,256.0,216.0,280.0,310.0,349.0,405.0,221.0,303.0,244.0,207.0,242.0,346.0,268.0,208.0,287.0,221.0,269.0,354.0,385.0,325.0,294.0,283.0,175.0,205.0,321.0,371.0,406.0,215.0,285.0,166.0,109.0,0.0,265.0,280.0,317.0,258.0,271.0,278.0,259.0,384.0,401.0,283.0,236.0,256.0,245.0,320.0,270.0,410.0,244.0,301.0,281.0,241.0,301.0,364.0,367.0,267.0,252.0,263.0,307.0,267.0,372.0,386.0,298.0,272.0,281.0,306.0,304.0,326.0,392.0,255.0,274.0,263.0,305.0,279.0,398.0,402.0,284.0,277.0,0.0,322.0,354.0,288.0,312.0,246.0,257.0,250.0,307.0,322.0,381.0,240.0,291.0,252.0,269.0,278.0,335.0,361.0,420.0,290.0,260.0,248.0,285.0,320.0,390.0,448.0,302.0,298.0,243.0,280.0,432.0,404.0,421.0,294.0,274.0,245.0,322.0,285.0,316.0,416.0,324.0,320.0,281.0,315.0,250.0,400.0,311.0,333.0,305.0,292.0,304.0,274.0,377.0,364.0,282.0,251.0,259.0,312.0,286.0,410.0,403.0,254.0,328.0,262.0,323.0,323.0,350.0,384.0,321.0,279.0,230.0,253.0,375.0,365.0,412.0,287.0,263.0,268.0,272.0,338.0,419.0,382.0,362.0,363.0,263.0,282.0,307.0,340.0,380.0,266.0,286.0,253.0,298.0,302.0,302.0,368.0,318.0,302.0,240.0,265.0,327.0,346.0,368.0,315.0,255.0,254.0,315.0,300.0,385.0,224.0,253.0,280.0,223.0,284.0,364.0,345.0,375.0,283.0,271.0,295.0,302.0,366.0,434.0,397.0,304.0,293.0,267.0,306.0,320.0,389.0,422.0,278.0,287.0,242.0,275.0,278.0,359.0,411.0,250.0,273.0,246.0,309.0,310.0,283.0,347.0,396.0,253.0,258.0,273.0,197.0,352.0,310.0,264.0,265.0,278.0,260.0,354.0,376.0,386.0,292.0,303.0,269.0,293.0,344.0,347.0,359.0,291.0,247.0,255.0,192.0,318.0,378.0,353.0,287.0,304.0,269.0,319.0,255.0,398.0,169.0,344.0,282.0,306.0,310.0,229.0,316.0,403.0,301.0,280.0,245.0,284.0,312.0,338.0,223.0,286.0,247.0,300.0,276.0,303.0,381.0,384.0,204.0,258.0,270.0,290.0,298.0,353.0,304.0,294.0,265.0,245.0,267.0,358.0,419.0,396.0,304.0,299.0,264.0,239.0,355.0,395.0,310.0,321.0,311.0,335.0,278.0,433.0,333.0,273.0,310.0,264.0,246.0,287.0,299.0,339.0,345.0,269.0,285.0,257.0,276.0,313.0,380.0,350.0,290.0,246.0,311.0,314.0,344.0,393.0,362.0,253.0,300.0,277.0,327.0,283.0,354.0,331.0,328.0,276.0,377.0,321.0,382.0,394.0,341.0
382.0,300.0,300.0,294.0,301.0,293.0,304.0,278.0,280.0,184.0,259.0,238.0,254.0,364.0,379.0,405.0,261.0,254.0,241.0,295.0,327.0,239.0,257.0,201.0,263.0,303.0,263.0,354.0,409.0,250.0,277.0,289.0,255.0,275.0,335.0,287.0,249.0,262.0,247.0,249.0,279.0,420.0,416.0,271.0,228.0,274.0,276.0,355.0,358.0,381.0,259.0,248.0,187.0,125.0,0.0,299.0,197.0,302.0,236.0,263.0,280.0,350.0,256.0,408.0,190.0,277.0,269.0,259.0,324.0,316.0,406.0,285.0,282.0,273.0,283.0,314.0,339.0,408.0,294.0,248.0,237.0,283.0,371.0,330.0,395.0,247.0,269.0,276.0,301.0,251.0,345.0,409.0,178.0,209.0,274.0,232.0,261.0,334.0,396.0,271.0,292.0,0.0,323.0,346.0,249.0,325.0,327.0,246.0,293.0,292.0,364.0,403.0,279.0,269.0,243.0,285.0,275.0,295.0,336.0,418.0,286.0,281.0,271.0,257.0,324.0,323.0,371.0,264.0,256.0,278.0,271.0,351.0,373.0,391.0,295.0,268.0,296.0,268.0,305.0,396.0,337.0,306.0,245.0,308.0,340.0,283.0,401.0,381.0,253.0,311.0,333.0,287.0,355.0,378.0,410.0,313.0,187.0,321.0,309.0,308.0,396.0,397.0,298.0,245.0,304.0,311.0,327.0,431.0,359.0,348.0,301.0,296.0,318.0,274.0,376.0,357.0,298.0,283.0,276.0,265.0,343.0,427.0,339.0,371.0,357.0,359.0,254.0,369.0,340.0,404.0,303.0,250.0,291.0,326.0,320.0,283.0,384.0,292.0,304.0,322.0,335.0,345.0,420.0,311.0,297.0,280.0,360.0,293.0,393.0,362.0,162.0,332.0,297.0,276.0,307.0,303.0,375.0,373.0,308.0,292.0,297.0,296.0,348.0,384.0,419.0,263.0,338.0,324.0,288.0,352.0,393.0,324.0,275.0,323.0,261.0,279.0,313.0,406.0,273.0,214.0,244.0,270.0,322.0,318.0,344.0,395.0,346.0,268.0,287.0,295.0,163.0,360.0,350.0,274.0,297.0,272.0,243.0,440.0,354.0,397.0,328.0,269.0,306.0,330.0,277.0,402.0,396.0,274.0,263.0,235.0,260.0,338.0,389.0,392.0,240.0,270.0,273.0,242.0,343.0,415.0,282.0,289.0,278.0,268.0,274.0,260.0,395.0,321.0,307.0,233.0,249.0,334.0,279.0,390.0,276.0,264.0,275.0,224.0,306.0,356.0,304.0,341.0,296.0,244.0,304.0,312.0,316.0,383.0,299.0,295.0,254.0,284.0,273.0,354.0,379.0,413.0,247.0,275.0,249.0,269.0,296.0,272.0,320.0,316.0,331.0,318.0,275.0,402.0,379.0,206.0,311.0,309.0,264.0,183.0,323.0,354.0,335.0,231.0,293.0,277.0,216.0,263.0,348.0,435.0,269.0,316.0,277.0,301.0,303.0,344.0,282.0,251.0,328.0,277.0,293.0,298.0,372.0,259.0,261.0,303.0,384.0,409.0,372.0,441.0,314.0
359.0,289.0,323.0,243.0,308.0,322.0,264.0,257.0,223.0,188.0,227.0,292.0,309.0,397.0,370.0,299.0,277.0,199.0,286.0,267.0,357.0,288.0,263.0,283.0,267.0,240.0,315.0,414.0,430.0,279.0,307.0,307.0,302.0,292.0,358.0,360.0,253.0,258.0,262.0,244.0,399.0,388.0,371.0,261.0,287.0,295.0,254.0,266.0,368.0,369.0,263.0,286.0,147.0,222.0,0.0,205.0,189.0,272.0,280.0,309.0,272.0,326.0,342.0,367.0,280.0,258.0,259.0,295.0,326.0,376.0,400.0,264.0,299.0,266.0,307.0,312.0,300.0,432.0,272.0,247.0,286.0,334.0,348.0,383.0,428.0,309.0,196.0,319.0,334.0,348.0,406.0,409.0,266.0,287.0,350.0,253.0,341.0,383.0,445.0,318.0,301.0,0.0,317.0,368.0,299.0,377.0,348.0,292.0,328.0,263.0,335.0,391.0,322.0,348.0,261.0,324.0,341.0,342.0,371.0,394.0,217.0,275.0,265.0,252.0,334.0,386.0,417.0,302.0,293.0,294.0,307.0,359.0,437.0,404.0,323.0,261.0,295.0,306.0,317.0,403.0,348.0,302.0,287.0,309.0,318.0,344.0,322.0,387.0,339.0,307.0,243.0,271.0,340.0,401.0,383.0,300.0,243.0,329.0,313.0,319.0,406.0,378.0,259.0,284.0,317.0,309.0,331.0,392.0,327.0,336.0,291.0,350.0,289.0,281.0,356.0,391.0,291.0,219.0,301.0,308.0,301.0,409.0,402.0,359.0,254.0,337.0,307.0,363.0,382.0,391.0,231.0,323.0,327.0,344.0,320.0,331.0,349.0,261.0,323.0,323.0,360.0,262.0,339.0,376.0,314.0,263.0,291.0,338.0,340.0,364.0,270.0,313.0,290.0,297.0,325.0,365.0,416.0,358.0,308.0,248.0,335.0,342.0,379.0,362.0,337.0,310.0,335.0,286.0,286.0,343.0,287.0,324.0,300.0,282.0,294.0,266.0,317.0,410.0,357.0,253.0,262.0,250.0,305.0,319.0,353.0,293.0,359.0,319.0,282.0,338.0,198.0,384.0,345.0,287.0,300.0,305.0,291.0,395.0,397.0,389.0,322.0,271.0,241.0,338.0,344.0,340.0,407.0,296.0,261.0,277.0,232.0,334.0,357.0,333.0,237.0,285.0,276.0,287.0,359.0,395.0,235.0,339.0,255.0,287.0,271.0,228.0,366.0,380.0,313.0,259.0,241.0,345.0,320.0,398.0,252.0,299.0,278.0,230.0,262.0,358.0,325.0,407.0,267.0,262.0,299.0,280.0,292.0,391.0,308.0,304.0,265.0,275.0,324.0,364.0,393.0,364.0,302.0,300.0,288.0,256.0,312.0,441.0,287.0,343.0,327.0,319.0,292.0,411.0,378.0,245.0,248.0,232.0,273.0,272.0,317.0,261.0,367.0,276.0,239.0,219.0,298.0,315.0,449.0,406.0,197.0,265.0,324.0,310.0,342.0,403.0,354.0,260.0,320.0,301.0,333.0,347.0,357.0,295.0,278.0,352.0,359.0,392.0,330.0,381.0,338.0
350.0,321.0,338.0,229.0,279.0,326.0,236.0,291.0,259.0,233.0,286.0,266.0,296.0,301.0,385.0,347.0,262.0,249.0,249.0,234.0,352.0,328.0,270.0,283.0,268.0,253.0,285.0,375.0,326.0,299.0,233.0,281.0,275.0,299.0,317.0,292.0,288.0,285.0,256.0,246.0,327.0,378.0,441.0,340.0,296.0,309.0,239.0,313.0,323.0,347.0,296.0,284.0,173.0,122.0,0.0,145.0,190.0,282.0,321.0,317.0,286.0,234.0,387.0,414.0,281.0,313.0,317.0,305.0,329.0,318.0,422.0,328.0,229.0,302.0,302.0,317.0,436.0,366.0,282.0,281.0,315.0,247.0,346.0,364.0,403.0,303.0,341.0,315.0,333.0,373.0,345.0,400.0,263.0,266.0,329.0,300.0,330.0,282.0,441.0,318.0,298.0,0.0,336.0,290.0,258.0,328.0,291.0,281.0,359.0,340.0,377.0,370.0,308.0,262.0,267.0,326.0,303.0,351.0,376.0,382.0,286.0,297.0,329.0,323.0,336.0,321.0,372.0,270.0,259.0,284.0,316.0,344.0,381.0,390.0,274.0,266.0,286.0,348.0,341.0,379.0,349.0,270.0,203.0,318.0,366.0,275.0,393.0,397.0,299.0,310.0,302.0,309.0,370.0,387.0,404.0,276.0,324.0,282.0,272.0,346.0,367.0,408.0,298.0,324.0,271.0,344.0,256.0,311.0,412.0,239.0,281.0,263.0,332.0,313.0,443.0,426.0,254.0,310.0,341.0,311.0,358.0,406.0,376.0,345.0,339.0,328.0,306.0,336.0,398.0,396.0,275.0,306.0,299.0,321.0,353.0,342.0,393.0,361.0,278.0,279.0,357.0,286.0,372.0,371.0,296.0,315.0,314.0,265.0,337.0,326.0,215.0,318.0,285.0,223.0,352.0,288.0,317.0,379.0,271.0,326.0,308.0,364.0,309.0,357.0,333.0,323.0,301.0,346.0,329.0,343.0,327.0,388.0,287.0,275.0,266.0,295.0,280.0,348.0,270.0,278.0,283.0,310.0,317.0,345.0,290.0,350.0,352.0,267.0,290.0,306.0,242.0,372.0,338.0,276.0,266.0,305.0,304.0,366.0,415.0,441.0,250.0,341.0,237.0,356.0,353.0,337.0,396.0,312.0,290.0,251.0,336.0,348.0,411.0,399.0,290.0,290.0,268.0,278.0,336.0,377.0,316.0,328.0,281.0,325.0,274.0,218.0,416.0,300.0,283.0,288.0,287.0,317.0,370.0,390.0,308.0,291.0,315.0,304.0,222.0,282.0,327.0,420.0,334.0,282.0,324.0,304.0,296.0,367.0,312.0,308.0,288.0,289.0,317.0,287.0,410.0,399.0,291.0,316.0,289.0,240.0,347.0,419.0,326.0,353.0,303.0,281.0,241.0,394.0,405.0,229.0,331.0,254.0,280.0,276.0,278.0,403.0,382.0,295.0,314.0,284.0,316.0,312.0,364.0,407.0,307.0,265.0,285.0,347.0,344.0,406.0,387.0,324.0,359.0,265.0,347.0,327.0,369.0,206.0,413.0,227.0,397.0,350.0,356.0,439.0,362.0
376.0,284.0,302.0,269.0,249.0,276.0,248.0,241.0,270.0,226.0,193.0,260.0,296.0,313.0,352.0,422.0,242.0,262.0,253.0,287.0,316.0,273.0,219.0,236.0,280.0,325.0,335.0,418.0,349.0,248.0,325.0,266.0,246.0,285.0,325.0,284.0,284.0,280.0,281.0,292.0,385.0,392.0,411.0,283.0,304.0,306.0,273.0,284.0,410.0,394.0,265.0,293.0,183.0,183.0,0.0,245.0,286.0,299.0,264.0,251.0,286.0,338.0,348.0,416.0,256.0,282.0,312.0,284.0,330.0,238.0,396.0,276.0,266.0,302.0,324.0,315.0,390.0,423.0,269.0,250.0,246.0,334.0,355.0,458.0,435.0,314.0,271.0,304.0,299.0,307.0,354.0,435.0,258.0,312.0,269.0,258.0,314.0,312.0,354.0,286.0,260.0,0.0,321.0,351.0,284.0,344.0,315.0,284.0,258.0,294.0,326.0,423.0,246.0,291.0,287.0,284.0,272.0,335.0,317.0,367.0,261.0,276.0,219.0,323.0,331.0,277.0,386.0,267.0,281.0,265.0,308.0,356.0,394.0,391.0,294.0,310.0,310.0,284.0,279.0,380.0,305.0,281.0,301.0,243.0,310.0,321.0,328.0,398.0,383.0,310.0,254.0,301.0,315.0,389.0,396.0,282.0,316.0,303.0,338.0,375.0,376.0,397.0,312.0,319.0,326.0,327.0,380.0,350.0,410.0,299.0,289.0,286.0,287.0,386.0,277.0,361.0,261.0,267.0,291.0,313.0,283.0,464.0,417.0,389.0,318.0,356.0,326.0,312.0,337.0,403.0,256.0,257.0,282.0,360.0,395.0,272.0,394.0,281.0,309.0,307.0,305.0,346.0,341.0,362.0,312.0,302.0,301.0,253.0,326.0,342.0,214.0,306.0,273.0,289.0,309.0,394.0,377.0,407.0,329.0,314.0,316.0,345.0,395.0,391.0,390.0,293.0,329.0,297.0,333.0,397.0,353.0,365.0,289.0,269.0,294.0,325.0,310.0,382.0,307.0,267.0,263.0,295.0,328.0,297.0,316.0,265.0,393.0,281.0,286.0,254.0,185.0,394.0,376.0,299.0,263.0,243.0,334.0,380.0,360.0,353.0,313.0,314.0,247.0,243.0,325.0,429.0,415.0,293.0,251.0,221.0,304.0,230.0,437.0,359.0,287.0,263.0,243.0,320.0,310.0,410.0,198.0,357.0,277.0,272.0,298.0,293.0,405.0,286.0,298.0,293.0,278.0,303.0,301.0,360.0,297.0,274.0,310.0,281.0,317.0,308.0,337.0,413.0,318.0,259.0,283.0,285.0,334.0,394.0,287.0,309.0,282.0,275.0,349.0,391.0,381.0,324.0,265.0,265.0,295.0,267.0,347.0,359.0,289.0,365.0,339.0,352.0,283.0,286.0,328.0,209.0,294.0,288.0,266.0,307.0,261.0,340.0,354.0,254.0,275.0,275.0,321.0,303.0,350.0,406.0,293.0,257.0,199.0,349.0,313.0,430.0,306.0,301.0,332.0,308.0,336.0,316.0,407.0,310.0,461.0,334.0,432.0,405.0,275.0,472.0,348.0
360.0,288.0,321.0,260.0,275.0,277.0,242.0,248.0,200.0,183.0,283.0,273.0,287.0,327.0,358.0,393.0,270.0,208.0,233.0,247.0,285.0,337.0,200.0,226.0,257.0,252.0,282.0,344.0,342.0,273.0,300.0,231.0,243.0,305.0,366.0,326.0,193.0,237.0,230.0,222.0,298.0,348.0,361.0,290.0,277.0,283.0,199.0,269.0,298.0,379.0,240.0,257.0,155.0,222.0,0.0,177.0,354.0,282.0,279.0,241.0,311.0,253.0,370.0,357.0,244.0,256.0,283.0,269.0,367.0,303.0,364.0,171.0,207.0,243.0,262.0,308.0,380.0,379.0,313.0,251.0,268.0,304.0,308.0,390.0,374.0,269.0,253.0,245.0,283.0,359.0,338.0,367.0,250.0,259.0,264.0,255.0,258.0,275.0,417.0,293.0,209.0,0.0,283.0,349.0,290.0,363.0,288.0,242.0,317.0,334.0,317.0,377.0,284.0,290.0,289.0,280.0,265.0,324.0,326.0,396.0,280.0,225.0,238.0,245.0,259.0,415.0,447.0,277.0,279.0,250.0,271.0,316.0,399.0,402.0,229.0,294.0,306.0,311.0,309.0,353.0,345.0,275.0,299.0,289.0,326.0,347.0,376.0,364.0,329.0,273.0,273.0,304.0,331.0,417.0,360.0,332.0,282.0,288.0,259.0,320.0,370.0,327.0,258.0,276.0,325.0,258.0,317.0,369.0,404.0,337.0,296.0,272.0,293.0,344.0,369.0,388.0,245.0,251.0,307.0,319.0,348.0,468.0,422.0,377.0,320.0,330.0,318.0,302.0,378.0,382.0,297.0,275.0,314.0,314.0,345.0,381.0,390.0,335.0,281.0,272.0,368.0,352.0,371.0,319.0,304.0,250.0,378.0,248.0,336.0,333.0,210.0,288.0,228.0,343.0,298.0,296.0,344.0,404.0,295.0,304.0,276.0,252.0,346.0,397.0,345.0,300.0,327.0,283.0,320.0,343.0,400.0,336.0,302.0,279.0,229.0,308.0,301.0,348.0,341.0,223.0,290.0,324.0,317.0,301.0,336.0,309.0,322.0,295.0,272.0,250.0,134.0,388.0,385.0,267.0,272.0,278.0,297.0,369.0,399.0,413.0,301.0,289.0,294.0,294.0,290.0,395.0,406.0,270.0,267.0,231.0,257.0,214.0,424.0,382.0,222.0,244.0,274.0,283.0,358.0,338.0,335.0,261.0,221.0,296.0,274.0,257.0,398.0,304.0,272.0,275.0,296.0,278.0,295.0,313.0,334.0,289.0,264.0,294.0,275.0,286.0,350.0,413.0,280.0,204.0,244.0,249.0,275.0,378.0,334.0,270.0,241.0,273.0,299.0,301.0,370.0,381.0,279.0,233.0,307.0,265.0,272.0,366.0,391.0,281.0,273.0,316.0,268.0,406.0,379.0,197.0,331.0,256.0,276.0,255.0,306.0,390.0,340.0,277.0,287.0,295.0,273.0,318.0,381.0,379.0,281.0,279.0,298.0,340.0,316.0,388.0,380.0,280.0,284.0,288.0,335.0,350.0,387.0,338.0,353.0,242.0,421.0,345.0,358.0,460.0,367.0
384.0,291.0,238.0,267.0,274.0,297.0,309.0,273.0,226.0,244.0,263.0,226.0,284.0,364.0,343.0,427.0,230.0,245.0,218.0,236.0,339.0,345.0,242.0,239.0,275.0,264.0,276.0,348.0,324.0,255.0,278.0,264.0,236.0,251.0,339.0,309.0,235.0,230.0,217.0,226.0,293.0,388.0,397.0,251.0,248.0,251.0,242.0,273.0,337.0,408.0,246.0,248.0,135.0,329.0,0.0,273.0,86.0,267.0,240.0,267.0,297.0,316.0,456.0,400.0,256.0,284.0,303.0,282.0,338.0,264.0,392.0,282.0,242.0,289.0,275.0,330.0,337.0,421.0,294.0,263.0,253.0,284.0,337.0,350.0,441.0,298.0,199.0,267.0,226.0,262.0,378.0,418.0,251.0,238.0,261.0,283.0,294.0,325.0,408.0,302.0,261.0,0.0,268.0,334.0,325.0,278.0,302.0,289.0,296.0,276.0,365.0,386.0,268.0,291.0,222.0,282.0,258.0,323.0,357.0,374.0,294.0,266.0,262.0,327.0,335.0,383.0,305.0,273.0,267.0,268.0,279.0,339.0,365.0,406.0,249.0,278.0,284.0,251.0,360.0,307.0,370.0,286.0,281.0,337.0,333.0,318.0,414.0,434.0,299.0,277.0,278.0,279.0,275.0,349.0,340.0,294.0,241.0,290.0,314.0,315.0,394.0,379.0,293.0,285.0,319.0,362.0,374.0,404.0,410.0,320.0,321.0,228.0,297.0,332.0,361.0,360.0,278.0,307.0,283.0,344.0,349.0,407.0,263.0,373.0,324.0,328.0,347.0,308.0,353.0,388.0,303.0,277.0,210.0,315.0,356.0,344.0,363.0,270.0,287.0,314.0,311.0,321.0,356.0,383.0,320.0,334.0,298.0,214.0,330.0,307.0,224.0,311.0,306.0,312.0,268.0,295.0,402.0,385.0,280.0,288.0,323.0,327.0,386.0,384.0,402.0,297.0,259.0,276.0,245.0,369.0,287.0,385.0,273.0,288.0,266.0,249.0,270.0,409.0,348.0,261.0,224.0,295.0,309.0,288.0,314.0,375.0,375.0,277.0,244.0,272.0,188.0,405.0,392.0,271.0,274.0,283.0,262.0,277.0,390.0,376.0,262.0,228.0,210.0,313.0,311.0,376.0,409.0,306.0,260.0,245.0,264.0,286.0,374.0,392.0,235.0,282.0,247.0,286.0,341.0,406.0,165.0,332.0,245.0,250.0,289.0,247.0,411.0,255.0,253.0,285.0,313.0,267.0,281.0,389.0,286.0,284.0,242.0,312.0,267.0,263.0,388.0,386.0,309.0,241.0,276.0,280.0,268.0,365.0,271.0,301.0,253.0,331.0,277.0,303.0,443.0,402.0,249.0,203.0,256.0,267.0,291.0,392.0,393.0,282.0,271.0,335.0,278.0,425.0,383.0,213.0,276.0,288.0,254.0,291.0,231.0,404.0,382.0,283.0,224.0,225.0,258.0,327.0,410.0,352.0,274.0,236.0,257.0,247.0,323.0,439.0,365.0,257.0,297.0,280.0,240.0,302.0,430.0,269.0,380.0,336.0,356.0,372.0,311.0,405.0,367.0
384.0,303.0,290.0,254.0,250.0,296.0,291.0,285.0,229.0,174.0,238.0,241.0,241.0,383.0,373.0,424.0,240.0,237.0,225.0,267.0,343.0,325.0,221.0,240.0,239.0,298.0,312.0,397.0,337.0,289.0,259.0,275.0,250.0,257.0,343.0,323.0,241.0,227.0,238.0,217.0,290.0,384.0,399.0,319.0,284.0,254.0,224.0,275.0,335.0,411.0,266.0,252.0,182.0,213.0,0.0,244.0,199.0,210.0,222.0,265.0,225.0,238.0,355.0,391.0,230.0,243.0,284.0,219.0,306.0,330.0,402.0,281.0,278.0,256.0,265.0,323.0,358.0,411.0,217.0,193.0,217.0,241.0,359.0,381.0,422.0,278.0,268.0,278.0,242.0,292.0,402.0,405.0,335.0,282.0,247.0,245.0,302.0,385.0,410.0,292.0,224.0,0.0,265.0,301.0,316.0,350.0,265.0,247.0,307.0,324.0,338.0,385.0,272.0,245.0,238.0,294.0,283.0,340.0,349.0,371.0,240.0,256.0,213.0,328.0,350.0,376.0,412.0,250.0,283.0,294.0,317.0,354.0,403.0,434.0,274.0,279.0,268.0,286.0,329.0,360.0,286.0,321.0,274.0,262.0,265.0,299.0,417.0,382.0,207.0,288.0,264.0,313.0,281.0,360.0,349.0,268.0,272.0,235.0,279.0,364.0,363.0,305.0,290.0,304.0,307.0,275.0,318.0,348.0,406.0,296.0,268.0,298.0,253.0,289.0,355.0,368.0,271.0,286.0,320.0,293.0,293.0,409.0,324.0,346.0,356.0,315.0,248.0,313.0,368.0,393.0,301.0,273.0,317.0,310.0,339.0,355.0,296.0,261.0,283.0,267.0,348.0,392.0,287.0,289.0,310.0,302.0,332.0,265.0,329.0,221.0,230.0,346.0,301.0,306.0,341.0,331.0,403.0,381.0,316.0,260.0,313.0,272.0,344.0,378.0,303.0,340.0,263.0,305.0,300.0,358.0,294.0,392.0,232.0,270.0,263.0,281.0,310.0,378.0,300.0,257.0,229.0,247.0,303.0,314.0,218.0,390.0,285.0,234.0,235.0,240.0,171.0,399.0,386.0,268.0,254.0,273.0,289.0,290.0,417.0,445.0,286.0,291.0,250.0,317.0,341.0,356.0,429.0,261.0,309.0,229.0,264.0,346.0,378.0,398.0,245.0,215.0,246.0,296.0,300.0,393.0,280.0,346.0,291.0,255.0,274.0,246.0,374.0,261.0,196.0,231.0,257.0,253.0,288.0,381.0,251.0,292.0,269.0,237.0,276.0,347.0,369.0,402.0,271.0,275.0,279.0,310.0,346.0,369.0,271.0,283.0,268.0,261.0,330.0,336.0,379.0,368.0,240.0,241.0,281.0,217.0,299.0,406.0,408.0,294.0,352.0,394.0,267.0,412.0,377.0,215.0,252.0,265.0,266.0,238.0,303.0,423.0,374.0,271.0,247.0,278.0,281.0,378.0,417.0,336.0,269.0,278.0,304.0,307.0,273.0,330.0,360.0,266.0,305.0,295.0,314.0,366.0,395.0,346.0,382.0,371.0,372.0,367.0,297.0,429.0,374.0
381.0,296.0,362.0,233.0,317.0,337.0,263.0,193.0,224.0,230.0,266.0,197.0,332.0,310.0,367.0,395.0,224.0,229.0,233.0,284.0,322.0,0.0,226.0,284.0,283.0,307.0,286.0,380.0,327.0,262.0,270.0,238.0,265.0,297.0,366.0,296.0,238.0,266.0,292.0,230.0,348.0,386.0,419.0,233.0,290.0,249.0,274.0,255.0,332.0,450.0,238.0,273.0,186.0,37.0,0.0,142.0,325.0,284.0,200.0,255.0,258.0,331.0,324.0,309.0,251.0,242.0,294.0,263.0,297.0,320.0,373.0,255.0,291.0,263.0,278.0,279.0,364.0,336.0,296.0,279.0,270.0,281.0,270.0,375.0,380.0,348.0,276.0,245.0,261.0,345.0,370.0,390.0,275.0,187.0,321.0,333.0,304.0,375.0,415.0,226.0,342.0,0.0,314.0,368.0,329.0,335.0,289.0,312.0,344.0,306.0,354.0,397.0,240.0,273.0,279.0,309.0,271.0,299.0,396.0,387.0,243.0,253.0,280.0,311.0,297.0,365.0,421.0,287.0,256.0,268.0,239.0,309.0,390.0,386.0,328.0,312.0,308.0,303.0,275.0,410.0,272.0,278.0,277.0,274.0,263.0,317.0,403.0,414.0,282.0,315.0,278.0,295.0,343.0,291.0,379.0,275.0,301.0,298.0,325.0,291.0,359.0,360.0,312.0,312.0,271.0,332.0,389.0,391.0,402.0,287.0,306.0,294.0,289.0,307.0,385.0,401.0,298.0,285.0,331.0,317.0,300.0,376.0,401.0,422.0,256.0,308.0,310.0,335.0,387.0,424.0,269.0,262.0,272.0,215.0,315.0,333.0,391.0,237.0,292.0,309.0,324.0,356.0,259.0,299.0,370.0,305.0,333.0,287.0,274.0,236.0,220.0,265.0,288.0,296.0,338.0,358.0,382.0,279.0,289.0,263.0,297.0,307.0,376.0,376.0,334.0,270.0,329.0,303.0,281.0,361.0,375.0,281.0,272.0,269.0,309.0,261.0,260.0,341.0,362.0,291.0,279.0,313.0,327.0,297.0,306.0,375.0,365.0,285.0,265.0,251.0,175.0,345.0,353.0,267.0,280.0,261.0,149.0,314.0,366.0,397.0,238.0,267.0,254.0,334.0,321.0,389.0,381.0,271.0,252.0,206.0,224.0,270.0,381.0,367.0,231.0,270.0,252.0,298.0,327.0,419.0,287.0,293.0,215.0,271.0,296.0,238.0,413.0,220.0,312.0,313.0,228.0,314.0,334.0,407.0,258.0,296.0,283.0,305.0,273.0,277.0,415.0,383.0,283.0,257.0,272.0,277.0,243.0,367.0,274.0,294.0,269.0,237.0,276.0,334.0,388.0,376.0,242.0,261.0,250.0,289.0,347.0,441.0,323.0,245.0,311.0,351.0,254.0,338.0,389.0,210.0,329.0,302.0,272.0,279.0,349.0,390.0,359.0,256.0,214.0,238.0,264.0,361.0,372.0,371.0,255.0,211.0,221.0,269.0,349.0,390.0,396.0,297.0,300.0,313.0,323.0,292.0,418.0,285.0,297.0,306.0,320.0,339.0,339.0,463.0,343.0
362.0,310.0,328.0,259.0,272.0,275.0,298.0,254.0,282.0,197.0,272.0,269.0,315.0,374.0,393.0,439.0,304.0,222.0,274.0,239.0,340.0,264.0,231.0,236.0,274.0,317.0,317.0,337.0,422.0,263.0,234.0,324.0,263.0,307.0,298.0,326.0,243.0,275.0,280.0,246.0,286.0,384.0,395.0,311.0,274.0,256.0,266.0,183.0,238.0,398.0,258.0,254.0,159.0,36.0,0.0,292.0,211.0,272.0,276.0,258.0,253.0,324.0,371.0,360.0,238.0,270.0,227.0,292.0,334.0,311.0,415.0,206.0,280.0,261.0,309.0,288.0,359.0,403.0,290.0,285.0,284.0,326.0,326.0,373.0,397.0,223.0,315.0,301.0,272.0,371.0,384.0,395.0,274.0,317.0,318.0,336.0,242.0,414.0,403.0,257.0,224.0,0.0,323.0,371.0,346.0,317.0,309.0,268.0,287.0,300.0,300.0,384.0,302.0,280.0,181.0,300.0,330.0,330.0,381.0,380.0,298.0,268.0,254.0,273.0,308.0,343.0,319.0,222.0,293.0,285.0,255.0,240.0,429.0,449.0,255.0,250.0,305.0,302.0,338.0,372.0,393.0,279.0,273.0,229.0,270.0,330.0,341.0,422.0,354.0,295.0,269.0,325.0,321.0,354.0,414.0,276.0,233.0,287.0,278.0,349.0,395.0,272.0,297.0,303.0,301.0,305.0,277.0,362.0,361.0,323.0,265.0,272.0,260.0,335.0,417.0,355.0,345.0,293.0,267.0,319.0,327.0,419.0,399.0,378.0,343.0,301.0,260.0,263.0,337.0,393.0,292.0,309.0,277.0,296.0,290.0,340.0,379.0,305.0,306.0,238.0,296.0,333.0,256.0,316.0,300.0,329.0,352.0,302.0,310.0,378.0,237.0,324.0,264.0,255.0,284.0,350.0,365.0,403.0,326.0,241.0,290.0,333.0,377.0,344.0,376.0,247.0,337.0,309.0,314.0,352.0,346.0,298.0,288.0,307.0,301.0,327.0,329.0,334.0,382.0,242.0,270.0,297.0,331.0,313.0,325.0,379.0,367.0,296.0,288.0,269.0,213.0,319.0,396.0,273.0,262.0,285.0,307.0,342.0,431.0,422.0,326.0,222.0,315.0,315.0,293.0,405.0,371.0,244.0,281.0,290.0,284.0,307.0,409.0,328.0,254.0,233.0,291.0,238.0,322.0,310.0,296.0,323.0,278.0,269.0,275.0,275.0,426.0,208.0,291.0,284.0,275.0,299.0,302.0,400.0,229.0,263.0,241.0,276.0,295.0,266.0,360.0,389.0,325.0,220.0,265.0,279.0,344.0,366.0,283.0,305.0,261.0,303.0,296.0,369.0,387.0,350.0,233.0,274.0,252.0,238.0,286.0,395.0,394.0,277.0,356.0,335.0,239.0,430.0,376.0,238.0,298.0,218.0,287.0,272.0,332.0,435.0,436.0,281.0,276.0,272.0,230.0,325.0,456.0,425.0,256.0,274.0,256.0,307.0,278.0,389.0,386.0,305.0,326.0,279.0,285.0,301.0,422.0,292.0,346.0,348.0,365.0,348.0,336.0,418.0,383.0
381.0,291.0,332.0,234.0,270.0,339.0,247.0,278.0,269.0,213.0,228.0,233.0,321.0,360.0,405.0,399.0,269.0,228.0,247.0,188.0,332.0,352.0,218.0,239.0,276.0,294.0,303.0,383.0,374.0,321.0,265.0,254.0,244.0,303.0,327.0,276.0,233.0,279.0,324.0,259.0,331.0,357.0,399.0,285.0,228.0,304.0,280.0,216.0,366.0,382.0,258.0,252.0,72.0,162.0,0.0,111.0,284.0,288.0,242.0,297.0,281.0,349.0,399.0,279.0,274.0,289.0,313.0,293.0,322.0,307.0,364.0,245.0,287.0,291.0,284.0,310.0,434.0,351.0,320.0,274.0,279.0,275.0,333.0,387.0,420.0,339.0,289.0,304.0,246.0,316.0,431.0,402.0,260.0,269.0,224.0,382.0,258.0,307.0,390.0,302.0,295.0,0.0,239.0,322.0,351.0,323.0,297.0,265.0,318.0,289.0,373.0,422.0,218.0,295.0,308.0,295.0,269.0,298.0,318.0,383.0,258.0,277.0,297.0,261.0,372.0,360.0,415.0,223.0,245.0,298.0,271.0,325.0,420.0,412.0,332.0,291.0,289.0,307.0,355.0,391.0,335.0,265.0,303.0,335.0,274.0,362.0,416.0,385.0,257.0,298.0,300.0,266.0,310.0,416.0,327.0,223.0,301.0,327.0,286.0,270.0,336.0,353.0,270.0,272.0,287.0,317.0,353.0,375.0,391.0,289.0,275.0,286.0,286.0,330.0,377.0,363.0,296.0,301.0,315.0,280.0,282.0,454.0,406.0,364.0,369.0,327.0,329.0,343.0,332.0,374.0,297.0,286.0,297.0,302.0,352.0,349.0,384.0,309.0,306.0,283.0,296.0,284.0,363.0,313.0,269.0,269.0,361.0,283.0,319.0,389.0,176.0,336.0,303.0,281.0,331.0,345.0,403.0,371.0,346.0,328.0,300.0,343.0,330.0,414.0,363.0,320.0,262.0,284.0,267.0,368.0,288.0,340.0,291.0,246.0,272.0,275.0,301.0,329.0,276.0,262.0,205.0,266.0,302.0,308.0,326.0,391.0,203.0,226.0,253.0,280.0,215.0,359.0,214.0,273.0,282.0,309.0,314.0,311.0,392.0,414.0,307.0,266.0,282.0,300.0,307.0,388.0,414.0,269.0,196.0,296.0,299.0,344.0,444.0,442.0,292.0,307.0,288.0,269.0,325.0,399.0,333.0,286.0,295.0,258.0,289.0,251.0,398.0,213.0,300.0,269.0,310.0,299.0,302.0,409.0,289.0,324.0,256.0,309.0,301.0,280.0,411.0,384.0,314.0,271.0,286.0,283.0,279.0,357.0,320.0,306.0,278.0,290.0,278.0,339.0,427.0,345.0,292.0,282.0,291.0,256.0,318.0,395.0,386.0,280.0,341.0,368.0,245.0,405.0,375.0,218.0,285.0,274.0,293.0,261.0,275.0,328.0,367.0,260.0,255.0,303.0,261.0,302.0,420.0,365.0,279.0,265.0,288.0,282.0,383.0,357.0,366.0,278.0,306.0,325.0,324.0,381.0,355.0,276.0,360.0,369.0,380.0,374.0,332.0,411.0,368.0
369.0,303.0,345.0,271.0,239.0,340.0,253.0,283.0,252.0,203.0,274.0,268.0,316.0,374.0,349.0,401.0,265.0,249.0,237.0,219.0,351.0,355.0,230.0,242.0,268.0,245.0,343.0,334.0,310.0,232.0,296.0,231.0,237.0,257.0,313.0,285.0,219.0,233.0,258.0,234.0,376.0,409.0,410.0,249.0,326.0,288.0,242.0,307.0,335.0,389.0,237.0,271.0,132.0,105.0,0.0,215.0,346.0,284.0,287.0,227.0,256.0,193.0,305.0,365.0,295.0,254.0,257.0,267.0,349.0,346.0,412.0,262.0,271.0,239.0,282.0,324.0,389.0,355.0,268.0,256.0,285.0,288.0,292.0,392.0,387.0,329.0,262.0,270.0,306.0,318.0,343.0,403.0,297.0,292.0,266.0,327.0,306.0,373.0,418.0,252.0,272.0,0.0,284.0,309.0,343.0,278.0,289.0,206.0,277.0,292.0,327.0,414.0,288.0,260.0,277.0,276.0,264.0,302.0,360.0,241.0,277.0,250.0,260.0,244.0,319.0,415.0,374.0,280.0,260.0,234.0,314.0,334.0,430.0,388.0,308.0,262.0,259.0,298.0,303.0,412.0,266.0,284.0,283.0,286.0,300.0,267.0,364.0,364.0,298.0,285.0,258.0,240.0,318.0,408.0,367.0,262.0,266.0,303.0,245.0,358.0,399.0,377.0,291.0,252.0,294.0,284.0,345.0,399.0,423.0,305.0,298.0,278.0,294.0,244.0,406.0,405.0,324.0,297.0,275.0,313.0,299.0,433.0,423.0,317.0,191.0,325.0,296.0,363.0,400.0,394.0,298.0,293.0,282.0,303.0,328.0,393.0,327.0,283.0,289.0,275.0,339.0,310.0,324.0,316.0,323.0,268.0,317.0,296.0,323.0,408.0,254.0,310.0,314.0,309.0,281.0,346.0,419.0,356.0,338.0,285.0,282.0,271.0,354.0,337.0,365.0,281.0,303.0,290.0,275.0,365.0,307.0,399.0,260.0,293.0,247.0,292.0,300.0,351.0,378.0,241.0,260.0,276.0,316.0,273.0,353.0,361.0,370.0,275.0,222.0,289.0,139.0,364.0,378.0,275.0,264.0,277.0,293.0,330.0,422.0,397.0,279.0,258.0,282.0,306.0,275.0,381.0,404.0,314.0,279.0,276.0,319.0,325.0,447.0,421.0,235.0,248.0,275.0,308.0,293.0,397.0,280.0,298.0,305.0,229.0,316.0,231.0,390.0,190.0,296.0,241.0,306.0,264.0,302.0,317.0,282.0,280.0,266.0,284.0,299.0,316.0,335.0,325.0,267.0,286.0,260.0,278.0,331.0,407.0,289.0,288.0,277.0,264.0,281.0,297.0,414.0,380.0,299.0,243.0,279.0,231.0,306.0,441.0,403.0,286.0,317.0,330.0,271.0,383.0,356.0,188.0,287.0,283.0,255.0,270.0,295.0,381.0,360.0,258.0,245.0,246.0,249.0,285.0,398.0,401.0,323.0,276.0,281.0,325.0,306.0,386.0,412.0,280.0,309.0,313.0,292.0,311.0,385.0,356.0,291.0,262.0,435.0,396.0,249.0,412.0,357.0
360.0,318.0,333.0,246.0,303.0,295.0,310.0,246.0,254.0,218.0,239.0,290.0,340.0,354.0,345.0,432.0,274.0,214.0,246.0,228.0,286.0,300.0,273.0,269.0,217.0,287.0,328.0,325.0,403.0,270.0,218.0,287.0,240.0,238.0,318.0,288.0,211.0,274.0,275.0,229.0,374.0,355.0,409.0,284.0,271.0,275.0,215.0,246.0,279.0,417.0,268.0,268.0,168.0,243.0,0.0,257.0,45.0,285.0,255.0,270.0,281.0,340.0,405.0,371.0,278.0,298.0,252.0,301.0,264.0,286.0,451.0,255.0,277.0,241.0,284.0,317.0,390.0,349.0,292.0,248.0,262.0,320.0,351.0,435.0,409.0,275.0,256.0,266.0,305.0,253.0,389.0,427.0,308.0,224.0,225.0,290.0,312.0,375.0,386.0,284.0,326.0,0.0,371.0,355.0,357.0,271.0,318.0,281.0,317.0,329.0,310.0,409.0,267.0,261.0,221.0,270.0,310.0,284.0,318.0,364.0,284.0,277.0,265.0,267.0,309.0,388.0,421.0,282.0,293.0,260.0,290.0,332.0,380.0,408.0,289.0,277.0,271.0,300.0,323.0,342.0,304.0,265.0,249.0,347.0,329.0,366.0,400.0,455.0,244.0,252.0,275.0,308.0,320.0,392.0,251.0,275.0,286.0,309.0,294.0,356.0,409.0,421.0,206.0,309.0,266.0,341.0,382.0,286.0,380.0,279.0,248.0,283.0,306.0,332.0,327.0,395.0,277.0,264.0,307.0,300.0,297.0,355.0,407.0,356.0,235.0,346.0,354.0,321.0,277.0,386.0,273.0,314.0,305.0,296.0,309.0,339.0,345.0,250.0,323.0,287.0,244.0,350.0,394.0,339.0,332.0,197.0,326.0,327.0,314.0,339.0,196.0,298.0,295.0,322.0,292.0,323.0,396.0,317.0,316.0,303.0,326.0,301.0,332.0,367.0,408.0,271.0,214.0,301.0,286.0,316.0,363.0,358.0,251.0,261.0,329.0,270.0,311.0,436.0,268.0,259.0,195.0,288.0,337.0,338.0,298.0,325.0,372.0,276.0,306.0,263.0,260.0,396.0,359.0,306.0,280.0,213.0,287.0,356.0,416.0,433.0,310.0,295.0,221.0,324.0,325.0,447.0,391.0,313.0,296.0,310.0,298.0,300.0,385.0,391.0,304.0,309.0,261.0,254.0,285.0,324.0,287.0,322.0,287.0,291.0,227.0,385.0,376.0,221.0,208.0,306.0,249.0,279.0,323.0,372.0,234.0,318.0,215.0,232.0,262.0,326.0,350.0,376.0,281.0,252.0,304.0,290.0,291.0,394.0,287.0,298.0,270.0,223.0,278.0,336.0,405.0,313.0,300.0,240.0,239.0,295.0,314.0,416.0,393.0,320.0,294.0,309.0,252.0,312.0,362.0,237.0,220.0,282.0,216.0,306.0,311.0,368.0,355.0,261.0,206.0,279.0,304.0,306.0,396.0,409.0,294.0,281.0,263.0,262.0,415.0,413.0,347.0,309.0,295.0,305.0,318.0,355.0,372.0,374.0,307.0,352.0,409.0,365.0,328.0,346.0,396.0
392.0,302.0,354.0,255.0,297.0,304.0,334.0,253.0,252.0,229.0,225.0,248.0,290.0,301.0,358.0,328.0,271.0,204.0,276.0,228.0,273.0,300.0,236.0,217.0,300.0,276.0,317.0,423.0,419.0,300.0,275.0,247.0,250.0,267.0,340.0,285.0,266.0,267.0,248.0,202.0,381.0,359.0,418.0,336.0,318.0,304.0,274.0,248.0,431.0,414.0,284.0,271.0,213.0,151.0,0.0,189.0,153.0,245.0,231.0,295.0,314.0,236.0,328.0,413.0,281.0,268.0,269.0,329.0,299.0,237.0,443.0,249.0,262.0,257.0,279.0,327.0,378.0,412.0,263.0,284.0,309.0,311.0,283.0,393.0,410.0,268.0,249.0,268.0,281.0,387.0,424.0,365.0,249.0,265.0,306.0,328.0,349.0,361.0,344.0,302.0,308.0,0.0,304.0,381.0,340.0,246.0,237.0,250.0,266.0,353.0,371.0,415.0,163.0,302.0,280.0,281.0,311.0,264.0,385.0,360.0,258.0,223.0,249.0,282.0,275.0,404.0,434.0,278.0,230.0,280.0,287.0,355.0,422.0,371.0,332.0,273.0,274.0,314.0,316.0,319.0,321.0,340.0,319.0,292.0,324.0,353.0,378.0,400.0,211.0,230.0,278.0,316.0,355.0,350.0,317.0,284.0,288.0,290.0,272.0,330.0,411.0,423.0,291.0,277.0,287.0,306.0,356.0,393.0,300.0,273.0,322.0,288.0,305.0,309.0,324.0,339.0,257.0,236.0,309.0,335.0,300.0,360.0,340.0,349.0,390.0,286.0,337.0,328.0,355.0,374.0,268.0,296.0,287.0,258.0,356.0,333.0,370.0,288.0,227.0,273.0,298.0,299.0,333.0,374.0,342.0,286.0,275.0,329.0,358.0,323.0,256.0,333.0,308.0,260.0,285.0,339.0,352.0,354.0,325.0,290.0,241.0,304.0,377.0,389.0,430.0,282.0,288.0,366.0,321.0,310.0,333.0,290.0,252.0,288.0,297.0,255.0,284.0,315.0,353.0,318.0,305.0,319.0,321.0,273.0,313.0,359.0,384.0,262.0,283.0,266.0,180.0,387.0,310.0,261.0,311.0,269.0,249.0,325.0,295.0,358.0,244.0,297.0,251.0,300.0,312.0,404.0,358.0,224.0,278.0,258.0,262.0,330.0,405.0,395.0,229.0,301.0,266.0,278.0,286.0,396.0,296.0,301.0,315.0,254.0,271.0,309.0,417.0,166.0,268.0,276.0,228.0,279.0,314.0,396.0,240.0,274.0,214.0,317.0,244.0,257.0,365.0,376.0,292.0,241.0,262.0,296.0,325.0,349.0,273.0,285.0,262.0,226.0,242.0,383.0,435.0,381.0,283.0,270.0,238.0,265.0,290.0,379.0,451.0,314.0,344.0,363.0,261.0,291.0,379.0,275.0,323.0,232.0,268.0,247.0,318.0,327.0,371.0,289.0,269.0,287.0,318.0,357.0,399.0,363.0,245.0,265.0,277.0,305.0,341.0,317.0,368.0,317.0,267.0,262.0,333.0,310.0,392.0,308.0,339.0,373.0,385.0,386.0,330.0,411.0,359.0
379.0,291.0,314.0,299.0,290.0,310.0,284.0,252.0,236.0,154.0,254.0,250.0,300.0,318.0,370.0,370.0,229.0,236.0,270.0,290.0,328.0,282.0,206.0,202.0,276.0,286.0,350.0,275.0,396.0,283.0,265.0,285.0,206.0,305.0,323.0,310.0,278.0,315.0,248.0,264.0,326.0,432.0,420.0,250.0,254.0,286.0,265.0,283.0,349.0,374.0,264.0,260.0,233.0,139.0,0.0,358.0,230.0,307.0,201.0,292.0,248.0,329.0,351.0,349.0,251.0,239.0,296.0,296.0,319.0,286.0,427.0,312.0,261.0,291.0,308.0,318.0,402.0,397.0,264.0,230.0,313.0,280.0,341.0,415.0,419.0,318.0,333.0,305.0,313.0,300.0,313.0,297.0,243.0,298.0,265.0,305.0,299.0,430.0,299.0,313.0,311.0,0.0,293.0,371.0,277.0,353.0,365.0,290.0,311.0,326.0,339.0,421.0,282.0,297.0,260.0,290.0,235.0,293.0,355.0,397.0,311.0,235.0,289.0,212.0,337.0,395.0,409.0,298.0,283.0,292.0,262.0,304.0,425.0,352.0,275.0,284.0,277.0,306.0,304.0,425.0,368.0,304.0,266.0,320.0,355.0,355.0,387.0,440.0,276.0,279.0,294.0,283.0,361.0,382.0,356.0,265.0,262.0,271.0,343.0,353.0,401.0,412.0,301.0,341.0,318.0,371.0,396.0,416.0,333.0,333.0,271.0,303.0,298.0,311.0,384.0,392.0,270.0,320.0,232.0,301.0,323.0,402.0,403.0,361.0,381.0,339.0,345.0,264.0,345.0,423.0,301.0,325.0,237.0,339.0,341.0,402.0,310.0,306.0,301.0,291.0,327.0,355.0,355.0,350.0,306.0,332.0,365.0,301.0,329.0,372.0,174.0,295.0,289.0,342.0,272.0,321.0,361.0,331.0,333.0,259.0,342.0,285.0,361.0,326.0,374.0,292.0,232.0,336.0,330.0,332.0,253.0,358.0,283.0,285.0,273.0,286.0,314.0,392.0,292.0,268.0,263.0,298.0,305.0,335.0,281.0,372.0,263.0,319.0,251.0,292.0,192.0,340.0,365.0,285.0,200.0,305.0,343.0,319.0,394.0,387.0,290.0,317.0,296.0,305.0,380.0,304.0,315.0,291.0,271.0,217.0,278.0,306.0,403.0,430.0,276.0,296.0,275.0,280.0,327.0,420.0,225.0,299.0,276.0,292.0,275.0,305.0,378.0,200.0,245.0,266.0,294.0,291.0,293.0,360.0,265.0,291.0,241.0,294.0,271.0,363.0,380.0,273.0,357.0,312.0,257.0,178.0,249.0,386.0,262.0,295.0,276.0,280.0,298.0,345.0,425.0,299.0,289.0,244.0,241.0,265.0,364.0,364.0,401.0,293.0,329.0,293.0,309.0,367.0,230.0,271.0,323.0,240.0,296.0,296.0,322.0,439.0,317.0,272.0,282.0,253.0,293.0,331.0,392.0,417.0,280.0,278.0,274.0,294.0,336.0,385.0,315.0,291.0,308.0,356.0,275.0,335.0,337.0,282.0,320.0,392.0,391.0,343.0,349.0,384.0,369.0
344.0,287.0,335.0,275.0,291.0,284.0,264.0,290.0,279.0,209.0,251.0,222.0,326.0,328.0,401.0,397.0,283.0,212.0,207.0,233.0,383.0,277.0,270.0,288.0,296.0,296.0,371.0,366.0,362.0,273.0,277.0,295.0,241.0,296.0,342.0,331.0,264.0,265.0,255.0,251.0,370.0,341.0,382.0,307.0,309.0,342.0,253.0,256.0,388.0,340.0,275.0,285.0,215.0,227.0,0.0,224.0,195.0,278.0,282.0,268.0,318.0,315.0,364.0,411.0,306.0,233.0,294.0,300.0,324.0,263.0,432.0,299.0,278.0,319.0,327.0,284.0,429.0,423.0,282.0,208.0,324.0,302.0,345.0,356.0,415.0,314.0,286.0,260.0,245.0,373.0,414.0,350.0,292.0,346.0,310.0,326.0,341.0,399.0,328.0,302.0,257.0,0.0,361.0,387.0,372.0,361.0,320.0,285.0,307.0,269.0,354.0,377.0,254.0,311.0,323.0,333.0,333.0,340.0,391.0,360.0,283.0,288.0,308.0,300.0,278.0,340.0,398.0,284.0,331.0,284.0,288.0,290.0,415.0,364.0,304.0,325.0,257.0,292.0,288.0,424.0,336.0,316.0,306.0,318.0,340.0,361.0,318.0,432.0,264.0,332.0,295.0,299.0,328.0,347.0,403.0,280.0,232.0,313.0,362.0,329.0,380.0,387.0,318.0,305.0,292.0,294.0,363.0,329.0,363.0,277.0,324.0,307.0,325.0,340.0,355.0,374.0,347.0,336.0,289.0,319.0,352.0,476.0,408.0,298.0,356.0,322.0,308.0,296.0,376.0,425.0,317.0,295.0,287.0,264.0,342.0,362.0,367.0,294.0,280.0,256.0,261.0,331.0,359.0,365.0,346.0,325.0,359.0,295.0,346.0,352.0,203.0,346.0,336.0,292.0,286.0,364.0,411.0,285.0,325.0,325.0,358.0,324.0,349.0,360.0,382.0,320.0,269.0,311.0,311.0,315.0,356.0,314.0,325.0,316.0,303.0,301.0,355.0,353.0,341.0,276.0,254.0,276.0,318.0,369.0,346.0,336.0,335.0,272.0,246.0,341.0,197.0,366.0,348.0,277.0,246.0,310.0,269.0,377.0,436.0,429.0,282.0,298.0,301.0,328.0,334.0,424.0,260.0,271.0,269.0,225.0,226.0,366.0,395.0,330.0,297.0,261.0,278.0,287.0,366.0,434.0,329.0,335.0,313.0,298.0,291.0,309.0,365.0,229.0,213.0,333.0,241.0,344.0,312.0,371.0,242.0,261.0,286.0,302.0,330.0,226.0,370.0,345.0,279.0,267.0,297.0,299.0,318.0,378.0,315.0,270.0,300.0,279.0,293.0,337.0,436.0,234.0,301.0,305.0,255.0,272.0,282.0,393.0,416.0,334.0,282.0,333.0,309.0,346.0,371.0,265.0,302.0,241.0,283.0,250.0,318.0,362.0,373.0,276.0,286.0,273.0,285.0,329.0,415.0,420.0,329.0,274.0,290.0,299.0,347.0,368.0,402.0,331.0,313.0,313.0,314.0,363.0,302.0,345.0,381.0,395.0,411.0,387.0,339.0,346.0,325.0
393.0,291.0,351.0,233.0,278.0,355.0,305.0,340.0,277.0,248.0,246.0,236.0,269.0,386.0,308.0,393.0,205.0,248.0,258.0,298.0,327.0,304.0,292.0,232.0,257.0,244.0,311.0,384.0,411.0,257.0,304.0,237.0,234.0,307.0,326.0,293.0,245.0,295.0,239.0,246.0,323.0,340.0,353.0,281.0,300.0,290.0,270.0,277.0,326.0,375.0,270.0,293.0,125.0,265.0,0.0,252.0,190.0,316.0,261.0,254.0,286.0,314.0,324.0,329.0,300.0,260.0,281.0,337.0,352.0,212.0,333.0,293.0,296.0,305.0,319.0,306.0,346.0,414.0,316.0,298.0,281.0,313.0,326.0,427.0,347.0,265.0,219.0,242.0,273.0,338.0,369.0,371.0,295.0,338.0,300.0,362.0,325.0,347.0,383.0,315.0,287.0,0.0,255.0,332.0,441.0,255.0,335.0,260.0,294.0,325.0,342.0,425.0,246.0,332.0,241.0,304.0,332.0,311.0,389.0,344.0,248.0,299.0,289.0,292.0,350.0,379.0,436.0,302.0,239.0,314.0,214.0,324.0,376.0,231.0,271.0,313.0,346.0,311.0,315.0,418.0,210.0,267.0,273.0,322.0,300.0,356.0,407.0,359.0,306.0,294.0,318.0,337.0,321.0,355.0,364.0,271.0,278.0,252.0,242.0,324.0,412.0,391.0,317.0,291.0,301.0,340.0,290.0,341.0,387.0,288.0,270.0,273.0,295.0,376.0,355.0,419.0,317.0,310.0,283.0,307.0,289.0,417.0,376.0,364.0,357.0,333.0,307.0,335.0,351.0,360.0,277.0,336.0,305.0,266.0,338.0,373.0,369.0,279.0,275.0,274.0,296.0,301.0,385.0,369.0,349.0,286.0,351.0,276.0,406.0,327.0,228.0,330.0,243.0,304.0,327.0,329.0,377.0,380.0,312.0,312.0,315.0,253.0,275.0,401.0,329.0,332.0,249.0,316.0,282.0,382.0,333.0,154.0,319.0,266.0,271.0,270.0,359.0,344.0,344.0,281.0,280.0,247.0,316.0,306.0,317.0,380.0,329.0,313.0,302.0,255.0,187.0,394.0,387.0,238.0,316.0,261.0,330.0,324.0,371.0,439.0,300.0,268.0,282.0,316.0,408.0,387.0,333.0,289.0,277.0,289.0,240.0,303.0,376.0,384.0,276.0,299.0,284.0,322.0,368.0,379.0,269.0,326.0,251.0,295.0,220.0,272.0,407.0,247.0,278.0,281.0,269.0,255.0,233.0,341.0,350.0,283.0,247.0,305.0,311.0,251.0,370.0,324.0,324.0,239.0,258.0,323.0,320.0,386.0,321.0,304.0,253.0,264.0,285.0,278.0,394.0,199.0,261.0,309.0,301.0,193.0,325.0,406.0,401.0,301.0,319.0,360.0,296.0,340.0,320.0,227.0,282.0,276.0,299.0,240.0,342.0,390.0,380.0,311.0,255.0,351.0,287.0,280.0,398.0,365.0,323.0,248.0,303.0,321.0,304.0,310.0,375.0,305.0,313.0,354.0,271.0,370.0,343.0,254.0,328.0,375.0,341.0,345.0,392.0,382.0,352.0
359.0,273.0,287.0,248.0,287.0,316.0,260.0,257.0,237.0,202.0,261.0,282.0,290.0,378.0,382.0,407.0,297.0,236.0,255.0,278.0,326.0,331.0,207.0,220.0,194.0,303.0,276.0,374.0,292.0,225.0,273.0,215.0,261.0,266.0,382.0,213.0,219.0,247.0,169.0,216.0,309.0,368.0,412.0,265.0,300.0,289.0,247.0,244.0,357.0,395.0,224.0,255.0,218.0,262.0,0.0,159.0,130.0,260.0,239.0,304.0,200.0,258.0,395.0,302.0,281.0,292.0,229.0,309.0,313.0,377.0,391.0,268.0,287.0,285.0,295.0,343.0,411.0,419.0,252.0,253.0,296.0,287.0,268.0,336.0,361.0,293.0,266.0,296.0,274.0,286.0,368.0,385.0,274.0,286.0,257.0,311.0,329.0,355.0,290.0,309.0,290.0,0.0,294.0,355.0,393.0,349.0,310.0,301.0,320.0,226.0,331.0,319.0,274.0,286.0,292.0,279.0,303.0,340.0,347.0,256.0,244.0,266.0,277.0,259.0,321.0,396.0,422.0,223.0,265.0,255.0,285.0,337.0,427.0,323.0,255.0,274.0,289.0,245.0,348.0,396.0,269.0,270.0,286.0,337.0,285.0,307.0,389.0,406.0,216.0,301.0,281.0,309.0,300.0,258.0,404.0,266.0,299.0,319.0,319.0,296.0,396.0,320.0,270.0,310.0,325.0,308.0,349.0,329.0,372.0,289.0,262.0,318.0,329.0,322.0,403.0,384.0,257.0,299.0,300.0,285.0,350.0,436.0,374.0,342.0,305.0,342.0,321.0,324.0,370.0,387.0,265.0,240.0,287.0,277.0,328.0,379.0,352.0,262.0,244.0,272.0,348.0,361.0,436.0,382.0,319.0,288.0,311.0,344.0,309.0,390.0,173.0,298.0,330.0,273.0,318.0,355.0,384.0,389.0,312.0,264.0,299.0,314.0,329.0,354.0,339.0,306.0,300.0,276.0,319.0,343.0,278.0,344.0,258.0,235.0,243.0,208.0,328.0,390.0,234.0,253.0,243.0,224.0,338.0,330.0,315.0,340.0,357.0,267.0,254.0,312.0,163.0,341.0,324.0,286.0,255.0,265.0,290.0,332.0,454.0,422.0,284.0,280.0,252.0,283.0,307.0,390.0,248.0,274.0,266.0,231.0,256.0,279.0,410.0,415.0,300.0,297.0,254.0,259.0,340.0,339.0,357.0,303.0,285.0,250.0,298.0,300.0,343.0,190.0,265.0,234.0,264.0,310.0,289.0,437.0,259.0,322.0,244.0,263.0,290.0,368.0,378.0,341.0,263.0,273.0,299.0,264.0,258.0,338.0,311.0,288.0,264.0,252.0,288.0,382.0,405.0,298.0,280.0,289.0,268.0,275.0,365.0,433.0,414.0,221.0,354.0,330.0,270.0,360.0,303.0,250.0,307.0,282.0,218.0,248.0,308.0,352.0,384.0,297.0,232.0,260.0,307.0,316.0,386.0,385.0,289.0,304.0,240.0,303.0,383.0,344.0,373.0,262.0,306.0,345.0,327.0,324.0,372.0,268.0,301.0,334.0,394.0,390.0,368.0,374.0,328.0
346.0,260.0,321.0,263.0,295.0,341.0,308.0,277.0,247.0,214.0,250.0,236.0,281.0,373.0,322.0,402.0,242.0,247.0,235.0,252.0,336.0,252.0,191.0,215.0,198.0,237.0,304.0,352.0,390.0,256.0,219.0,249.0,299.0,272.0,324.0,282.0,259.0,190.0,271.0,242.0,361.0,337.0,402.0,209.0,260.0,312.0,287.0,267.0,277.0,359.0,230.0,218.0,143.0,228.0,0.0,117.0,198.0,218.0,287.0,249.0,279.0,326.0,364.0,402.0,261.0,278.0,262.0,254.0,313.0,293.0,401.0,271.0,256.0,264.0,284.0,300.0,411.0,355.0,254.0,212.0,275.0,295.0,284.0,407.0,428.0,295.0,287.0,291.0,307.0,352.0,352.0,381.0,264.0,286.0,256.0,307.0,300.0,395.0,443.0,251.0,317.0,0.0,315.0,367.0,331.0,363.0,322.0,230.0,287.0,347.0,313.0,420.0,282.0,259.0,260.0,304.0,259.0,310.0,346.0,348.0,279.0,256.0,232.0,235.0,312.0,346.0,416.0,245.0,266.0,295.0,292.0,295.0,362.0,292.0,276.0,299.0,253.0,292.0,295.0,349.0,321.0,277.0,284.0,270.0,300.0,302.0,363.0,340.0,267.0,246.0,257.0,299.0,313.0,218.0,342.0,300.0,286.0,287.0,234.0,324.0,404.0,389.0,324.0,266.0,278.0,338.0,343.0,424.0,385.0,290.0,275.0,223.0,312.0,321.0,348.0,368.0,273.0,265.0,293.0,330.0,259.0,410.0,390.0,391.0,366.0,318.0,315.0,334.0,314.0,374.0,350.0,251.0,284.0,255.0,331.0,341.0,282.0,264.0,230.0,247.0,230.0,274.0,341.0,375.0,254.0,249.0,359.0,267.0,349.0,249.0,246.0,238.0,302.0,264.0,298.0,342.0,312.0,265.0,336.0,275.0,276.0,294.0,292.0,329.0,397.0,363.0,304.0,283.0,273.0,344.0,287.0,366.0,278.0,251.0,276.0,271.0,307.0,360.0,342.0,295.0,300.0,217.0,315.0,284.0,269.0,318.0,401.0,273.0,255.0,271.0,203.0,409.0,373.0,279.0,289.0,294.0,290.0,320.0,345.0,440.0,321.0,265.0,269.0,251.0,305.0,394.0,220.0,279.0,296.0,282.0,295.0,290.0,419.0,414.0,242.0,267.0,275.0,289.0,309.0,348.0,241.0,309.0,297.0,252.0,318.0,287.0,426.0,222.0,286.0,284.0,256.0,281.0,310.0,422.0,233.0,229.0,291.0,267.0,308.0,304.0,389.0,304.0,296.0,270.0,283.0,325.0,244.0,397.0,256.0,288.0,286.0,240.0,286.0,376.0,406.0,279.0,295.0,285.0,246.0,290.0,331.0,402.0,424.0,352.0,378.0,293.0,236.0,369.0,308.0,217.0,277.0,278.0,273.0,328.0,271.0,431.0,423.0,250.0,265.0,229.0,304.0,325.0,338.0,337.0,311.0,268.0,319.0,284.0,281.0,326.0,403.0,295.0,286.0,277.0,377.0,340.0,370.0,349.0,345.0,384.0,406.0,391.0,411.0,377.0,370.0
370.0,275.0,268.0,269.0,322.0,401.0,265.0,182.0,236.0,216.0,241.0,190.0,297.0,381.0,361.0,389.0,308.0,222.0,269.0,291.0,328.0,191.0,251.0,256.0,254.0,380.0,341.0,366.0,406.0,245.0,244.0,283.0,269.0,283.0,345.0,308.0,251.0,199.0,240.0,275.0,267.0,376.0,353.0,319.0,280.0,267.0,298.0,307.0,386.0,370.0,257.0,251.0,239.0,84.0,0.0,263.0,279.0,251.0,264.0,283.0,275.0,299.0,404.0,338.0,248.0,306.0,298.0,262.0,342.0,392.0,385.0,250.0,261.0,225.0,293.0,311.0,402.0,396.0,296.0,276.0,254.0,260.0,304.0,370.0,313.0,287.0,293.0,295.0,283.0,338.0,395.0,367.0,311.0,283.0,273.0,329.0,275.0,438.0,419.0,283.0,286.0,0.0,274.0,288.0,405.0,331.0,304.0,318.0,320.0,304.0,327.0,436.0,224.0,309.0,319.0,247.0,326.0,337.0,377.0,369.0,287.0,248.0,204.0,284.0,306.0,345.0,392.0,283.0,257.0,281.0,325.0,322.0,433.0,385.0,277.0,274.0,304.0,260.0,368.0,415.0,255.0,300.0,283.0,293.0,349.0,271.0,391.0,390.0,224.0,253.0,318.0,300.0,300.0,283.0,389.0,271.0,286.0,312.0,300.0,376.0,355.0,286.0,280.0,350.0,337.0,296.0,276.0,405.0,390.0,266.0,306.0,260.0,259.0,331.0,395.0,368.0,294.0,286.0,340.0,309.0,185.0,447.0,421.0,390.0,324.0,344.0,312.0,302.0,322.0,426.0,299.0,221.0,292.0,303.0,373.0,414.0,281.0,293.0,254.0,327.0,364.0,369.0,368.0,379.0,313.0,303.0,310.0,308.0,347.0,310.0,196.0,308.0,310.0,270.0,291.0,272.0,289.0,368.0,289.0,318.0,313.0,287.0,368.0,426.0,367.0,315.0,292.0,327.0,297.0,354.0,267.0,287.0,291.0,271.0,263.0,321.0,332.0,261.0,237.0,227.0,274.0,285.0,296.0,358.0,213.0,350.0,382.0,272.0,220.0,278.0,200.0,380.0,414.0,266.0,294.0,280.0,296.0,305.0,425.0,389.0,265.0,298.0,251.0,309.0,273.0,388.0,227.0,251.0,243.0,289.0,268.0,302.0,421.0,399.0,289.0,268.0,265.0,332.0,374.0,389.0,228.0,322.0,271.0,259.0,322.0,318.0,405.0,346.0,335.0,296.0,263.0,281.0,290.0,369.0,260.0,331.0,266.0,318.0,319.0,337.0,362.0,333.0,284.0,273.0,252.0,317.0,279.0,363.0,285.0,324.0,274.0,333.0,255.0,358.0,355.0,318.0,282.0,292.0,275.0,274.0,316.0,451.0,427.0,303.0,291.0,377.0,262.0,330.0,206.0,226.0,318.0,211.0,285.0,285.0,323.0,363.0,346.0,271.0,232.0,253.0,339.0,371.0,368.0,407.0,271.0,308.0,268.0,321.0,362.0,390.0,366.0,295.0,294.0,311.0,342.0,350.0,259.0,347.0,328.0,378.0,387.0,364.0,387.0,404.0,336.0
364.0,323.0,321.0,310.0,258.0,397.0,293.0,238.0,292.0,233.0,236.0,305.0,326.0,413.0,301.0,414.0,300.0,272.0,272.0,295.0,278.0,267.0,259.0,264.0,308.0,334.0,328.0,425.0,405.0,304.0,236.0,287.0,281.0,325.0,347.0,257.0,295.0,173.0,270.0,255.0,345.0,421.0,359.0,329.0,311.0,308.0,270.0,239.0,358.0,351.0,300.0,250.0,189.0,172.0,0.0,167.0,255.0,287.0,259.0,288.0,267.0,299.0,375.0,335.0,226.0,287.0,274.0,288.0,337.0,374.0,413.0,300.0,298.0,276.0,276.0,316.0,434.0,452.0,313.0,273.0,310.0,346.0,363.0,395.0,331.0,340.0,348.0,321.0,326.0,307.0,395.0,360.0,300.0,316.0,337.0,344.0,356.0,411.0,329.0,325.0,377.0,0.0,347.0,378.0,333.0,289.0,289.0,333.0,292.0,335.0,372.0,384.0,229.0,335.0,328.0,341.0,311.0,271.0,385.0,328.0,277.0,322.0,298.0,275.0,316.0,404.0,418.0,291.0,326.0,295.0,322.0,347.0,372.0,351.0,311.0,301.0,284.0,344.0,307.0,388.0,358.0,300.0,321.0,340.0,318.0,395.0,421.0,380.0,268.0,334.0,237.0,332.0,343.0,294.0,298.0,303.0,297.0,324.0,316.0,359.0,377.0,325.0,319.0,319.0,292.0,347.0,383.0,341.0,393.0,283.0,349.0,295.0,297.0,311.0,345.0,358.0,331.0,304.0,269.0,317.0,262.0,381.0,404.0,367.0,367.0,343.0,352.0,299.0,352.0,384.0,335.0,311.0,295.0,321.0,370.0,397.0,308.0,286.0,279.0,307.0,327.0,374.0,342.0,347.0,326.0,286.0,354.0,332.0,382.0,298.0,175.0,317.0,344.0,325.0,373.0,353.0,371.0,359.0,321.0,321.0,335.0,321.0,290.0,440.0,383.0,289.0,357.0,336.0,381.0,376.0,234.0,291.0,272.0,285.0,329.0,309.0,343.0,368.0,320.0,262.0,303.0,237.0,314.0,367.0,322.0,381.0,339.0,330.0,300.0,313.0,229.0,361.0,341.0,308.0,319.0,296.0,330.0,395.0,382.0,440.0,275.0,279.0,329.0,321.0,365.0,442.0,158.0,320.0,328.0,264.0,350.0,313.0,427.0,388.0,278.0,288.0,299.0,328.0,351.0,398.0,283.0,313.0,301.0,298.0,324.0,320.0,441.0,328.0,330.0,275.0,267.0,310.0,343.0,398.0,195.0,283.0,250.0,294.0,296.0,378.0,417.0,386.0,286.0,270.0,320.0,330.0,313.0,394.0,306.0,300.0,276.0,267.0,304.0,364.0,421.0,265.0,335.0,314.0,294.0,333.0,350.0,411.0,366.0,344.0,358.0,333.0,235.0,286.0,314.0,247.0,301.0,254.0,280.0,273.0,247.0,379.0,352.0,304.0,281.0,275.0,286.0,225.0,411.0,379.0,330.0,327.0,363.0,315.0,378.0,372.0,400.0,303.0,308.0,329.0,338.0,317.0,332.0,248.0,356.0,390.0,426.0,380.0,383.0,370.0,339.0
344.0,327.0,332.0,296.0,269.0,322.0,308.0,248.0,269.0,276.0,329.0,317.0,307.0,309.0,359.0,370.0,262.0,288.0,286.0,277.0,289.0,295.0,304.0,300.0,289.0,301.0,317.0,338.0,368.0,303.0,326.0,312.0,252.0,314.0,361.0,256.0,299.0,200.0,273.0,268.0,331.0,327.0,379.0,309.0,345.0,377.0,346.0,313.0,325.0,351.0,307.0,314.0,187.0,161.0,0.0,200.0,291.0,319.0,334.0,289.0,295.0,355.0,302.0,297.0,309.0,294.0,308.0,306.0,349.0,352.0,271.0,343.0,356.0,323.0,337.0,293.0,425.0,401.0,347.0,324.0,297.0,346.0,340.0,409.0,405.0,298.0,358.0,304.0,335.0,343.0,381.0,370.0,306.0,305.0,286.0,345.0,318.0,373.0,385.0,320.0,359.0,0.0,388.0,391.0,375.0,213.0,356.0,341.0,315.0,346.0,352.0,354.0,175.0,284.0,302.0,277.0,300.0,347.0,353.0,346.0,304.0,333.0,281.0,313.0,343.0,344.0,357.0,347.0,264.0,293.0,342.0,351.0,404.0,389.0,290.0,341.0,300.0,335.0,363.0,402.0,281.0,321.0,295.0,295.0,349.0,345.0,369.0,344.0,299.0,295.0,303.0,335.0,254.0,306.0,401.0,319.0,298.0,306.0,305.0,395.0,343.0,296.0,359.0,279.0,327.0,376.0,361.0,397.0,399.0,289.0,290.0,286.0,337.0,337.0,332.0,410.0,333.0,333.0,326.0,292.0,313.0,423.0,412.0,415.0,282.0,351.0,340.0,335.0,382.0,390.0,326.0,324.0,380.0,321.0,391.0,378.0,337.0,311.0,317.0,308.0,345.0,405.0,366.0,359.0,376.0,318.0,320.0,349.0,369.0,317.0,191.0,280.0,316.0,358.0,375.0,369.0,400.0,393.0,346.0,311.0,398.0,352.0,318.0,388.0,305.0,322.0,340.0,321.0,359.0,362.0,209.0,248.0,309.0,332.0,317.0,274.0,339.0,362.0,356.0,341.0,322.0,288.0,302.0,307.0,286.0,296.0,238.0,334.0,307.0,303.0,198.0,350.0,401.0,342.0,273.0,338.0,345.0,379.0,324.0,422.0,297.0,277.0,335.0,356.0,289.0,438.0,212.0,309.0,311.0,350.0,215.0,386.0,400.0,427.0,319.0,308.0,334.0,325.0,360.0,383.0,279.0,334.0,281.0,327.0,288.0,385.0,429.0,370.0,261.0,248.0,295.0,288.0,355.0,331.0,216.0,292.0,222.0,355.0,312.0,334.0,384.0,327.0,344.0,233.0,336.0,300.0,332.0,360.0,302.0,314.0,244.0,363.0,351.0,299.0,399.0,325.0,288.0,366.0,314.0,249.0,325.0,395.0,387.0,235.0,357.0,361.0,285.0,317.0,279.0,314.0,358.0,315.0,305.0,334.0,373.0,409.0,352.0,244.0,278.0,280.0,362.0,340.0,367.0,358.0,327.0,320.0,342.0,323.0,348.0,366.0,403.0,293.0,323.0,365.0,316.0,357.0,323.0,327.0,360.0,339.0,405.0,389.0,430.0,415.0,351.0
361.0,312.0,361.0,295.0,324.0,362.0,266.0,230.0,275.0,233.0,285.0,260.0,319.0,349.0,421.0,395.0,224.0,256.0,252.0,278.0,278.0,212.0,260.0,257.0,274.0,329.0,333.0,358.0,443.0,311.0,356.0,332.0,273.0,328.0,290.0,306.0,286.0,252.0,222.0,286.0,295.0,439.0,382.0,338.0,275.0,329.0,315.0,337.0,372.0,356.0,299.0,268.0,275.0,107.0,0.0,171.0,204.0,321.0,294.0,261.0,352.0,290.0,330.0,388.0,294.0,317.0,298.0,266.0,331.0,345.0,405.0,323.0,300.0,257.0,325.0,371.0,430.0,331.0,260.0,298.0,288.0,358.0,324.0,406.0,400.0,373.0,333.0,302.0,282.0,301.0,376.0,328.0,273.0,302.0,317.0,308.0,290.0,350.0,386.0,331.0,374.0,0.0,351.0,394.0,370.0,313.0,378.0,303.0,302.0,350.0,420.0,402.0,242.0,278.0,328.0,264.0,305.0,319.0,346.0,307.0,271.0,331.0,335.0,342.0,289.0,403.0,412.0,317.0,311.0,306.0,353.0,368.0,423.0,405.0,334.0,273.0,284.0,314.0,274.0,371.0,304.0,303.0,319.0,314.0,336.0,270.0,389.0,369.0,262.0,271.0,316.0,335.0,331.0,332.0,332.0,277.0,277.0,295.0,339.0,365.0,357.0,351.0,317.0,359.0,327.0,269.0,352.0,346.0,374.0,290.0,280.0,329.0,343.0,326.0,258.0,331.0,274.0,259.0,302.0,390.0,299.0,375.0,368.0,375.0,289.0,358.0,325.0,313.0,339.0,303.0,300.0,271.0,252.0,290.0,326.0,388.0,338.0,334.0,274.0,287.0,298.0,356.0,394.0,373.0,274.0,281.0,356.0,276.0,383.0,192.0,209.0,303.0,260.0,316.0,299.0,398.0,325.0,387.0,348.0,331.0,327.0,353.0,396.0,355.0,355.0,282.0,331.0,262.0,278.0,318.0,226.0,309.0,294.0,317.0,275.0,298.0,331.0,384.0,224.0,258.0,283.0,318.0,387.0,371.0,247.0,337.0,378.0,307.0,341.0,341.0,251.0,356.0,318.0,302.0,303.0,284.0,343.0,326.0,425.0,415.0,236.0,298.0,156.0,286.0,352.0,381.0,193.0,274.0,316.0,208.0,272.0,294.0,387.0,316.0,220.0,308.0,247.0,339.0,377.0,401.0,339.0,313.0,261.0,265.0,329.0,340.0,445.0,380.0,304.0,334.0,287.0,331.0,295.0,309.0,212.0,315.0,322.0,294.0,291.0,329.0,322.0,335.0,331.0,263.0,293.0,332.0,314.0,428.0,336.0,316.0,298.0,314.0,311.0,340.0,381.0,316.0,278.0,337.0,281.0,261.0,334.0,381.0,367.0,275.0,368.0,310.0,272.0,322.0,282.0,236.0,360.0,325.0,301.0,256.0,331.0,408.0,319.0,283.0,219.0,314.0,295.0,339.0,377.0,330.0,311.0,280.0,274.0,330.0,282.0,367.0,383.0,345.0,343.0,330.0,371.0,319.0,287.0,284.0,366.0,319.0,314.0,378.0,355.0,385.0,341.0
350.0,262.0,323.0,258.0,325.0,331.0,253.0,249.0,236.0,176.0,295.0,254.0,271.0,338.0,376.0,366.0,265.0,232.0,289.0,281.0,244.0,282.0,241.0,305.0,311.0,305.0,266.0,356.0,405.0,297.0,292.0,268.0,269.0,283.0,354.0,269.0,254.0,183.0,246.0,237.0,380.0,358.0,370.0,258.0,277.0,278.0,224.0,322.0,383.0,337.0,256.0,285.0,121.0,279.0,0.0,145.0,205.0,283.0,296.0,300.0,282.0,281.0,380.0,346.0,237.0,256.0,264.0,274.0,377.0,362.0,369.0,277.0,220.0,292.0,311.0,343.0,294.0,381.0,284.0,313.0,267.0,293.0,356.0,369.0,373.0,269.0,317.0,333.0,344.0,289.0,364.0,388.0,347.0,317.0,303.0,296.0,337.0,273.0,425.0,304.0,287.0,0.0,321.0,274.0,382.0,332.0,328.0,255.0,304.0,386.0,352.0,421.0,182.0,269.0,304.0,249.0,289.0,234.0,301.0,239.0,267.0,253.0,286.0,304.0,335.0,303.0,391.0,286.0,281.0,272.0,300.0,314.0,404.0,397.0,295.0,292.0,304.0,287.0,311.0,418.0,310.0,294.0,295.0,258.0,324.0,313.0,364.0,397.0,223.0,330.0,293.0,279.0,321.0,332.0,323.0,281.0,277.0,290.0,305.0,343.0,328.0,379.0,234.0,317.0,217.0,252.0,392.0,290.0,291.0,295.0,256.0,269.0,286.0,365.0,199.0,369.0,348.0,278.0,279.0,281.0,322.0,409.0,362.0,413.0,242.0,343.0,283.0,281.0,370.0,400.0,302.0,304.0,252.0,297.0,350.0,374.0,312.0,342.0,313.0,294.0,296.0,304.0,328.0,369.0,325.0,318.0,341.0,338.0,376.0,274.0,215.0,301.0,336.0,309.0,328.0,360.0,331.0,362.0,354.0,368.0,346.0,351.0,366.0,336.0,338.0,243.0,269.0,263.0,320.0,389.0,208.0,276.0,317.0,306.0,276.0,239.0,261.0,367.0,240.0,345.0,350.0,309.0,310.0,294.0,341.0,312.0,361.0,312.0,266.0,306.0,231.0,389.0,378.0,233.0,301.0,279.0,284.0,325.0,334.0,437.0,286.0,275.0,266.0,321.0,328.0,362.0,184.0,289.0,265.0,268.0,320.0,317.0,352.0,399.0,263.0,300.0,267.0,309.0,310.0,371.0,363.0,331.0,275.0,292.0,342.0,324.0,424.0,263.0,303.0,228.0,298.0,250.0,351.0,386.0,235.0,275.0,248.0,314.0,295.0,279.0,372.0,335.0,268.0,307.0,287.0,237.0,324.0,304.0,299.0,291.0,262.0,227.0,293.0,321.0,308.0,361.0,295.0,281.0,275.0,260.0,339.0,341.0,336.0,277.0,297.0,352.0,227.0,192.0,314.0,243.0,272.0,211.0,325.0,301.0,348.0,333.0,387.0,304.0,265.0,322.0,340.0,362.0,354.0,402.0,298.0,256.0,285.0,287.0,312.0,380.0,466.0,323.0,298.0,337.0,347.0,354.0,293.0,289.0,368.0,353.0,247.0,421.0,380.0,330.0,259.0
327.0,308.0,264.0,220.0,303.0,277.0,267.0,244.0,276.0,222.0,210.0,240.0,217.0,380.0,364.0,345.0,205.0,211.0,279.0,268.0,363.0,318.0,235.0,218.0,291.0,305.0,332.0,366.0,419.0,277.0,244.0,262.0,290.0,229.0,318.0,276.0,184.0,197.0,273.0,246.0,288.0,398.0,425.0,312.0,265.0,268.0,344.0,267.0,341.0,355.0,256.0,231.0,142.0,161.0,0.0,209.0,184.0,307.0,258.0,240.0,312.0,288.0,382.0,351.0,248.0,266.0,281.0,304.0,319.0,253.0,340.0,256.0,260.0,277.0,268.0,270.0,390.0,439.0,304.0,215.0,333.0,299.0,272.0,370.0,378.0,253.0,298.0,279.0,327.0,416.0,450.0,245.0,325.0,301.0,285.0,271.0,299.0,405.0,401.0,195.0,319.0,0.0,276.0,343.0,383.0,357.0,297.0,324.0,241.0,270.0,347.0,349.0,178.0,306.0,269.0,313.0,267.0,337.0,380.0,312.0,293.0,234.0,244.0,246.0,263.0,336.0,379.0,265.0,283.0,230.0,303.0,330.0,410.0,352.0,301.0,265.0,264.0,325.0,313.0,376.0,269.0,220.0,275.0,271.0,337.0,294.0,383.0,386.0,242.0,237.0,269.0,300.0,302.0,351.0,302.0,257.0,240.0,279.0,288.0,337.0,395.0,373.0,269.0,313.0,323.0,311.0,322.0,420.0,370.0,310.0,291.0,299.0,287.0,345.0,217.0,377.0,267.0,287.0,320.0,316.0,288.0,437.0,391.0,395.0,311.0,329.0,345.0,348.0,370.0,397.0,253.0,286.0,286.0,270.0,327.0,296.0,327.0,300.0,331.0,329.0,316.0,385.0,329.0,413.0,297.0,238.0,333.0,281.0,351.0,298.0,173.0,304.0,296.0,311.0,324.0,321.0,344.0,332.0,301.0,317.0,330.0,288.0,401.0,322.0,346.0,300.0,293.0,343.0,286.0,325.0,240.0,225.0,285.0,238.0,250.0,302.0,305.0,347.0,263.0,220.0,240.0,275.0,387.0,318.0,318.0,351.0,260.0,258.0,223.0,266.0,218.0,354.0,362.0,275.0,233.0,271.0,342.0,308.0,391.0,378.0,258.0,299.0,275.0,283.0,300.0,392.0,190.0,287.0,276.0,309.0,279.0,324.0,422.0,305.0,307.0,275.0,275.0,234.0,309.0,437.0,303.0,323.0,253.0,233.0,255.0,334.0,396.0,259.0,228.0,289.0,302.0,305.0,297.0,376.0,279.0,240.0,256.0,261.0,310.0,318.0,366.0,249.0,307.0,263.0,274.0,306.0,280.0,313.0,271.0,272.0,266.0,238.0,320.0,280.0,289.0,168.0,307.0,281.0,265.0,255.0,336.0,394.0,392.0,300.0,338.0,365.0,317.0,290.0,258.0,250.0,336.0,305.0,285.0,291.0,298.0,336.0,302.0,258.0,308.0,299.0,279.0,335.0,367.0,311.0,294.0,316.0,245.0,266.0,305.0,304.0,268.0,233.0,313.0,276.0,345.0,383.0,266.0,320.0,342.0,346.0,254.0,357.0,379.0,325.0,328.0
335.0,271.0,282.0,249.0,306.0,297.0,263.0,250.0,257.0,184.0,251.0,270.0,272.0,380.0,347.0,356.0,260.0,211.0,252.0,281.0,328.0,232.0,259.0,276.0,248.0,263.0,286.0,339.0,455.0,306.0,270.0,233.0,266.0,294.0,370.0,277.0,213.0,187.0,236.0,222.0,329.0,361.0,398.0,295.0,262.0,313.0,254.0,229.0,352.0,360.0,274.0,266.0,123.0,167.0,0.0,245.0,237.0,215.0,234.0,295.0,262.0,284.0,391.0,360.0,223.0,280.0,286.0,200.0,210.0,318.0,338.0,258.0,244.0,276.0,263.0,312.0,333.0,411.0,282.0,275.0,222.0,299.0,282.0,380.0,419.0,269.0,260.0,286.0,311.0,286.0,350.0,298.0,289.0,311.0,208.0,265.0,366.0,385.0,310.0,316.0,283.0,0.0,262.0,326.0,415.0,378.0,287.0,286.0,280.0,323.0,338.0,408.0,247.0,238.0,200.0,274.0,327.0,317.0,366.0,266.0,290.0,246.0,217.0,282.0,287.0,375.0,369.0,229.0,262.0,301.0,283.0,321.0,423.0,321.0,301.0,253.0,272.0,254.0,348.0,383.0,327.0,267.0,266.0,248.0,271.0,318.0,397.0,403.0,267.0,313.0,270.0,316.0,299.0,328.0,272.0,250.0,238.0,289.0,263.0,322.0,368.0,352.0,232.0,289.0,325.0,321.0,295.0,384.0,272.0,272.0,320.0,287.0,312.0,357.0,249.0,379.0,299.0,299.0,252.0,307.0,185.0,418.0,350.0,347.0,322.0,323.0,313.0,326.0,289.0,436.0,282.0,270.0,313.0,303.0,355.0,415.0,256.0,285.0,242.0,262.0,333.0,351.0,388.0,375.0,300.0,321.0,303.0,347.0,434.0,272.0,166.0,332.0,307.0,277.0,328.0,340.0,380.0,383.0,289.0,320.0,293.0,277.0,285.0,306.0,340.0,302.0,289.0,273.0,251.0,373.0,253.0,274.0,351.0,265.0,326.0,294.0,322.0,353.0,306.0,284.0,203.0,264.0,324.0,315.0,269.0,362.0,330.0,269.0,270.0,252.0,182.0,410.0,278.0,249.0,270.0,258.0,318.0,327.0,395.0,357.0,270.0,241.0,303.0,302.0,317.0,413.0,173.0,258.0,265.0,252.0,235.0,362.0,432.0,306.0,254.0,282.0,266.0,292.0,355.0,387.0,210.0,301.0,292.0,257.0,288.0,352.0,362.0,224.0,299.0,255.0,244.0,277.0,315.0,366.0,171.0,262.0,272.0,289.0,275.0,324.0,397.0,320.0,227.0,238.0,274.0,255.0,311.0,367.0,218.0,277.0,270.0,289.0,314.0,320.0,373.0,234.0,294.0,204.0,260.0,172.0,281.0,380.0,368.0,309.0,282.0,304.0,279.0,309.0,210.0,248.0,305.0,272.0,273.0,235.0,339.0,355.0,293.0,217.0,237.0,227.0,291.0,341.0,384.0,408.0,281.0,244.0,291.0,254.0,364.0,399.0,310.0,287.0,289.0,239.0,286.0,327.0,307.0,325.0,368.0,315.0,283.0,376.0,384.0,361.0,375.0
344.0,235.0,262.0,267.0,292.0,306.0,253.0,273.0,261.0,205.0,245.0,279.0,356.0,286.0,336.0,396.0,249.0,179.0,208.0,237.0,326.0,274.0,195.0,236.0,254.0,297.0,348.0,369.0,361.0,275.0,236.0,269.0,208.0,210.0,267.0,222.0,279.0,210.0,250.0,254.0,392.0,386.0,387.0,256.0,246.0,286.0,313.0,282.0,349.0,378.0,264.0,235.0,109.0,178.0,0.0,225.0,251.0,238.0,242.0,234.0,270.0,252.0,360.0,325.0,229.0,261.0,278.0,291.0,366.0,270.0,359.0,296.0,266.0,271.0,316.0,304.0,389.0,427.0,250.0,211.0,238.0,267.0,331.0,379.0,380.0,349.0,230.0,210.0,284.0,226.0,427.0,396.0,194.0,279.0,318.0,274.0,315.0,299.0,358.0,240.0,289.0,0.0,306.0,333.0,348.0,312.0,289.0,295.0,281.0,289.0,341.0,411.0,170.0,261.0,259.0,224.0,268.0,329.0,354.0,366.0,302.0,173.0,267.0,246.0,331.0,327.0,394.0,252.0,246.0,212.0,302.0,314.0,439.0,319.0,249.0,272.0,289.0,260.0,347.0,347.0,326.0,290.0,243.0,309.0,323.0,329.0,313.0,360.0,254.0,337.0,251.0,268.0,308.0,338.0,338.0,271.0,246.0,253.0,306.0,354.0,389.0,394.0,328.0,288.0,272.0,298.0,378.0,396.0,371.0,304.0,276.0,286.0,277.0,308.0,288.0,359.0,243.0,262.0,257.0,294.0,311.0,382.0,336.0,350.0,259.0,352.0,316.0,306.0,345.0,397.0,286.0,266.0,235.0,331.0,352.0,365.0,278.0,213.0,277.0,296.0,349.0,351.0,388.0,334.0,293.0,216.0,379.0,297.0,385.0,319.0,155.0,288.0,276.0,314.0,318.0,319.0,347.0,356.0,278.0,284.0,295.0,300.0,372.0,306.0,387.0,289.0,305.0,276.0,306.0,370.0,421.0,326.0,213.0,211.0,282.0,275.0,264.0,336.0,372.0,289.0,240.0,306.0,276.0,324.0,290.0,372.0,248.0,257.0,246.0,245.0,186.0,333.0,360.0,261.0,249.0,263.0,310.0,313.0,343.0,401.0,310.0,278.0,261.0,298.0,327.0,313.0,182.0,310.0,292.0,297.0,265.0,306.0,391.0,298.0,284.0,277.0,262.0,268.0,335.0,409.0,242.0,299.0,288.0,275.0,302.0,349.0,390.0,223.0,290.0,282.0,271.0,297.0,326.0,365.0,249.0,264.0,274.0,286.0,287.0,315.0,387.0,282.0,284.0,235.0,280.0,263.0,291.0,382.0,246.0,289.0,275.0,257.0,301.0,349.0,327.0,215.0,279.0,194.0,270.0,275.0,343.0,417.0,400.0,302.0,354.0,358.0,321.0,355.0,223.0,233.0,294.0,250.0,263.0,281.0,269.0,365.0,333.0,264.0,259.0,289.0,255.0,310.0,347.0,366.0,246.0,271.0,264.0,281.0,327.0,351.0,354.0,242.0,322.0,264.0,305.0,340.0,339.0,275.0,364.0,368.0,314.0,373.0,340.0,330.0,323.0
308.0,281.0,269.0,225.0,270.0,337.0,255.0,231.0,263.0,208.0,221.0,253.0,322.0,364.0,336.0,384.0,259.0,220.0,240.0,264.0,321.0,261.0,255.0,194.0,238.0,283.0,281.0,300.0,444.0,288.0,269.0,262.0,317.0,298.0,328.0,276.0,286.0,217.0,228.0,243.0,352.0,333.0,359.0,307.0,278.0,318.0,264.0,230.0,356.0,341.0,286.0,238.0,190.0,230.0,0.0,189.0,311.0,249.0,264.0,288.0,298.0,273.0,314.0,349.0,265.0,263.0,258.0,310.0,301.0,292.0,340.0,276.0,285.0,264.0,313.0,322.0,322.0,374.0,290.0,242.0,204.0,291.0,256.0,385.0,360.0,318.0,262.0,295.0,314.0,277.0,389.0,378.0,236.0,291.0,291.0,368.0,333.0,370.0,377.0,333.0,303.0,0.0,281.0,373.0,336.0,217.0,290.0,291.0,304.0,303.0,289.0,310.0,260.0,254.0,303.0,276.0,280.0,333.0,384.0,194.0,270.0,258.0,277.0,297.0,281.0,353.0,387.0,253.0,251.0,298.0,312.0,320.0,396.0,352.0,280.0,247.0,236.0,256.0,311.0,371.0,241.0,294.0,310.0,286.0,322.0,344.0,346.0,428.0,278.0,236.0,267.0,305.0,340.0,356.0,368.0,279.0,222.0,271.0,303.0,314.0,364.0,326.0,289.0,331.0,299.0,309.0,284.0,272.0,318.0,259.0,273.0,280.0,315.0,269.0,286.0,334.0,253.0,287.0,333.0,306.0,269.0,403.0,361.0,338.0,398.0,280.0,301.0,256.0,329.0,407.0,313.0,292.0,302.0,298.0,341.0,332.0,305.0,235.0,254.0,311.0,248.0,338.0,339.0,291.0,289.0,245.0,291.0,308.0,342.0,355.0,121.0,335.0,247.0,302.0,250.0,338.0,348.0,327.0,317.0,257.0,282.0,301.0,345.0,305.0,374.0,225.0,306.0,322.0,306.0,332.0,383.0,311.0,277.0,267.0,245.0,251.0,310.0,291.0,310.0,275.0,239.0,259.0,332.0,304.0,287.0,312.0,317.0,271.0,210.0,248.0,212.0,304.0,324.0,282.0,257.0,247.0,286.0,339.0,390.0,413.0,291.0,218.0,251.0,276.0,282.0,298.0,216.0,235.0,240.0,260.0,251.0,293.0,331.0,389.0,288.0,247.0,248.0,304.0,281.0,402.0,225.0,317.0,269.0,258.0,283.0,287.0,421.0,264.0,220.0,230.0,269.0,260.0,307.0,352.0,242.0,263.0,303.0,268.0,315.0,326.0,345.0,190.0,292.0,251.0,239.0,261.0,309.0,316.0,234.0,278.0,262.0,273.0,306.0,302.0,383.0,192.0,256.0,233.0,259.0,275.0,324.0,399.0,401.0,316.0,310.0,329.0,238.0,300.0,281.0,286.0,299.0,225.0,262.0,295.0,319.0,316.0,376.0,270.0,282.0,271.0,258.0,285.0,392.0,416.0,254.0,253.0,256.0,256.0,320.0,355.0,375.0,239.0,274.0,281.0,302.0,359.0,305.0,303.0,296.0,310.0,312.0,413.0,316.0,395.0,301.0
361.0,238.0,277.0,236.0,296.0,207.0,275.0,224.0,230.0,198.0,241.0,273.0,242.0,356.0,292.0,313.0,212.0,189.0,222.0,262.0,319.0,286.0,247.0,267.0,209.0,298.0,267.0,368.0,320.0,198.0,202.0,237.0,260.0,271.0,332.0,224.0,225.0,196.0,243.0,187.0,341.0,343.0,423.0,263.0,247.0,241.0,299.0,302.0,361.0,323.0,236.0,227.0,183.0,217.0,0.0,277.0,351.0,209.0,218.0,294.0,338.0,296.0,276.0,365.0,280.0,241.0,196.0,242.0,324.0,358.0,375.0,297.0,235.0,268.0,298.0,281.0,397.0,413.0,280.0,278.0,213.0,255.0,256.0,361.0,344.0,323.0,264.0,274.0,297.0,302.0,360.0,333.0,281.0,280.0,231.0,287.0,309.0,361.0,418.0,246.0,297.0,0.0,307.0,317.0,352.0,253.0,267.0,233.0,328.0,276.0,311.0,420.0,166.0,218.0,232.0,251.0,275.0,292.0,290.0,312.0,218.0,204.0,245.0,245.0,321.0,313.0,365.0,260.0,235.0,295.0,270.0,271.0,390.0,366.0,275.0,263.0,267.0,301.0,276.0,451.0,328.0,265.0,256.0,273.0,314.0,289.0,384.0,402.0,246.0,284.0,263.0,256.0,300.0,339.0,396.0,243.0,278.0,274.0,262.0,309.0,391.0,347.0,290.0,283.0,282.0,319.0,342.0,369.0,296.0,260.0,271.0,261.0,298.0,350.0,280.0,339.0,297.0,268.0,245.0,232.0,172.0,400.0,351.0,302.0,246.0,289.0,295.0,295.0,340.0,409.0,274.0,272.0,328.0,266.0,323.0,405.0,304.0,282.0,305.0,313.0,228.0,268.0,358.0,294.0,308.0,297.0,293.0,310.0,337.0,355.0,203.0,284.0,273.0,261.0,315.0,273.0,336.0,326.0,311.0,296.0,315.0,316.0,306.0,284.0,322.0,309.0,339.0,305.0,267.0,351.0,359.0,339.0,257.0,237.0,251.0,321.0,288.0,380.0,198.0,223.0,252.0,163.0,277.0,343.0,289.0,362.0,341.0,236.0,250.0,250.0,182.0,376.0,340.0,281.0,231.0,242.0,297.0,288.0,363.0,370.0,302.0,291.0,286.0,254.0,288.0,376.0,192.0,277.0,269.0,204.0,257.0,289.0,416.0,370.0,251.0,294.0,247.0,238.0,329.0,357.0,233.0,298.0,285.0,228.0,274.0,293.0,351.0,254.0,241.0,214.0,262.0,235.0,276.0,315.0,234.0,262.0,219.0,295.0,260.0,299.0,366.0,236.0,256.0,222.0,258.0,264.0,276.0,300.0,236.0,259.0,222.0,229.0,209.0,296.0,344.0,217.0,265.0,279.0,192.0,276.0,307.0,349.0,369.0,248.0,312.0,330.0,308.0,241.0,220.0,250.0,191.0,203.0,222.0,223.0,177.0,340.0,366.0,276.0,274.0,254.0,261.0,264.0,366.0,316.0,246.0,244.0,264.0,283.0,313.0,365.0,296.0,281.0,295.0,275.0,295.0,301.0,240.0,284.0,354.0,289.0,267.0,252.0,401.0,350.0,218.0
314.0,273.0,223.0,199.0,287.0,302.0,258.0,211.0,194.0,183.0,238.0,241.0,302.0,389.0,415.0,381.0,261.0,196.0,205.0,182.0,262.0,285.0,213.0,198.0,218.0,265.0,275.0,373.0,394.0,248.0,227.0,239.0,221.0,257.0,348.0,243.0,217.0,201.0,239.0,217.0,349.0,367.0,422.0,252.0,277.0,267.0,243.0,279.0,231.0,298.0,230.0,217.0,209.0,308.0,0.0,246.0,302.0,215.0,234.0,234.0,275.0,270.0,378.0,402.0,249.0,261.0,234.0,250.0,288.0,311.0,314.0,226.0,259.0,221.0,312.0,292.0,331.0,393.0,254.0,255.0,240.0,270.0,301.0,339.0,373.0,252.0,264.0,241.0,301.0,314.0,338.0,384.0,279.0,260.0,258.0,310.0,327.0,342.0,383.0,258.0,254.0,0.0,280.0,294.0,393.0,309.0,255.0,261.0,241.0,296.0,332.0,343.0,208.0,287.0,221.0,244.0,241.0,296.0,335.0,323.0,230.0,252.0,248.0,228.0,227.0,339.0,416.0,299.0,255.0,256.0,213.0,298.0,364.0,341.0,284.0,300.0,261.0,282.0,330.0,394.0,323.0,233.0,238.0,284.0,280.0,299.0,359.0,378.0,245.0,266.0,253.0,246.0,258.0,377.0,369.0,257.0,203.0,232.0,269.0,315.0,332.0,345.0,243.0,289.0,280.0,319.0,300.0,399.0,337.0,254.0,256.0,282.0,271.0,330.0,290.0,347.0,275.0,222.0,287.0,293.0,264.0,445.0,296.0,290.0,314.0,306.0,234.0,311.0,340.0,391.0,237.0,238.0,266.0,276.0,348.0,357.0,361.0,206.0,236.0,252.0,443.0,283.0,304.0,342.0,265.0,266.0,286.0,253.0,364.0,318.0,83.0,256.0,311.0,249.0,286.0,320.0,345.0,308.0,317.0,243.0,296.0,279.0,250.0,334.0,374.0,281.0,265.0,280.0,298.0,275.0,240.0,263.0,278.0,216.0,210.0,227.0,297.0,289.0,237.0,261.0,250.0,263.0,320.0,253.0,285.0,326.0,285.0,261.0,232.0,247.0,168.0,308.0,401.0,208.0,237.0,211.0,276.0,352.0,423.0,372.0,216.0,260.0,246.0,297.0,231.0,364.0,186.0,287.0,238.0,282.0,237.0,243.0,402.0,369.0,252.0,256.0,239.0,256.0,337.0,434.0,294.0,293.0,251.0,249.0,261.0,332.0,307.0,241.0,242.0,241.0,231.0,216.0,312.0,370.0,214.0,219.0,138.0,264.0,276.0,260.0,403.0,260.0,265.0,243.0,270.0,268.0,291.0,367.0,251.0,256.0,237.0,240.0,262.0,276.0,240.0,217.0,251.0,228.0,256.0,240.0,316.0,385.0,378.0,242.0,217.0,319.0,205.0,333.0,296.0,235.0,263.0,198.0,236.0,243.0,292.0,379.0,357.0,230.0,200.0,182.0,242.0,301.0,381.0,335.0,204.0,209.0,213.0,248.0,332.0,310.0,314.0,241.0,235.0,251.0,286.0,376.0,303.0,298.0,358.0,381.0,360.0,293.0,350.0,356.0,342.0
330.0,252.0,263.0,259.0,263.0,315.0,222.0,225.0,192.0,203.0,215.0,209.0,311.0,309.0,360.0,383.0,200.0,185.0,232.0,202.0,249.0,335.0,218.0,209.0,229.0,285.0,232.0,372.0,333.0,236.0,240.0,210.0,262.0,278.0,344.0,270.0,223.0,178.0,210.0,187.0,306.0,403.0,402.0,279.0,212.0,220.0,166.0,255.0,302.0,342.0,234.0,211.0,45.0,144.0,0.0,171.0,156.0,262.0,235.0,239.0,278.0,260.0,363.0,300.0,243.0,209.0,220.0,297.0,246.0,313.0,329.0,244.0,219.0,250.0,259.0,277.0,353.0,345.0,190.0,204.0,233.0,251.0,315.0,342.0,386.0,256.0,218.0,271.0,276.0,343.0,346.0,390.0,276.0,245.0,316.0,252.0,290.0,392.0,426.0,263.0,270.0,0.0,281.0,331.0,370.0,329.0,212.0,217.0,283.0,304.0,302.0,340.0,261.0,232.0,219.0,178.0,258.0,297.0,375.0,301.0,233.0,175.0,226.0,235.0,324.0,287.0,424.0,170.0,224.0,212.0,242.0,291.0,407.0,295.0,235.0,243.0,162.0,260.0,272.0,370.0,282.0,276.0,263.0,206.0,264.0,321.0,386.0,354.0,173.0,259.0,274.0,231.0,243.0,303.0,349.0,259.0,183.0,294.0,261.0,245.0,346.0,359.0,252.0,255.0,239.0,250.0,278.0,370.0,196.0,229.0,240.0,242.0,238.0,327.0,321.0,342.0,251.0,260.0,254.0,244.0,271.0,457.0,443.0,314.0,307.0,242.0,249.0,220.0,284.0,413.0,299.0,219.0,262.0,284.0,300.0,346.0,288.0,281.0,209.0,215.0,238.0,270.0,383.0,358.0,274.0,279.0,256.0,275.0,325.0,284.0,167.0,259.0,244.0,312.0,275.0,349.0,347.0,340.0,285.0,227.0,255.0,308.0,340.0,334.0,375.0,252.0,201.0,258.0,290.0,344.0,294.0,286.0,279.0,274.0,238.0,254.0,289.0,348.0,317.0,262.0,250.0,234.0,274.0,329.0,240.0,271.0,348.0,234.0,218.0,173.0,233.0,310.0,374.0,248.0,271.0,229.0,209.0,319.0,368.0,397.0,283.0,199.0,247.0,233.0,310.0,322.0,177.0,232.0,246.0,230.0,235.0,313.0,394.0,359.0,245.0,202.0,232.0,214.0,284.0,420.0,203.0,262.0,241.0,239.0,231.0,316.0,336.0,241.0,255.0,232.0,287.0,262.0,320.0,358.0,252.0,271.0,291.0,259.0,192.0,307.0,282.0,255.0,296.0,172.0,205.0,254.0,230.0,317.0,247.0,268.0,237.0,247.0,252.0,241.0,288.0,245.0,209.0,233.0,220.0,169.0,275.0,313.0,345.0,249.0,278.0,345.0,240.0,286.0,236.0,250.0,241.0,181.0,208.0,211.0,289.0,324.0,367.0,229.0,194.0,221.0,268.0,305.0,315.0,330.0,234.0,261.0,224.0,221.0,278.0,304.0,313.0,230.0,252.0,255.0,298.0,354.0,310.0,277.0,348.0,387.0,320.0,349.0,359.0,371.0,325.0
318.0,244.0,207.0,171.0,274.0,315.0,237.0,170.0,256.0,155.0,200.0,180.0,262.0,349.0,353.0,357.0,270.0,158.0,213.0,170.0,213.0,249.0,161.0,186.0,184.0,265.0,306.0,371.0,373.0,222.0,243.0,236.0,205.0,223.0,296.0,212.0,189.0,155.0,181.0,178.0,326.0,351.0,404.0,248.0,255.0,276.0,238.0,283.0,287.0,285.0,207.0,211.0,141.0,196.0,0.0,88.0,135.0,247.0,200.0,234.0,233.0,265.0,345.0,330.0,209.0,248.0,202.0,234.0,325.0,332.0,372.0,225.0,241.0,239.0,253.0,309.0,388.0,387.0,253.0,242.0,265.0,308.0,253.0,364.0,349.0,248.0,290.0,239.0,249.0,290.0,357.0,364.0,229.0,271.0,259.0,267.0,251.0,303.0,457.0,260.0,260.0,0.0,271.0,336.0,369.0,286.0,264.0,274.0,258.0,258.0,316.0,381.0,181.0,258.0,270.0,270.0,245.0,336.0,370.0,238.0,255.0,235.0,199.0,269.0,313.0,285.0,433.0,224.0,213.0,249.0,249.0,279.0,391.0,289.0,240.0,255.0,189.0,250.0,307.0,310.0,167.0,269.0,211.0,151.0,255.0,264.0,361.0,379.0,252.0,216.0,255.0,259.0,292.0,338.0,397.0,248.0,249.0,234.0,252.0,180.0,371.0,378.0,214.0,275.0,264.0,283.0,328.0,322.0,353.0,217.0,276.0,254.0,247.0,254.0,317.0,335.0,239.0,254.0,271.0,284.0,222.0,414.0,370.0,325.0,322.0,241.0,229.0,337.0,350.0,392.0,237.0,275.0,254.0,259.0,318.0,292.0,314.0,260.0,225.0,298.0,283.0,304.0,375.0,387.0,269.0,272.0,305.0,248.0,298.0,333.0,164.0,277.0,237.0,227.0,260.0,372.0,329.0,325.0,228.0,280.0,269.0,260.0,311.0,347.0,386.0,258.0,206.0,286.0,255.0,355.0,338.0,221.0,222.0,238.0,215.0,236.0,276.0,309.0,329.0,232.0,179.0,282.0,265.0,304.0,238.0,335.0,284.0,239.0,194.0,229.0,142.0,301.0,317.0,265.0,222.0,224.0,291.0,279.0,325.0,306.0,220.0,273.0,256.0,262.0,287.0,316.0,214.0,258.0,261.0,145.0,247.0,278.0,319.0,391.0,238.0,227.0,210.0,232.0,333.0,371.0,246.0,215.0,254.0,232.0,274.0,305.0,397.0,239.0,239.0,281.0,276.0,254.0,285.0,343.0,229.0,263.0,233.0,216.0,231.0,282.0,398.0,284.0,250.0,194.0,211.0,235.0,294.0,328.0,243.0,245.0,243.0,228.0,229.0,298.0,346.0,330.0,227.0,232.0,219.0,194.0,236.0,266.0,343.0,308.0,323.0,286.0,254.0,248.0,224.0,324.0,240.0,194.0,202.0,180.0,278.0,328.0,356.0,232.0,206.0,238.0,261.0,285.0,368.0,316.0,223.0,173.0,250.0,239.0,338.0,363.0,344.0,236.0,265.0,253.0,282.0,272.0,376.0,263.0,334.0,382.0,319.0,410.0,361.0,317.0,361.0
332.0,255.0,224.0,186.0,241.0,265.0,211.0,259.0,223.0,186.0,209.0,233.0,272.0,366.0,310.0,322.0,265.0,212.0,209.0,253.0,227.0,247.0,226.0,249.0,235.0,291.0,341.0,351.0,363.0,210.0,248.0,182.0,199.0,245.0,324.0,237.0,189.0,155.0,190.0,186.0,272.0,306.0,328.0,253.0,244.0,227.0,221.0,222.0,300.0,345.0,212.0,241.0,84.0,154.0,0.0,185.0,321.0,236.0,256.0,296.0,217.0,290.0,364.0,347.0,169.0,245.0,278.0,214.0,343.0,276.0,370.0,235.0,228.0,217.0,280.0,221.0,297.0,415.0,224.0,190.0,246.0,277.0,286.0,349.0,384.0,265.0,287.0,248.0,295.0,344.0,291.0,363.0,236.0,268.0,233.0,180.0,310.0,379.0,435.0,267.0,260.0,0.0,285.0,413.0,395.0,201.0,285.0,272.0,234.0,252.0,306.0,398.0,236.0,244.0,244.0,249.0,262.0,299.0,361.0,296.0,216.0,260.0,259.0,244.0,244.0,357.0,397.0,203.0,227.0,205.0,279.0,281.0,395.0,253.0,268.0,206.0,243.0,295.0,319.0,381.0,320.0,239.0,246.0,231.0,272.0,318.0,393.0,395.0,272.0,242.0,252.0,217.0,290.0,353.0,311.0,254.0,233.0,265.0,217.0,208.0,342.0,338.0,266.0,224.0,285.0,270.0,354.0,358.0,251.0,305.0,263.0,294.0,240.0,358.0,335.0,343.0,279.0,232.0,283.0,312.0,240.0,386.0,308.0,362.0,331.0,294.0,272.0,325.0,344.0,366.0,329.0,232.0,242.0,283.0,334.0,349.0,274.0,231.0,253.0,304.0,245.0,333.0,361.0,385.0,282.0,265.0,259.0,302.0,383.0,227.0,210.0,282.0,272.0,211.0,313.0,292.0,367.0,304.0,299.0,257.0,280.0,232.0,267.0,361.0,299.0,295.0,271.0,212.0,238.0,256.0,321.0,230.0,256.0,230.0,234.0,250.0,324.0,357.0,289.0,243.0,213.0,232.0,249.0,235.0,329.0,299.0,244.0,257.0,281.0,248.0,156.0,265.0,406.0,243.0,219.0,238.0,315.0,339.0,356.0,395.0,232.0,212.0,224.0,252.0,287.0,420.0,133.0,242.0,273.0,206.0,249.0,260.0,344.0,317.0,214.0,249.0,232.0,192.0,364.0,383.0,216.0,285.0,247.0,193.0,230.0,319.0,285.0,251.0,248.0,217.0,252.0,265.0,287.0,320.0,269.0,253.0,195.0,231.0,247.0,296.0,389.0,218.0,221.0,199.0,206.0,281.0,254.0,363.0,235.0,246.0,208.0,265.0,254.0,277.0,397.0,247.0,212.0,221.0,270.0,239.0,292.0,323.0,357.0,284.0,267.0,303.0,339.0,310.0,246.0,190.0,229.0,207.0,259.0,230.0,280.0,302.0,390.0,191.0,212.0,265.0,266.0,315.0,373.0,337.0,267.0,205.0,212.0,227.0,291.0,313.0,340.0,288.0,230.0,305.0,322.0,303.0,353.0,298.0,333.0,404.0,322.0,408.0,371.0,384.0,315.0
320.0,236.0,262.0,176.0,290.0,295.0,181.0,268.0,244.0,229.0,213.0,245.0,289.0,357.0,313.0,382.0,218.0,134.0,249.0,263.0,378.0,223.0,199.0,226.0,207.0,213.0,269.0,355.0,295.0,184.0,94.0,244.0,232.0,275.0,328.0,250.0,239.0,212.0,209.0,226.0,332.0,409.0,407.0,233.0,266.0,278.0,280.0,225.0,294.0,319.0,217.0,220.0,175.0,122.0,0.0,276.0,263.0,214.0,224.0,284.0,283.0,335.0,299.0,301.0,271.0,243.0,221.0,252.0,254.0,285.0,360.0,229.0,257.0,248.0,237.0,326.0,383.0,444.0,229.0,230.0,226.0,232.0,275.0,373.0,326.0,292.0,254.0,291.0,250.0,275.0,390.0,377.0,229.0,232.0,278.0,314.0,224.0,383.0,357.0,238.0,211.0,0.0,316.0,267.0,402.0,322.0,279.0,274.0,247.0,284.0,310.0,422.0,192.0,223.0,245.0,273.0,254.0,278.0,359.0,313.0,226.0,261.0,236.0,230.0,300.0,354.0,387.0,207.0,215.0,248.0,235.0,294.0,385.0,404.0,252.0,251.0,277.0,245.0,269.0,389.0,290.0,269.0,240.0,260.0,280.0,274.0,292.0,361.0,214.0,260.0,212.0,264.0,301.0,372.0,387.0,259.0,222.0,246.0,292.0,225.0,309.0,340.0,254.0,269.0,253.0,296.0,325.0,353.0,298.0,276.0,248.0,247.0,280.0,332.0,329.0,391.0,295.0,258.0,244.0,230.0,254.0,447.0,428.0,380.0,319.0,298.0,296.0,335.0,315.0,398.0,253.0,240.0,262.0,296.0,313.0,368.0,275.0,274.0,210.0,224.0,279.0,331.0,384.0,399.0,280.0,243.0,255.0,260.0,341.0,293.0,124.0,289.0,260.0,301.0,247.0,323.0,349.0,284.0,296.0,294.0,282.0,248.0,309.0,334.0,289.0,250.0,273.0,322.0,298.0,351.0,312.0,262.0,264.0,263.0,229.0,281.0,287.0,342.0,320.0,245.0,227.0,272.0,264.0,335.0,313.0,338.0,323.0,253.0,240.0,271.0,198.0,321.0,342.0,210.0,247.0,250.0,219.0,304.0,341.0,372.0,290.0,220.0,216.0,289.0,319.0,393.0,148.0,268.0,191.0,174.0,214.0,307.0,390.0,381.0,219.0,204.0,226.0,278.0,336.0,392.0,236.0,320.0,238.0,254.0,256.0,300.0,380.0,243.0,254.0,266.0,296.0,274.0,337.0,325.0,240.0,196.0,280.0,201.0,262.0,291.0,334.0,302.0,246.0,209.0,197.0,266.0,255.0,312.0,246.0,251.0,253.0,270.0,270.0,300.0,327.0,253.0,259.0,267.0,255.0,226.0,304.0,284.0,393.0,257.0,307.0,359.0,277.0,345.0,208.0,328.0,232.0,217.0,215.0,251.0,301.0,346.0,329.0,221.0,236.0,217.0,206.0,292.0,407.0,313.0,221.0,256.0,263.0,248.0,311.0,355.0,365.0,205.0,275.0,280.0,275.0,271.0,276.0,289.0,346.0,410.0,309.0,372.0,383.0,322.0,373.0
319.0,249.0,216.0,187.0,264.0,316.0,208.0,235.0,222.0,193.0,173.0,192.0,288.0,329.0,359.0,311.0,244.0,169.0,253.0,233.0,330.0,257.0,181.0,180.0,250.0,273.0,217.0,296.0,301.0,265.0,242.0,203.0,227.0,261.0,263.0,252.0,174.0,186.0,247.0,181.0,323.0,341.0,425.0,208.0,195.0,255.0,275.0,267.0,331.0,300.0,197.0,194.0,162.0,110.0,0.0,55.0,180.0,229.0,249.0,228.0,262.0,295.0,330.0,318.0,243.0,194.0,242.0,284.0,317.0,267.0,340.0,216.0,223.0,213.0,243.0,253.0,389.0,444.0,233.0,238.0,239.0,266.0,276.0,328.0,312.0,263.0,270.0,269.0,297.0,294.0,326.0,384.0,186.0,229.0,251.0,209.0,262.0,366.0,363.0,243.0,261.0,0.0,308.0,322.0,395.0,339.0,269.0,236.0,233.0,235.0,299.0,414.0,213.0,244.0,247.0,185.0,235.0,295.0,327.0,306.0,225.0,245.0,220.0,260.0,278.0,332.0,412.0,240.0,235.0,227.0,227.0,282.0,330.0,380.0,238.0,231.0,235.0,223.0,279.0,306.0,315.0,233.0,263.0,233.0,248.0,231.0,398.0,404.0,220.0,236.0,177.0,222.0,303.0,394.0,389.0,247.0,231.0,224.0,278.0,258.0,333.0,372.0,217.0,269.0,280.0,309.0,358.0,365.0,352.0,210.0,223.0,286.0,250.0,354.0,241.0,337.0,268.0,253.0,254.0,291.0,239.0,325.0,385.0,341.0,317.0,292.0,247.0,273.0,365.0,414.0,248.0,248.0,248.0,292.0,265.0,351.0,228.0,237.0,219.0,280.0,265.0,298.0,353.0,397.0,289.0,276.0,180.0,276.0,322.0,350.0,152.0,302.0,262.0,277.0,307.0,365.0,356.0,289.0,213.0,237.0,246.0,267.0,324.0,329.0,342.0,268.0,231.0,237.0,311.0,338.0,303.0,175.0,267.0,186.0,228.0,252.0,289.0,376.0,237.0,254.0,262.0,258.0,280.0,245.0,312.0,338.0,320.0,247.0,230.0,245.0,182.0,357.0,366.0,253.0,236.0,228.0,274.0,271.0,447.0,427.0,248.0,224.0,225.0,250.0,280.0,305.0,158.0,233.0,216.0,177.0,240.0,258.0,337.0,311.0,185.0,204.0,222.0,283.0,306.0,368.0,221.0,266.0,269.0,271.0,249.0,313.0,339.0,182.0,240.0,240.0,299.0,244.0,350.0,376.0,183.0,230.0,252.0,232.0,234.0,280.0,363.0,264.0,246.0,179.0,238.0,258.0,293.0,359.0,208.0,243.0,247.0,209.0,264.0,255.0,285.0,242.0,245.0,231.0,214.0,221.0,287.0,342.0,319.0,226.0,302.0,327.0,285.0,325.0,243.0,267.0,224.0,201.0,240.0,217.0,268.0,357.0,305.0,179.0,226.0,220.0,227.0,302.0,310.0,338.0,219.0,264.0,217.0,257.0,309.0,343.0,384.0,198.0,232.0,206.0,245.0,289.0,330.0,242.0,389.0,348.0,324.0,332.0,300.0,403.0,359.0
307.0,267.0,252.0,249.0,195.0,255.0,202.0,202.0,197.0,153.0,236.0,226.0,272.0,384.0,300.0,333.0,183.0,191.0,229.0,255.0,261.0,176.0,177.0,203.0,185.0,242.0,285.0,352.0,387.0,195.0,174.0,217.0,221.0,247.0,305.0,266.0,187.0,154.0,191.0,194.0,350.0,387.0,387.0,195.0,222.0,188.0,208.0,271.0,253.0,278.0,189.0,189.0,130.0,130.0,0.0,159.0,280.0,196.0,222.0,190.0,269.0,275.0,386.0,366.0,235.0,212.0,216.0,261.0,307.0,291.0,373.0,178.0,225.0,220.0,264.0,296.0,402.0,418.0,260.0,224.0,205.0,268.0,275.0,352.0,382.0,258.0,207.0,219.0,172.0,295.0,371.0,268.0,249.0,299.0,235.0,279.0,309.0,320.0,410.0,208.0,262.0,0.0,289.0,303.0,388.0,322.0,317.0,258.0,191.0,261.0,329.0,375.0,209.0,252.0,208.0,244.0,210.0,269.0,431.0,277.0,247.0,235.0,214.0,273.0,311.0,359.0,399.0,244.0,180.0,230.0,274.0,294.0,433.0,349.0,218.0,261.0,203.0,202.0,281.0,355.0,330.0,198.0,231.0,227.0,275.0,252.0,398.0,378.0,235.0,260.0,244.0,303.0,290.0,412.0,349.0,224.0,208.0,267.0,271.0,216.0,269.0,390.0,227.0,214.0,214.0,255.0,314.0,309.0,258.0,306.0,233.0,252.0,256.0,265.0,289.0,405.0,271.0,251.0,215.0,237.0,227.0,398.0,396.0,384.0,240.0,276.0,247.0,296.0,361.0,439.0,287.0,272.0,247.0,259.0,312.0,371.0,236.0,290.0,260.0,263.0,239.0,254.0,355.0,377.0,280.0,247.0,216.0,198.0,363.0,341.0,215.0,273.0,231.0,245.0,268.0,313.0,378.0,315.0,236.0,203.0,278.0,245.0,296.0,323.0,325.0,223.0,345.0,259.0,217.0,268.0,242.0,275.0,235.0,226.0,231.0,231.0,282.0,337.0,346.0,199.0,237.0,222.0,239.0,263.0,295.0,341.0,330.0,257.0,238.0,233.0,177.0,371.0,293.0,227.0,222.0,225.0,226.0,252.0,335.0,344.0,233.0,177.0,215.0,225.0,258.0,370.0,185.0,203.0,200.0,218.0,264.0,252.0,403.0,250.0,249.0,215.0,225.0,252.0,321.0,377.0,305.0,253.0,266.0,224.0,204.0,289.0,313.0,262.0,247.0,217.0,266.0,232.0,309.0,330.0,241.0,184.0,259.0,261.0,232.0,246.0,357.0,265.0,294.0,180.0,242.0,239.0,272.0,306.0,268.0,251.0,236.0,230.0,273.0,285.0,307.0,255.0,236.0,260.0,215.0,199.0,319.0,314.0,365.0,264.0,276.0,314.0,272.0,307.0,270.0,309.0,257.0,208.0,186.0,214.0,264.0,258.0,326.0,201.0,185.0,211.0,243.0,328.0,344.0,316.0,207.0,219.0,256.0,198.0,304.0,323.0,335.0,242.0,221.0,226.0,308.0,339.0,370.0,269.0,360.0,343.0,395.0,375.0,343.0,357.0,303.0
330.0,244.0,280.0,161.0,256.0,298.0,191.0,221.0,196.0,135.0,184.0,214.0,260.0,294.0,362.0,240.0,201.0,165.0,231.0,231.0,281.0,179.0,163.0,172.0,165.0,270.0,322.0,341.0,328.0,209.0,169.0,181.0,225.0,279.0,309.0,224.0,157.0,180.0,215.0,189.0,274.0,360.0,383.0,226.0,240.0,245.0,195.0,237.0,34.0,288.0,189.0,178.0,168.0,99.0,0.0,215.0,107.0,195.0,241.0,193.0,202.0,272.0,310.0,305.0,226.0,175.0,157.0,197.0,309.0,321.0,345.0,234.0,229.0,182.0,241.0,289.0,295.0,405.0,237.0,173.0,214.0,274.0,289.0,289.0,327.0,251.0,255.0,263.0,272.0,277.0,297.0,374.0,226.0,240.0,234.0,240.0,298.0,346.0,398.0,255.0,241.0,0.0,261.0,318.0,309.0,259.0,259.0,169.0,257.0,289.0,298.0,429.0,167.0,187.0,228.0,244.0,240.0,328.0,335.0,285.0,221.0,198.0,187.0,251.0,298.0,197.0,315.0,241.0,214.0,192.0,223.0,312.0,351.0,354.0,186.0,216.0,198.0,228.0,304.0,376.0,207.0,252.0,218.0,269.0,268.0,262.0,413.0,428.0,208.0,229.0,230.0,192.0,229.0,402.0,330.0,235.0,194.0,217.0,191.0,231.0,350.0,324.0,192.0,241.0,194.0,219.0,338.0,408.0,278.0,232.0,202.0,231.0,271.0,352.0,263.0,295.0,220.0,252.0,253.0,255.0,248.0,410.0,405.0,288.0,247.0,301.0,290.0,323.0,352.0,360.0,252.0,222.0,248.0,260.0,312.0,330.0,239.0,264.0,234.0,226.0,312.0,299.0,368.0,378.0,259.0,260.0,259.0,224.0,325.0,319.0,165.0,236.0,249.0,260.0,227.0,284.0,343.0,330.0,290.0,247.0,145.0,307.0,352.0,361.0,317.0,278.0,194.0,286.0,289.0,351.0,280.0,319.0,226.0,227.0,235.0,210.0,308.0,336.0,347.0,236.0,245.0,216.0,255.0,272.0,242.0,329.0,355.0,224.0,225.0,175.0,133.0,354.0,374.0,220.0,212.0,202.0,236.0,269.0,350.0,375.0,217.0,203.0,225.0,226.0,311.0,414.0,129.0,141.0,226.0,218.0,254.0,271.0,274.0,349.0,230.0,230.0,219.0,228.0,320.0,386.0,234.0,300.0,200.0,244.0,287.0,361.0,355.0,227.0,184.0,219.0,240.0,238.0,300.0,335.0,239.0,251.0,218.0,261.0,237.0,293.0,356.0,261.0,211.0,223.0,195.0,229.0,274.0,250.0,240.0,232.0,202.0,217.0,213.0,283.0,333.0,264.0,205.0,245.0,203.0,191.0,342.0,275.0,366.0,210.0,234.0,312.0,215.0,258.0,150.0,314.0,199.0,172.0,199.0,181.0,279.0,293.0,301.0,183.0,215.0,200.0,243.0,238.0,283.0,295.0,179.0,208.0,201.0,188.0,268.0,332.0,293.0,188.0,170.0,264.0,218.0,305.0,303.0,233.0,397.0,234.0,364.0,311.0,398.0,300.0,374.0
324.0,245.0,187.0,206.0,237.0,260.0,252.0,231.0,177.0,151.0,171.0,217.0,261.0,228.0,329.0,269.0,169.0,154.0,201.0,230.0,247.0,242.0,202.0,202.0,233.0,257.0,209.0,316.0,372.0,191.0,230.0,200.0,219.0,205.0,310.0,234.0,209.0,182.0,191.0,189.0,297.0,341.0,425.0,240.0,188.0,223.0,180.0,191.0,24.0,285.0,210.0,199.0,194.0,121.0,0.0,185.0,165.0,209.0,201.0,195.0,242.0,293.0,262.0,307.0,200.0,217.0,220.0,231.0,193.0,316.0,327.0,182.0,183.0,201.0,245.0,289.0,392.0,446.0,187.0,227.0,183.0,245.0,221.0,336.0,288.0,205.0,242.0,252.0,220.0,268.0,387.0,269.0,187.0,244.0,244.0,256.0,280.0,339.0,410.0,227.0,230.0,0.0,260.0,328.0,343.0,186.0,221.0,212.0,277.0,214.0,348.0,399.0,186.0,182.0,223.0,229.0,186.0,349.0,333.0,217.0,182.0,174.0,232.0,216.0,292.0,314.0,441.0,219.0,207.0,226.0,247.0,275.0,408.0,397.0,225.0,227.0,225.0,228.0,306.0,289.0,330.0,188.0,193.0,190.0,259.0,292.0,333.0,360.0,176.0,228.0,179.0,230.0,261.0,409.0,348.0,189.0,219.0,221.0,243.0,198.0,322.0,405.0,198.0,237.0,190.0,321.0,292.0,390.0,342.0,249.0,235.0,248.0,279.0,253.0,317.0,346.0,254.0,240.0,196.0,259.0,202.0,348.0,405.0,357.0,313.0,294.0,252.0,288.0,357.0,406.0,214.0,231.0,214.0,265.0,267.0,380.0,201.0,271.0,249.0,241.0,242.0,288.0,282.0,361.0,278.0,276.0,241.0,230.0,338.0,284.0,214.0,240.0,241.0,263.0,231.0,365.0,416.0,377.0,231.0,274.0,309.0,308.0,328.0,345.0,271.0,264.0,280.0,274.0,288.0,301.0,292.0,331.0,210.0,245.0,194.0,260.0,321.0,284.0,346.0,196.0,216.0,248.0,237.0,268.0,283.0,306.0,362.0,212.0,235.0,228.0,226.0,325.0,311.0,180.0,192.0,205.0,210.0,308.0,316.0,386.0,186.0,181.0,241.0,300.0,294.0,359.0,144.0,200.0,177.0,185.0,218.0,278.0,319.0,353.0,248.0,187.0,215.0,208.0,318.0,360.0,306.0,218.0,219.0,229.0,245.0,291.0,354.0,286.0,231.0,212.0,226.0,188.0,266.0,320.0,265.0,226.0,227.0,246.0,232.0,307.0,350.0,317.0,232.0,153.0,205.0,157.0,196.0,275.0,296.0,233.0,166.0,199.0,230.0,261.0,321.0,248.0,174.0,263.0,183.0,177.0,281.0,209.0,407.0,236.0,245.0,297.0,244.0,307.0,285.0,322.0,224.0,169.0,214.0,210.0,265.0,302.0,303.0,210.0,195.0,209.0,160.0,295.0,281.0,317.0,185.0,185.0,227.0,221.0,300.0,349.0,366.0,241.0,235.0,220.0,231.0,248.0,323.0,240.0,404.0,383.0,368.0,349.0,398.0,318.0,282.0
285.0,228.0,204.0,165.0,227.0,256.0,246.0,254.0,188.0,145.0,168.0,179.0,277.0,350.0,338.0,324.0,189.0,170.0,190.0,219.0,180.0,189.0,164.0,223.0,207.0,216.0,255.0,277.0,288.0,167.0,187.0,150.0,155.0,218.0,308.0,190.0,204.0,156.0,154.0,188.0,341.0,350.0,339.0,185.0,145.0,214.0,225.0,185.0,0.0,303.0,178.0,176.0,90.0,163.0,0.0,208.0,151.0,156.0,197.0,213.0,200.0,305.0,266.0,310.0,182.0,208.0,200.0,170.0,278.0,260.0,316.0,221.0,200.0,214.0,224.0,271.0,381.0,430.0,170.0,183.0,197.0,252.0,242.0,352.0,373.0,245.0,224.0,239.0,236.0,266.0,346.0,365.0,197.0,243.0,251.0,283.0,339.0,364.0,356.0,228.0,206.0,0.0,261.0,365.0,364.0,279.0,239.0,173.0,258.0,223.0,289.0,292.0,199.0,204.0,165.0,173.0,178.0,250.0,318.0,238.0,183.0,226.0,202.0,204.0,284.0,322.0,397.0,210.0,192.0,217.0,258.0,252.0,348.0,348.0,197.0,158.0,202.0,224.0,304.0,347.0,304.0,233.0,223.0,215.0,238.0,308.0,322.0,369.0,228.0,232.0,191.0,195.0,287.0,300.0,368.0,214.0,222.0,185.0,242.0,230.0,286.0,303.0,230.0,231.0,241.0,239.0,287.0,364.0,236.0,250.0,239.0,255.0,253.0,293.0,276.0,304.0,223.0,221.0,259.0,285.0,269.0,412.0,390.0,340.0,332.0,216.0,217.0,312.0,333.0,396.0,220.0,193.0,218.0,222.0,296.0,358.0,272.0,214.0,253.0,266.0,238.0,339.0,283.0,350.0,248.0,277.0,217.0,299.0,308.0,210.0,103.0,244.0,219.0,268.0,270.0,333.0,385.0,234.0,284.0,234.0,243.0,259.0,295.0,342.0,294.0,230.0,231.0,220.0,269.0,342.0,327.0,311.0,229.0,210.0,253.0,190.0,302.0,302.0,311.0,219.0,211.0,210.0,290.0,300.0,227.0,313.0,308.0,191.0,173.0,226.0,191.0,356.0,386.0,178.0,227.0,225.0,216.0,284.0,338.0,353.0,227.0,218.0,175.0,156.0,329.0,334.0,152.0,207.0,208.0,224.0,245.0,293.0,350.0,363.0,198.0,201.0,200.0,166.0,265.0,352.0,263.0,252.0,239.0,216.0,195.0,251.0,389.0,269.0,239.0,205.0,223.0,220.0,287.0,317.0,207.0,231.0,181.0,259.0,214.0,223.0,343.0,237.0,247.0,210.0,199.0,215.0,228.0,276.0,249.0,238.0,214.0,197.0,236.0,261.0,387.0,213.0,197.0,219.0,184.0,211.0,270.0,241.0,343.0,229.0,230.0,244.0,282.0,254.0,245.0,334.0,206.0,166.0,178.0,202.0,229.0,290.0,324.0,160.0,160.0,185.0,191.0,297.0,288.0,275.0,172.0,189.0,162.0,175.0,241.0,345.0,297.0,207.0,217.0,227.0,325.0,315.0,345.0,250.0,348.0,299.0,261.0,362.0,397.0,360.0,301.0
306.0,185.0,190.0,181.0,244.0,266.0,258.0,234.0,171.0,143.0,162.0,216.0,222.0,323.0,295.0,294.0,215.0,168.0,157.0,217.0,251.0,287.0,143.0,166.0,195.0,241.0,276.0,279.0,318.0,216.0,209.0,155.0,208.0,209.0,306.0,255.0,197.0,191.0,191.0,171.0,292.0,298.0,349.0,153.0,274.0,209.0,209.0,200.0,17.0,295.0,174.0,201.0,133.0,92.0,0.0,58.0,245.0,220.0,188.0,201.0,217.0,294.0,324.0,307.0,176.0,146.0,210.0,210.0,210.0,298.0,315.0,215.0,212.0,246.0,237.0,200.0,370.0,333.0,196.0,163.0,152.0,225.0,285.0,366.0,369.0,244.0,250.0,229.0,244.0,303.0,376.0,228.0,190.0,182.0,275.0,276.0,215.0,345.0,410.0,222.0,256.0,0.0,222.0,365.0,325.0,331.0,212.0,204.0,163.0,234.0,312.0,349.0,211.0,217.0,202.0,156.0,206.0,255.0,374.0,323.0,224.0,190.0,224.0,239.0,271.0,334.0,373.0,230.0,202.0,219.0,195.0,276.0,321.0,353.0,183.0,216.0,188.0,234.0,231.0,352.0,257.0,250.0,154.0,226.0,237.0,275.0,365.0,421.0,251.0,214.0,196.0,200.0,236.0,303.0,290.0,234.0,191.0,193.0,195.0,201.0,374.0,408.0,206.0,213.0,215.0,242.0,285.0,295.0,145.0,300.0,188.0,295.0,218.0,310.0,303.0,352.0,227.0,211.0,271.0,274.0,236.0,373.0,398.0,317.0,288.0,270.0,293.0,319.0,320.0,418.0,226.0,189.0,206.0,249.0,280.0,314.0,283.0,214.0,233.0,263.0,279.0,317.0,414.0,402.0,224.0,214.0,239.0,251.0,342.0,288.0,199.0,271.0,224.0,273.0,229.0,262.0,299.0,259.0,239.0,219.0,245.0,291.0,338.0,308.0,347.0,270.0,249.0,251.0,225.0,306.0,272.0,292.0,218.0,196.0,213.0,200.0,256.0,367.0,319.0,182.0,208.0,207.0,238.0,260.0,356.0,313.0,344.0,238.0,201.0,204.0,111.0,328.0,282.0,188.0,215.0,206.0,199.0,274.0,394.0,355.0,227.0,194.0,201.0,265.0,208.0,345.0,194.0,225.0,179.0,180.0,184.0,231.0,328.0,321.0,192.0,196.0,200.0,195.0,342.0,344.0,155.0,156.0,228.0,190.0,315.0,300.0,291.0,221.0,266.0,206.0,188.0,213.0,301.0,295.0,164.0,188.0,200.0,208.0,232.0,298.0,319.0,226.0,162.0,172.0,242.0,163.0,272.0,252.0,194.0,180.0,204.0,197.0,239.0,276.0,326.0,192.0,169.0,241.0,224.0,160.0,272.0,205.0,301.0,230.0,298.0,300.0,309.0,363.0,196.0,300.0,184.0,153.0,146.0,161.0,250.0,254.0,260.0,172.0,153.0,180.0,195.0,241.0,269.0,265.0,199.0,183.0,155.0,213.0,242.0,289.0,329.0,214.0,181.0,154.0,265.0,297.0,331.0,211.0,304.0,347.0,296.0,348.0,371.0,390.0,252.0
281.0,207.0,231.0,151.0,211.0,242.0,208.0,241.0,206.0,121.0,164.0,168.0,268.0,263.0,314.0,257.0,181.0,134.0,206.0,195.0,257.0,264.0,127.0,193.0,199.0,249.0,253.0,310.0,343.0,156.0,180.0,175.0,172.0,243.0,314.0,191.0,173.0,159.0,175.0,156.0,242.0,311.0,364.0,203.0,254.0,201.0,198.0,165.0,0.0,296.0,165.0,188.0,55.0,171.0,0.0,228.0,185.0,161.0,224.0,235.0,179.0,271.0,313.0,264.0,184.0,190.0,169.0,222.0,263.0,329.0,268.0,227.0,231.0,173.0,211.0,225.0,357.0,370.0,192.0,174.0,192.0,217.0,254.0,330.0,320.0,237.0,232.0,170.0,250.0,252.0,361.0,375.0,210.0,239.0,240.0,195.0,264.0,302.0,373.0,250.0,261.0,0.0,190.0,286.0,412.0,228.0,228.0,161.0,264.0,236.0,308.0,346.0,173.0,194.0,178.0,229.0,188.0,257.0,298.0,265.0,232.0,211.0,183.0,183.0,287.0,257.0,436.0,187.0,141.0,187.0,208.0,300.0,341.0,369.0,173.0,214.0,208.0,222.0,234.0,319.0,215.0,198.0,184.0,178.0,206.0,281.0,329.0,383.0,239.0,172.0,227.0,201.0,292.0,307.0,318.0,158.0,163.0,209.0,190.0,175.0,328.0,358.0,175.0,198.0,232.0,275.0,286.0,408.0,94.0,234.0,227.0,189.0,213.0,334.0,256.0,386.0,241.0,206.0,206.0,299.0,211.0,258.0,413.0,351.0,334.0,270.0,259.0,213.0,269.0,409.0,246.0,233.0,237.0,223.0,300.0,301.0,285.0,220.0,208.0,216.0,236.0,275.0,323.0,419.0,262.0,218.0,252.0,233.0,311.0,280.0,135.0,261.0,254.0,252.0,259.0,257.0,400.0,322.0,242.0,233.0,212.0,304.0,346.0,344.0,368.0,252.0,275.0,270.0,235.0,296.0,205.0,234.0,245.0,190.0,204.0,242.0,283.0,260.0,277.0,192.0,184.0,210.0,247.0,286.0,311.0,331.0,344.0,183.0,179.0,243.0,168.0,376.0,255.0,196.0,233.0,174.0,269.0,231.0,366.0,386.0,202.0,167.0,248.0,245.0,301.0,304.0,127.0,198.0,183.0,223.0,248.0,256.0,364.0,327.0,218.0,205.0,204.0,198.0,308.0,358.0,243.0,231.0,188.0,188.0,252.0,296.0,313.0,229.0,259.0,206.0,240.0,218.0,269.0,277.0,259.0,213.0,190.0,189.0,243.0,299.0,362.0,252.0,228.0,191.0,142.0,164.0,228.0,248.0,250.0,242.0,188.0,160.0,185.0,184.0,285.0,312.0,168.0,192.0,169.0,182.0,285.0,248.0,298.0,199.0,238.0,291.0,263.0,332.0,240.0,253.0,171.0,161.0,166.0,201.0,261.0,258.0,286.0,135.0,172.0,169.0,203.0,255.0,236.0,252.0,206.0,159.0,187.0,218.0,234.0,285.0,280.0,200.0,177.0,207.0,239.0,252.0,300.0,228.0,344.0,330.0,289.0,300.0,394.0,394.0,258.0
283.0,176.0,209.0,165.0,202.0,210.0,200.0,153.0,124.0,137.0,142.0,162.0,215.0,277.0,299.0,254.0,175.0,105.0,147.0,216.0,213.0,281.0,146.0,178.0,192.0,233.0,235.0,319.0,384.0,196.0,186.0,172.0,208.0,242.0,251.0,246.0,173.0,170.0,199.0,161.0,237.0,360.0,386.0,211.0,227.0,182.0,212.0,163.0,0.0,263.0,186.0,187.0,147.0,164.0,0.0,163.0,281.0,166.0,174.0,161.0,159.0,305.0,286.0,276.0,176.0,196.0,138.0,185.0,263.0,211.0,364.0,196.0,216.0,198.0,159.0,282.0,281.0,360.0,200.0,177.0,203.0,218.0,196.0,303.0,365.0,162.0,181.0,188.0,228.0,263.0,313.0,362.0,213.0,226.0,209.0,204.0,237.0,302.0,407.0,238.0,231.0,0.0,195.0,329.0,369.0,183.0,178.0,204.0,245.0,260.0,267.0,320.0,170.0,145.0,166.0,183.0,236.0,251.0,348.0,275.0,178.0,137.0,216.0,187.0,240.0,289.0,405.0,183.0,180.0,201.0,163.0,240.0,414.0,365.0,167.0,162.0,198.0,231.0,256.0,335.0,277.0,199.0,208.0,207.0,241.0,289.0,337.0,334.0,303.0,204.0,172.0,187.0,262.0,265.0,340.0,179.0,183.0,193.0,237.0,260.0,323.0,355.0,181.0,197.0,252.0,244.0,318.0,365.0,129.0,254.0,240.0,236.0,264.0,274.0,297.0,376.0,212.0,185.0,212.0,240.0,245.0,363.0,389.0,347.0,391.0,222.0,250.0,310.0,333.0,380.0,219.0,168.0,216.0,269.0,254.0,369.0,180.0,219.0,184.0,214.0,255.0,291.0,351.0,401.0,237.0,272.0,237.0,273.0,221.0,308.0,189.0,247.0,227.0,184.0,304.0,277.0,341.0,340.0,299.0,244.0,224.0,235.0,335.0,377.0,382.0,232.0,220.0,200.0,281.0,368.0,117.0,197.0,202.0,217.0,219.0,241.0,197.0,295.0,286.0,184.0,149.0,197.0,240.0,245.0,301.0,360.0,313.0,220.0,179.0,209.0,148.0,299.0,285.0,218.0,179.0,195.0,174.0,250.0,289.0,352.0,170.0,133.0,174.0,200.0,311.0,341.0,136.0,201.0,153.0,200.0,194.0,273.0,360.0,273.0,196.0,176.0,184.0,249.0,322.0,347.0,250.0,190.0,222.0,186.0,234.0,234.0,313.0,171.0,225.0,200.0,193.0,254.0,286.0,327.0,137.0,171.0,198.0,185.0,212.0,225.0,306.0,323.0,221.0,143.0,171.0,190.0,233.0,247.0,211.0,211.0,152.0,177.0,211.0,229.0,270.0,273.0,204.0,171.0,175.0,144.0,231.0,234.0,295.0,210.0,258.0,252.0,264.0,297.0,206.0,226.0,199.0,154.0,185.0,169.0,206.0,263.0,280.0,167.0,176.0,157.0,150.0,164.0,254.0,306.0,171.0,147.0,147.0,181.0,229.0,318.0,289.0,209.0,243.0,215.0,241.0,277.0,338.0,221.0,330.0,339.0,228.0,272.0,370.0,310.0,266.0
293.0,181.0,190.0,186.0,187.0,237.0,176.0,196.0,153.0,122.0,155.0,173.0,224.0,327.0,255.0,271.0,157.0,118.0,176.0,221.0,252.0,79.0,142.0,174.0,152.0,195.0,261.0,281.0,340.0,202.0,152.0,133.0,177.0,207.0,270.0,179.0,142.0,140.0,182.0,117.0,238.0,361.0,288.0,186.0,160.0,180.0,218.0,163.0,0.0,270.0,164.0,155.0,145.0,140.0,0.0,138.0,196.0,176.0,163.0,207.0,203.0,199.0,289.0,259.0,163.0,182.0,200.0,165.0,218.0,248.0,363.0,148.0,144.0,162.0,173.0,274.0,283.0,361.0,184.0,138.0,132.0,202.0,277.0,258.0,268.0,170.0,212.0,214.0,162.0,261.0,314.0,360.0,200.0,183.0,206.0,244.0,253.0,307.0,346.0,216.0,254.0,0.0,230.0,329.0,339.0,308.0,173.0,159.0,230.0,186.0,264.0,394.0,202.0,172.0,176.0,153.0,199.0,253.0,324.0,263.0,193.0,182.0,219.0,197.0,316.0,291.0,416.0,214.0,180.0,220.0,188.0,185.0,364.0,307.0,195.0,207.0,214.0,193.0,244.0,295.0,281.0,155.0,185.0,171.0,244.0,233.0,292.0,371.0,274.0,239.0,181.0,164.0,247.0,327.0,317.0,218.0,157.0,134.0,247.0,282.0,370.0,359.0,193.0,194.0,173.0,215.0,265.0,247.0,105.0,219.0,215.0,183.0,223.0,277.0,308.0,343.0,197.0,171.0,187.0,205.0,253.0,389.0,384.0,346.0,252.0,189.0,238.0,327.0,302.0,386.0,206.0,230.0,205.0,237.0,331.0,308.0,258.0,250.0,202.0,226.0,217.0,294.0,369.0,366.0,188.0,206.0,194.0,227.0,234.0,211.0,167.0,249.0,240.0,182.0,255.0,282.0,377.0,335.0,195.0,229.0,252.0,215.0,334.0,388.0,367.0,240.0,235.0,267.0,274.0,336.0,318.0,256.0,226.0,188.0,172.0,210.0,223.0,336.0,322.0,189.0,186.0,169.0,221.0,282.0,251.0,391.0,367.0,138.0,194.0,195.0,174.0,342.0,340.0,144.0,217.0,179.0,200.0,286.0,352.0,381.0,189.0,186.0,176.0,193.0,248.0,288.0,164.0,143.0,177.0,165.0,175.0,263.0,356.0,291.0,189.0,138.0,180.0,180.0,342.0,380.0,273.0,213.0,194.0,179.0,192.0,190.0,328.0,281.0,220.0,205.0,186.0,207.0,266.0,328.0,222.0,226.0,206.0,225.0,183.0,235.0,314.0,340.0,199.0,169.0,202.0,205.0,215.0,230.0,272.0,214.0,192.0,116.0,191.0,268.0,284.0,283.0,156.0,161.0,142.0,147.0,226.0,207.0,288.0,220.0,256.0,312.0,244.0,361.0,227.0,255.0,184.0,138.0,171.0,161.0,212.0,204.0,236.0,183.0,150.0,168.0,213.0,221.0,244.0,280.0,148.0,164.0,201.0,166.0,199.0,265.0,295.0,180.0,149.0,201.0,220.0,222.0,297.0,219.0,332.0,372.0,277.0,307.0,436.0,328.0,242.0
269.0,191.0,134.0,187.0,192.0,167.0,164.0,193.0,135.0,128.0,130.0,129.0,244.0,242.0,337.0,288.0,169.0,150.0,145.0,173.0,194.0,0.0,124.0,172.0,139.0,216.0,261.0,295.0,310.0,163.0,170.0,165.0,177.0,203.0,300.0,223.0,155.0,133.0,167.0,129.0,308.0,344.0,351.0,165.0,188.0,199.0,159.0,185.0,0.0,317.0,156.0,166.0,129.0,111.0,0.0,50.0,295.0,168.0,154.0,169.0,143.0,260.0,324.0,216.0,173.0,179.0,160.0,218.0,235.0,308.0,307.0,173.0,159.0,163.0,214.0,174.0,316.0,409.0,144.0,176.0,188.0,215.0,251.0,314.0,333.0,172.0,161.0,215.0,202.0,272.0,337.0,368.0,196.0,216.0,213.0,199.0,256.0,238.0,399.0,239.0,243.0,0.0,209.0,266.0,326.0,246.0,213.0,158.0,201.0,287.0,299.0,332.0,202.0,192.0,160.0,171.0,187.0,265.0,324.0,311.0,215.0,182.0,185.0,164.0,250.0,243.0,338.0,188.0,195.0,182.0,205.0,267.0,305.0,333.0,199.0,140.0,190.0,218.0,284.0,259.0,281.0,149.0,193.0,224.0,195.0,234.0,345.0,303.0,256.0,169.0,203.0,182.0,221.0,349.0,278.0,203.0,157.0,191.0,183.0,238.0,300.0,352.0,148.0,202.0,187.0,168.0,295.0,386.0,98.0,194.0,228.0,235.0,248.0,240.0,282.0,382.0,190.0,188.0,178.0,191.0,207.0,357.0,431.0,351.0,268.0,263.0,270.0,255.0,284.0,345.0,204.0,226.0,232.0,235.0,283.0,348.0,267.0,235.0,216.0,212.0,239.0,262.0,320.0,336.0,221.0,199.0,208.0,233.0,290.0,220.0,196.0,204.0,239.0,193.0,252.0,292.0,338.0,319.0,211.0,228.0,260.0,302.0,303.0,386.0,343.0,217.0,204.0,232.0,253.0,278.0,257.0,337.0,192.0,195.0,176.0,214.0,247.0,309.0,366.0,207.0,178.0,193.0,222.0,303.0,307.0,352.0,342.0,154.0,167.0,185.0,162.0,319.0,329.0,162.0,158.0,175.0,200.0,207.0,385.0,341.0,202.0,185.0,185.0,173.0,250.0,341.0,153.0,223.0,160.0,175.0,178.0,229.0,281.0,277.0,165.0,172.0,177.0,211.0,257.0,298.0,212.0,219.0,197.0,166.0,203.0,239.0,317.0,233.0,170.0,163.0,197.0,181.0,257.0,324.0,241.0,188.0,145.0,204.0,219.0,274.0,332.0,271.0,178.0,153.0,167.0,213.0,227.0,257.0,238.0,188.0,170.0,165.0,192.0,232.0,263.0,245.0,170.0,167.0,164.0,151.0,307.0,217.0,304.0,202.0,249.0,219.0,283.0,354.0,267.0,258.0,144.0,160.0,127.0,176.0,196.0,207.0,294.0,164.0,114.0,136.0,179.0,183.0,300.0,319.0,151.0,133.0,145.0,162.0,236.0,271.0,303.0,203.0,147.0,178.0,200.0,291.0,276.0,211.0,355.0,306.0,294.0,327.0,359.0,378.0,265.0
302.0,184.0,193.0,140.0,186.0,228.0,163.0,167.0,156.0,149.0,134.0,174.0,222.0,190.0,320.0,312.0,181.0,109.0,169.0,182.0,206.0,0.0,126.0,155.0,137.0,173.0,204.0,303.0,194.0,137.0,175.0,156.0,159.0,188.0,207.0,224.0,131.0,162.0,185.0,179.0,245.0,294.0,357.0,195.0,212.0,190.0,178.0,99.0,32.0,286.0,135.0,173.0,189.0,136.0,0.0,237.0,180.0,166.0,162.0,147.0,203.0,270.0,274.0,326.0,173.0,157.0,172.0,158.0,226.0,258.0,368.0,194.0,192.0,193.0,191.0,233.0,349.0,311.0,162.0,148.0,161.0,212.0,238.0,302.0,367.0,188.0,158.0,205.0,271.0,234.0,303.0,303.0,140.0,229.0,194.0,216.0,223.0,291.0,395.0,153.0,217.0,0.0,227.0,333.0,423.0,206.0,257.0,199.0,195.0,255.0,229.0,341.0,200.0,177.0,183.0,207.0,170.0,278.0,346.0,275.0,184.0,159.0,164.0,197.0,262.0,275.0,364.0,214.0,172.0,204.0,195.0,231.0,349.0,372.0,171.0,139.0,157.0,164.0,237.0,297.0,248.0,177.0,169.0,198.0,218.0,258.0,341.0,291.0,223.0,206.0,207.0,185.0,213.0,314.0,324.0,144.0,193.0,171.0,193.0,286.0,343.0,326.0,200.0,199.0,169.0,214.0,255.0,321.0,91.0,224.0,225.0,237.0,202.0,308.0,316.0,335.0,212.0,215.0,223.0,248.0,243.0,413.0,435.0,342.0,277.0,255.0,224.0,279.0,297.0,377.0,254.0,221.0,225.0,222.0,318.0,283.0,329.0,179.0,228.0,197.0,217.0,301.0,329.0,314.0,229.0,216.0,223.0,267.0,302.0,294.0,131.0,279.0,224.0,178.0,219.0,267.0,338.0,277.0,264.0,231.0,214.0,244.0,334.0,325.0,331.0,194.0,232.0,223.0,268.0,277.0,239.0,311.0,231.0,172.0,157.0,222.0,276.0,266.0,360.0,185.0,185.0,183.0,231.0,276.0,255.0,336.0,336.0,192.0,163.0,150.0,161.0,307.0,277.0,215.0,203.0,178.0,204.0,263.0,288.0,407.0,192.0,216.0,189.0,219.0,270.0,340.0,202.0,190.0,161.0,192.0,177.0,263.0,301.0,259.0,193.0,180.0,179.0,219.0,263.0,321.0,299.0,260.0,197.0,181.0,203.0,258.0,340.0,270.0,152.0,155.0,174.0,214.0,284.0,278.0,217.0,207.0,176.0,178.0,239.0,233.0,352.0,349.0,218.0,155.0,179.0,184.0,202.0,207.0,278.0,213.0,165.0,134.0,216.0,227.0,333.0,256.0,134.0,140.0,151.0,162.0,244.0,326.0,297.0,168.0,219.0,288.0,243.0,342.0,293.0,267.0,184.0,155.0,161.0,157.0,195.0,250.0,227.0,145.0,176.0,135.0,157.0,216.0,238.0,333.0,163.0,183.0,171.0,175.0,268.0,206.0,285.0,174.0,179.0,181.0,214.0,308.0,292.0,202.0,347.0,346.0,284.0,250.0,387.0,382.0,220.0
279.0,192.0,180.0,129.0,206.0,215.0,182.0,200.0,154.0,125.0,172.0,135.0,194.0,247.0,259.0,280.0,151.0,141.0,147.0,176.0,188.0,0.0,143.0,141.0,156.0,175.0,250.0,262.0,358.0,174.0,149.0,149.0,140.0,248.0,252.0,193.0,143.0,152.0,159.0,177.0,268.0,259.0,303.0,197.0,181.0,185.0,208.0,0.0,303.0,300.0,161.0,152.0,170.0,89.0,0.0,225.0,161.0,179.0,118.0,180.0,170.0,211.0,260.0,214.0,188.0,182.0,170.0,167.0,245.0,287.0,299.0,194.0,214.0,209.0,182.0,236.0,292.0,377.0,136.0,179.0,184.0,235.0,191.0,287.0,325.0,170.0,207.0,185.0,165.0,264.0,313.0,319.0,214.0,197.0,190.0,207.0,264.0,298.0,416.0,246.0,208.0,0.0,219.0,330.0,426.0,260.0,184.0,169.0,217.0,250.0,270.0,367.0,182.0,220.0,192.0,180.0,176.0,251.0,352.0,305.0,171.0,163.0,196.0,212.0,226.0,204.0,341.0,163.0,188.0,165.0,213.0,302.0,354.0,336.0,141.0,174.0,211.0,208.0,273.0,330.0,307.0,154.0,188.0,178.0,184.0,223.0,330.0,250.0,231.0,211.0,174.0,206.0,223.0,257.0,260.0,193.0,158.0,160.0,150.0,265.0,352.0,411.0,214.0,164.0,197.0,213.0,303.0,362.0,120.0,186.0,196.0,178.0,175.0,279.0,311.0,331.0,214.0,193.0,209.0,223.0,265.0,388.0,374.0,373.0,311.0,226.0,225.0,234.0,327.0,406.0,192.0,216.0,222.0,251.0,272.0,339.0,379.0,223.0,191.0,204.0,204.0,291.0,287.0,384.0,217.0,220.0,179.0,245.0,307.0,305.0,170.0,253.0,235.0,219.0,224.0,272.0,343.0,325.0,245.0,173.0,233.0,243.0,328.0,345.0,300.0,244.0,229.0,277.0,233.0,345.0,250.0,281.0,193.0,199.0,193.0,220.0,251.0,308.0,368.0,169.0,181.0,123.0,198.0,273.0,288.0,336.0,291.0,200.0,153.0,206.0,154.0,301.0,374.0,179.0,177.0,190.0,148.0,252.0,316.0,319.0,205.0,186.0,175.0,183.0,259.0,306.0,165.0,201.0,193.0,215.0,221.0,254.0,317.0,245.0,186.0,162.0,184.0,236.0,247.0,349.0,241.0,213.0,185.0,209.0,173.0,275.0,358.0,240.0,183.0,164.0,205.0,206.0,265.0,341.0,298.0,174.0,181.0,186.0,162.0,223.0,331.0,350.0,193.0,145.0,141.0,220.0,179.0,265.0,260.0,193.0,134.0,152.0,139.0,218.0,294.0,294.0,175.0,143.0,141.0,159.0,224.0,282.0,290.0,195.0,230.0,183.0,298.0,338.0,244.0,241.0,170.0,157.0,155.0,193.0,190.0,236.0,272.0,156.0,168.0,150.0,204.0,214.0,251.0,266.0,179.0,185.0,197.0,181.0,290.0,264.0,309.0,201.0,193.0,220.0,222.0,246.0,311.0,202.0,330.0,267.0,253.0,348.0,395.0,397.0,207.0
250.0,177.0,164.0,133.0,196.0,226.0,239.0,197.0,171.0,119.0,154.0,162.0,214.0,186.0,322.0,278.0,148.0,137.0,169.0,165.0,167.0,0.0,142.0,131.0,150.0,178.0,237.0,271.0,281.0,156.0,164.0,127.0,169.0,168.0,233.0,157.0,147.0,129.0,108.0,132.0,219.0,319.0,381.0,147.0,196.0,152.0,180.0,0.0,239.0,233.0,146.0,151.0,154.0,104.0,0.0,180.0,136.0,149.0,161.0,172.0,181.0,190.0,303.0,322.0,160.0,162.0,200.0,202.0,177.0,271.0,326.0,176.0,157.0,184.0,206.0,201.0,304.0,325.0,179.0,130.0,145.0,226.0,241.0,247.0,381.0,158.0,200.0,190.0,216.0,241.0,290.0,305.0,178.0,184.0,192.0,258.0,252.0,229.0,378.0,209.0,182.0,0.0,182.0,258.0,281.0,241.0,245.0,200.0,165.0,215.0,276.0,309.0,152.0,151.0,160.0,175.0,178.0,224.0,236.0,327.0,181.0,184.0,152.0,197.0,236.0,235.0,293.0,193.0,177.0,201.0,204.0,261.0,273.0,360.0,206.0,138.0,189.0,189.0,212.0,326.0,300.0,197.0,169.0,198.0,218.0,276.0,296.0,376.0,327.0,203.0,163.0,157.0,253.0,293.0,338.0,184.0,167.0,190.0,209.0,269.0,327.0,352.0,165.0,222.0,191.0,164.0,289.0,353.0,291.0,223.0,179.0,221.0,196.0,199.0,277.0,393.0,204.0,204.0,184.0,188.0,242.0,321.0,384.0,389.0,298.0,204.0,226.0,247.0,309.0,408.0,217.0,202.0,200.0,193.0,249.0,297.0,342.0,175.0,223.0,174.0,275.0,256.0,364.0,341.0,222.0,193.0,192.0,264.0,264.0,339.0,189.0,227.0,230.0,215.0,241.0,277.0,328.0,272.0,200.0,199.0,203.0,236.0,295.0,350.0,357.0,208.0,185.0,207.0,245.0,291.0,294.0,225.0,209.0,202.0,182.0,176.0,216.0,262.0,331.0,202.0,179.0,152.0,207.0,282.0,286.0,375.0,354.0,207.0,161.0,190.0,175.0,319.0,277.0,175.0,186.0,203.0,199.0,270.0,295.0,397.0,203.0,168.0,162.0,209.0,264.0,345.0,160.0,171.0,182.0,199.0,199.0,250.0,276.0,260.0,189.0,190.0,184.0,240.0,283.0,306.0,245.0,161.0,201.0,189.0,198.0,235.0,373.0,209.0,210.0,196.0,202.0,194.0,181.0,316.0,225.0,188.0,173.0,147.0,182.0,243.0,291.0,276.0,178.0,128.0,155.0,142.0,133.0,207.0,228.0,185.0,115.0,149.0,166.0,213.0,283.0,271.0,177.0,188.0,152.0,136.0,241.0,197.0,271.0,185.0,244.0,230.0,242.0,343.0,272.0,239.0,184.0,153.0,132.0,142.0,184.0,226.0,265.0,144.0,155.0,155.0,137.0,198.0,233.0,309.0,159.0,106.0,154.0,180.0,238.0,231.0,283.0,167.0,129.0,205.0,234.0,235.0,306.0,162.0,341.0,396.0,313.0,305.0,374.0,339.0,233.0
231.0,189.0,193.0,129.0,147.0,195.0,154.0,164.0,120.0,98.0,96.0,140.0,196.0,225.0,240.0,309.0,152.0,130.0,164.0,136.0,199.0,240.0,145.0,136.0,118.0,189.0,205.0,277.0,268.0,137.0,145.0,136.0,141.0,200.0,188.0,246.0,143.0,122.0,142.0,159.0,170.0,350.0,344.0,189.0,192.0,131.0,168.0,0.0,167.0,269.0,145.0,147.0,195.0,94.0,0.0,105.0,158.0,163.0,150.0,167.0,107.0,249.0,336.0,302.0,150.0,118.0,183.0,148.0,258.0,267.0,232.0,195.0,183.0,174.0,180.0,238.0,315.0,383.0,143.0,158.0,178.0,207.0,201.0,297.0,381.0,141.0,191.0,152.0,174.0,219.0,332.0,315.0,214.0,163.0,202.0,235.0,228.0,335.0,381.0,189.0,190.0,0.0,204.0,276.0,343.0,208.0,208.0,155.0,167.0,225.0,280.0,332.0,203.0,213.0,194.0,161.0,172.0,212.0,310.0,253.0,189.0,120.0,179.0,203.0,249.0,246.0,320.0,157.0,178.0,180.0,198.0,259.0,294.0,353.0,187.0,134.0,165.0,193.0,273.0,211.0,275.0,180.0,190.0,152.0,189.0,282.0,316.0,377.0,231.0,214.0,191.0,148.0,230.0,310.0,258.0,131.0,153.0,199.0,180.0,283.0,311.0,316.0,166.0,160.0,196.0,176.0,266.0,331.0,302.0,230.0,198.0,194.0,198.0,273.0,263.0,298.0,205.0,199.0,161.0,194.0,200.0,328.0,393.0,344.0,291.0,249.0,219.0,182.0,324.0,377.0,195.0,216.0,204.0,208.0,293.0,316.0,375.0,216.0,184.0,210.0,161.0,284.0,258.0,409.0,212.0,169.0,200.0,222.0,271.0,226.0,154.0,217.0,177.0,215.0,202.0,270.0,308.0,286.0,236.0,217.0,212.0,214.0,314.0,342.0,361.0,233.0,226.0,227.0,259.0,340.0,319.0,223.0,158.0,185.0,190.0,192.0,238.0,269.0,314.0,151.0,167.0,160.0,194.0,290.0,312.0,328.0,361.0,163.0,161.0,189.0,160.0,338.0,333.0,167.0,183.0,155.0,206.0,222.0,290.0,385.0,177.0,185.0,201.0,163.0,224.0,360.0,156.0,179.0,158.0,144.0,200.0,200.0,287.0,242.0,191.0,198.0,161.0,186.0,218.0,393.0,269.0,256.0,174.0,141.0,179.0,246.0,352.0,292.0,166.0,162.0,177.0,207.0,267.0,281.0,277.0,182.0,140.0,182.0,191.0,247.0,289.0,335.0,189.0,136.0,155.0,176.0,256.0,209.0,286.0,191.0,129.0,139.0,183.0,217.0,272.0,235.0,120.0,161.0,148.0,140.0,208.0,238.0,283.0,197.0,229.0,241.0,218.0,223.0,257.0,250.0,173.0,175.0,121.0,142.0,192.0,251.0,190.0,127.0,112.0,172.0,170.0,168.0,252.0,266.0,124.0,171.0,173.0,135.0,227.0,239.0,199.0,154.0,189.0,199.0,173.0,259.0,242.0,181.0,274.0,384.0,298.0,340.0,332.0,345.0,206.0
271.0,169.0,189.0,146.0,165.0,188.0,150.0,213.0,135.0,110.0,152.0,152.0,221.0,207.0,281.0,278.0,134.0,111.0,148.0,176.0,144.0,147.0,129.0,148.0,130.0,167.0,270.0,267.0,238.0,152.0,147.0,113.0,146.0,185.0,178.0,217.0,133.0,156.0,138.0,138.0,257.0,323.0,339.0,130.0,162.0,183.0,161.0,0.0,242.0,229.0,137.0,154.0,63.0,143.0,0.0,92.0,245.0,147.0,159.0,183.0,181.0,171.0,290.0,248.0,199.0,166.0,134.0,155.0,190.0,259.0,334.0,173.0,199.0,176.0,217.0,209.0,286.0,280.0,170.0,145.0,176.0,202.0,244.0,277.0,350.0,203.0,186.0,201.0,196.0,243.0,336.0,299.0,170.0,172.0,163.0,218.0,213.0,262.0,379.0,182.0,203.0,0.0,219.0,226.0,336.0,240.0,165.0,187.0,196.0,204.0,277.0,314.0,234.0,117.0,174.0,170.0,181.0,222.0,262.0,270.0,162.0,158.0,167.0,177.0,215.0,300.0,300.0,172.0,148.0,129.0,209.0,241.0,279.0,405.0,182.0,189.0,177.0,212.0,244.0,341.0,232.0,162.0,181.0,176.0,211.0,287.0,250.0,334.0,275.0,192.0,171.0,197.0,256.0,271.0,280.0,209.0,166.0,179.0,212.0,270.0,272.0,363.0,126.0,203.0,184.0,159.0,262.0,351.0,260.0,218.0,191.0,180.0,273.0,240.0,273.0,379.0,191.0,188.0,182.0,172.0,310.0,316.0,402.0,343.0,265.0,200.0,183.0,235.0,284.0,371.0,191.0,136.0,164.0,167.0,282.0,297.0,313.0,212.0,230.0,207.0,217.0,276.0,297.0,362.0,198.0,219.0,221.0,213.0,309.0,325.0,155.0,210.0,166.0,176.0,169.0,260.0,348.0,306.0,231.0,188.0,223.0,207.0,211.0,266.0,292.0,222.0,220.0,217.0,229.0,302.0,364.0,346.0,167.0,170.0,182.0,198.0,187.0,278.0,353.0,221.0,163.0,192.0,221.0,261.0,247.0,292.0,357.0,179.0,191.0,198.0,180.0,247.0,238.0,177.0,133.0,175.0,193.0,250.0,270.0,361.0,155.0,179.0,168.0,192.0,255.0,327.0,204.0,174.0,216.0,179.0,170.0,250.0,288.0,355.0,166.0,157.0,184.0,190.0,262.0,344.0,277.0,210.0,147.0,163.0,167.0,264.0,343.0,226.0,171.0,170.0,178.0,154.0,211.0,265.0,226.0,144.0,177.0,165.0,152.0,265.0,269.0,351.0,155.0,113.0,157.0,158.0,166.0,259.0,247.0,172.0,137.0,146.0,155.0,202.0,280.0,333.0,159.0,134.0,126.0,156.0,209.0,234.0,294.0,187.0,183.0,316.0,180.0,339.0,260.0,270.0,176.0,129.0,135.0,158.0,228.0,201.0,232.0,144.0,189.0,155.0,181.0,198.0,247.0,236.0,123.0,145.0,170.0,194.0,137.0,237.0,179.0,174.0,176.0,152.0,168.0,252.0,221.0,176.0,356.0,338.0,251.0,264.0,323.0,262.0,186.0
274.0,157.0,164.0,162.0,154.0,217.0,160.0,171.0,129.0,95.0,105.0,117.0,175.0,232.0,256.0,285.0,144.0,119.0,149.0,191.0,148.0,121.0,97.0,146.0,145.0,208.0,221.0,204.0,274.0,158.0,153.0,119.0,131.0,156.0,247.0,206.0,155.0,139.0,174.0,155.0,219.0,284.0,299.0,153.0,150.0,145.0,139.0,180.0,224.0,241.0,152.0,149.0,46.0,80.0,0.0,111.0,196.0,106.0,129.0,155.0,148.0,193.0,263.0,269.0,159.0,159.0,171.0,134.0,213.0,216.0,393.0,201.0,136.0,177.0,179.0,248.0,287.0,353.0,158.0,155.0,156.0,139.0,193.0,289.0,242.0,171.0,171.0,173.0,216.0,220.0,317.0,210.0,208.0,153.0,186.0,195.0,291.0,283.0,385.0,191.0,158.0,0.0,187.0,270.0,340.0,255.0,194.0,137.0,173.0,185.0,309.0,325.0,200.0,145.0,145.0,150.0,156.0,245.0,322.0,275.0,178.0,133.0,170.0,181.0,249.0,287.0,381.0,136.0,170.0,181.0,192.0,249.0,265.0,336.0,159.0,170.0,165.0,182.0,223.0,289.0,252.0,176.0,153.0,159.0,174.0,257.0,351.0,333.0,251.0,198.0,191.0,169.0,215.0,252.0,316.0,176.0,160.0,152.0,200.0,292.0,329.0,292.0,171.0,163.0,154.0,163.0,311.0,336.0,342.0,246.0,223.0,243.0,187.0,272.0,299.0,333.0,157.0,178.0,146.0,201.0,255.0,327.0,342.0,264.0,331.0,213.0,193.0,251.0,267.0,383.0,168.0,156.0,200.0,167.0,246.0,263.0,296.0,194.0,216.0,148.0,229.0,262.0,307.0,374.0,251.0,195.0,193.0,281.0,326.0,281.0,125.0,192.0,226.0,198.0,224.0,234.0,314.0,262.0,185.0,223.0,200.0,210.0,296.0,270.0,363.0,226.0,206.0,224.0,219.0,263.0,301.0,315.0,193.0,168.0,186.0,202.0,256.0,231.0,322.0,184.0,167.0,170.0,176.0,250.0,224.0,268.0,343.0,171.0,175.0,171.0,179.0,294.0,323.0,170.0,191.0,138.0,172.0,178.0,209.0,322.0,177.0,153.0,188.0,153.0,248.0,294.0,131.0,141.0,163.0,177.0,158.0,214.0,288.0,355.0,196.0,185.0,177.0,130.0,311.0,315.0,187.0,222.0,181.0,166.0,202.0,263.0,351.0,255.0,174.0,145.0,160.0,182.0,200.0,286.0,157.0,162.0,186.0,199.0,230.0,216.0,282.0,356.0,171.0,118.0,137.0,177.0,186.0,195.0,221.0,179.0,121.0,146.0,177.0,223.0,247.0,247.0,143.0,142.0,148.0,110.0,137.0,181.0,251.0,143.0,196.0,301.0,236.0,335.0,325.0,269.0,123.0,146.0,135.0,145.0,168.0,205.0,269.0,123.0,157.0,154.0,135.0,209.0,173.0,275.0,143.0,115.0,142.0,162.0,174.0,235.0,307.0,156.0,177.0,184.0,198.0,213.0,266.0,227.0,336.0,378.0,317.0,337.0,270.0,374.0,217.0
239.0,163.0,109.0,101.0,163.0,211.0,123.0,180.0,149.0,120.0,95.0,84.0,158.0,174.0,219.0,256.0,164.0,112.0,152.0,139.0,160.0,219.0,140.0,118.0,165.0,181.0,201.0,236.0,306.0,152.0,152.0,143.0,142.0,173.0,192.0,250.0,129.0,154.0,176.0,127.0,261.0,276.0,352.0,151.0,134.0,183.0,157.0,160.0,111.0,308.0,145.0,144.0,102.0,122.0,0.0,129.0,166.0,150.0,170.0,124.0,177.0,231.0,285.0,231.0,154.0,135.0,134.0,132.0,222.0,220.0,358.0,178.0,178.0,145.0,180.0,262.0,344.0,261.0,157.0,158.0,159.0,157.0,202.0,270.0,240.0,194.0,145.0,172.0,209.0,222.0,274.0,315.0,199.0,215.0,157.0,164.0,266.0,254.0,396.0,171.0,177.0,0.0,235.0,256.0,332.0,251.0,210.0,167.0,185.0,200.0,240.0,277.0,230.0,176.0,170.0,137.0,201.0,207.0,282.0,274.0,154.0,183.0,170.0,163.0,243.0,233.0,273.0,177.0,197.0,167.0,216.0,254.0,305.0,289.0,213.0,157.0,136.0,183.0,205.0,331.0,179.0,166.0,161.0,194.0,222.0,257.0,276.0,324.0,283.0,173.0,162.0,163.0,199.0,329.0,194.0,184.0,159.0,187.0,177.0,221.0,319.0,303.0,127.0,188.0,187.0,156.0,233.0,299.0,337.0,240.0,162.0,210.0,187.0,213.0,304.0,367.0,210.0,194.0,192.0,181.0,252.0,327.0,404.0,360.0,236.0,211.0,200.0,218.0,323.0,346.0,185.0,160.0,179.0,180.0,235.0,266.0,362.0,217.0,213.0,182.0,157.0,269.0,273.0,397.0,216.0,212.0,195.0,219.0,256.0,267.0,177.0,226.0,220.0,131.0,225.0,236.0,292.0,358.0,175.0,214.0,159.0,150.0,259.0,291.0,313.0,195.0,186.0,202.0,233.0,294.0,276.0,329.0,178.0,190.0,186.0,156.0,245.0,243.0,315.0,170.0,182.0,166.0,201.0,263.0,313.0,290.0,341.0,168.0,170.0,165.0,123.0,246.0,311.0,198.0,179.0,157.0,214.0,215.0,209.0,304.0,172.0,151.0,182.0,183.0,227.0,315.0,163.0,176.0,158.0,150.0,190.0,221.0,241.0,371.0,182.0,190.0,166.0,174.0,233.0,293.0,239.0,211.0,148.0,152.0,218.0,222.0,348.0,235.0,191.0,166.0,137.0,176.0,235.0,326.0,303.0,169.0,193.0,167.0,192.0,222.0,232.0,313.0,178.0,114.0,166.0,159.0,197.0,216.0,262.0,191.0,164.0,153.0,180.0,152.0,194.0,336.0,131.0,136.0,151.0,129.0,196.0,209.0,248.0,165.0,215.0,197.0,278.0,307.0,227.0,265.0,184.0,135.0,143.0,142.0,165.0,208.0,231.0,145.0,119.0,156.0,139.0,195.0,206.0,191.0,147.0,137.0,197.0,148.0,207.0,237.0,240.0,168.0,176.0,198.0,188.0,267.0,231.0,132.0,359.0,259.0,322.0,315.0,375.0,340.0,155.0
247.0,185.0,142.0,128.0,143.0,192.0,138.0,167.0,121.0,86.0,125.0,139.0,192.0,211.0,228.0,225.0,151.0,120.0,160.0,153.0,185.0,200.0,120.0,86.0,142.0,188.0,174.0,244.0,253.0,127.0,133.0,126.0,143.0,162.0,210.0,294.0,107.0,135.0,112.0,122.0,246.0,281.0,376.0,165.0,132.0,141.0,189.0,167.0,222.0,277.0,124.0,129.0,79.0,82.0,0.0,79.0,92.0,139.0,133.0,141.0,148.0,240.0,251.0,252.0,128.0,126.0,114.0,166.0,201.0,236.0,237.0,184.0,166.0,148.0,133.0,221.0,317.0,342.0,154.0,189.0,159.0,203.0,223.0,243.0,237.0,184.0,158.0,154.0,198.0,204.0,248.0,194.0,205.0,153.0,130.0,183.0,197.0,253.0,357.0,226.0,193.0,0.0,166.0,288.0,310.0,254.0,154.0,155.0,169.0,201.0,245.0,328.0,217.0,178.0,156.0,149.0,149.0,162.0,331.0,266.0,176.0,135.0,163.0,157.0,198.0,235.0,369.0,156.0,168.0,159.0,163.0,255.0,218.0,311.0,186.0,169.0,165.0,151.0,216.0,277.0,244.0,161.0,161.0,141.0,197.0,249.0,257.0,296.0,318.0,192.0,175.0,183.0,214.0,295.0,261.0,186.0,155.0,151.0,158.0,180.0,274.0,296.0,187.0,156.0,198.0,219.0,217.0,366.0,301.0,207.0,180.0,193.0,227.0,290.0,292.0,351.0,181.0,159.0,209.0,179.0,256.0,342.0,416.0,383.0,287.0,192.0,198.0,199.0,308.0,309.0,187.0,194.0,165.0,203.0,302.0,298.0,314.0,229.0,177.0,199.0,185.0,224.0,226.0,277.0,195.0,198.0,202.0,151.0,272.0,316.0,167.0,206.0,234.0,173.0,235.0,236.0,294.0,215.0,207.0,175.0,178.0,211.0,272.0,324.0,338.0,231.0,178.0,192.0,195.0,292.0,282.0,282.0,181.0,135.0,169.0,212.0,218.0,273.0,303.0,187.0,143.0,161.0,188.0,274.0,274.0,303.0,263.0,162.0,227.0,157.0,98.0,346.0,308.0,171.0,157.0,175.0,171.0,252.0,312.0,319.0,188.0,172.0,162.0,192.0,253.0,340.0,149.0,165.0,164.0,160.0,157.0,253.0,274.0,349.0,137.0,90.0,173.0,185.0,263.0,356.0,279.0,160.0,164.0,146.0,221.0,231.0,358.0,207.0,195.0,126.0,134.0,167.0,272.0,177.0,295.0,163.0,172.0,118.0,154.0,267.0,303.0,277.0,189.0,121.0,141.0,163.0,189.0,208.0,274.0,187.0,131.0,138.0,178.0,212.0,255.0,292.0,163.0,147.0,96.0,147.0,224.0,238.0,221.0,204.0,175.0,207.0,282.0,275.0,228.0,274.0,141.0,115.0,132.0,158.0,182.0,174.0,250.0,151.0,147.0,128.0,157.0,195.0,198.0,259.0,111.0,153.0,139.0,160.0,204.0,228.0,267.0,121.0,162.0,148.0,195.0,233.0,291.0,173.0,269.0,282.0,250.0,288.0,344.0,298.0,199.0
221.0,151.0,148.0,144.0,149.0,181.0,155.0,124.0,108.0,91.0,115.0,124.0,164.0,228.0,245.0,173.0,146.0,79.0,110.0,137.0,99.0,215.0,118.0,116.0,121.0,173.0,194.0,218.0,255.0,115.0,122.0,98.0,121.0,193.0,164.0,310.0,130.0,186.0,123.0,121.0,170.0,221.0,281.0,159.0,143.0,138.0,130.0,182.0,186.0,268.0,128.0,136.0,129.0,111.0,0.0,148.0,190.0,132.0,110.0,131.0,126.0,221.0,246.0,245.0,142.0,147.0,131.0,123.0,182.0,244.0,382.0,157.0,143.0,114.0,167.0,215.0,307.0,312.0,115.0,125.0,157.0,199.0,127.0,262.0,261.0,166.0,187.0,139.0,124.0,238.0,270.0,142.0,196.0,164.0,147.0,144.0,227.0,199.0,349.0,206.0,154.0,0.0,195.0,272.0,310.0,236.0,184.0,164.0,178.0,202.0,214.0,292.0,156.0,137.0,160.0,147.0,169.0,204.0,344.0,272.0,153.0,139.0,147.0,179.0,170.0,204.0,282.0,121.0,182.0,142.0,185.0,254.0,309.0,386.0,200.0,148.0,154.0,200.0,225.0,242.0,187.0,183.0,172.0,178.0,205.0,219.0,338.0,311.0,298.0,141.0,150.0,158.0,215.0,272.0,267.0,177.0,158.0,162.0,191.0,215.0,234.0,312.0,185.0,206.0,177.0,206.0,238.0,340.0,222.0,170.0,204.0,166.0,185.0,249.0,252.0,334.0,206.0,186.0,143.0,196.0,215.0,332.0,383.0,319.0,373.0,195.0,167.0,228.0,270.0,373.0,194.0,177.0,196.0,214.0,249.0,307.0,317.0,186.0,159.0,139.0,189.0,264.0,316.0,371.0,179.0,144.0,174.0,252.0,299.0,302.0,165.0,190.0,181.0,189.0,183.0,252.0,333.0,218.0,213.0,175.0,162.0,216.0,159.0,324.0,229.0,221.0,209.0,224.0,232.0,295.0,328.0,306.0,170.0,143.0,162.0,200.0,248.0,266.0,368.0,165.0,163.0,181.0,216.0,256.0,255.0,303.0,306.0,164.0,144.0,211.0,144.0,268.0,279.0,153.0,170.0,167.0,165.0,152.0,245.0,265.0,153.0,114.0,156.0,150.0,241.0,307.0,209.0,148.0,136.0,164.0,154.0,247.0,259.0,393.0,177.0,158.0,160.0,188.0,172.0,259.0,337.0,198.0,176.0,148.0,164.0,244.0,315.0,257.0,163.0,123.0,140.0,141.0,231.0,281.0,263.0,164.0,130.0,143.0,192.0,208.0,248.0,280.0,116.0,109.0,109.0,120.0,159.0,219.0,281.0,165.0,121.0,118.0,165.0,196.0,210.0,195.0,136.0,145.0,132.0,116.0,171.0,189.0,288.0,163.0,207.0,230.0,269.0,319.0,235.0,256.0,118.0,115.0,112.0,98.0,173.0,205.0,264.0,111.0,130.0,142.0,155.0,135.0,195.0,251.0,110.0,137.0,159.0,115.0,178.0,265.0,223.0,142.0,203.0,154.0,197.0,191.0,227.0,161.0,285.0,333.0,226.0,311.0,300.0,330.0,187.0
239.0,151.0,133.0,96.0,120.0,178.0,112.0,169.0,109.0,75.0,133.0,110.0,175.0,209.0,205.0,244.0,103.0,119.0,136.0,140.0,121.0,187.0,99.0,114.0,153.0,156.0,132.0,226.0,244.0,129.0,87.0,108.0,131.0,236.0,182.0,273.0,108.0,112.0,103.0,128.0,209.0,303.0,307.0,124.0,149.0,154.0,131.0,152.0,193.0,258.0,114.0,113.0,81.0,64.0,0.0,177.0,173.0,128.0,111.0,138.0,153.0,193.0,242.0,282.0,136.0,125.0,159.0,139.0,160.0,245.0,273.0,164.0,105.0,160.0,177.0,201.0,336.0,300.0,125.0,108.0,136.0,147.0,218.0,232.0,257.0,164.0,158.0,158.0,171.0,191.0,314.0,305.0,145.0,100.0,187.0,156.0,240.0,298.0,399.0,175.0,185.0,0.0,194.0,238.0,290.0,251.0,225.0,151.0,173.0,184.0,264.0,296.0,194.0,157.0,109.0,181.0,175.0,205.0,308.0,289.0,178.0,156.0,174.0,180.0,0.0,220.0,295.0,154.0,107.0,163.0,153.0,243.0,246.0,389.0,175.0,121.0,134.0,191.0,167.0,258.0,251.0,148.0,180.0,123.0,152.0,275.0,312.0,330.0,303.0,162.0,183.0,185.0,240.0,319.0,244.0,149.0,180.0,163.0,189.0,205.0,274.0,307.0,113.0,176.0,168.0,210.0,232.0,321.0,213.0,229.0,176.0,196.0,189.0,270.0,246.0,331.0,149.0,191.0,168.0,176.0,294.0,272.0,387.0,318.0,267.0,190.0,167.0,229.0,281.0,308.0,174.0,168.0,198.0,177.0,294.0,282.0,288.0,172.0,196.0,210.0,212.0,267.0,274.0,345.0,179.0,175.0,228.0,186.0,268.0,301.0,170.0,183.0,181.0,220.0,186.0,255.0,321.0,274.0,207.0,192.0,181.0,214.0,259.0,294.0,349.0,167.0,196.0,212.0,197.0,265.0,212.0,365.0,181.0,146.0,157.0,186.0,234.0,231.0,338.0,174.0,137.0,169.0,182.0,271.0,324.0,331.0,366.0,180.0,155.0,145.0,161.0,242.0,304.0,143.0,174.0,165.0,143.0,278.0,263.0,349.0,155.0,185.0,154.0,134.0,216.0,316.0,229.0,158.0,167.0,144.0,154.0,221.0,289.0,354.0,159.0,172.0,156.0,208.0,214.0,249.0,324.0,179.0,169.0,147.0,205.0,215.0,294.0,274.0,163.0,150.0,129.0,147.0,211.0,286.0,315.0,139.0,172.0,156.0,128.0,198.0,228.0,252.0,168.0,117.0,153.0,157.0,172.0,130.0,310.0,167.0,147.0,125.0,164.0,176.0,219.0,310.0,141.0,118.0,128.0,130.0,202.0,216.0,195.0,155.0,193.0,283.0,263.0,267.0,243.0,295.0,126.0,147.0,119.0,149.0,147.0,192.0,202.0,129.0,142.0,136.0,168.0,200.0,234.0,293.0,141.0,140.0,115.0,153.0,204.0,233.0,213.0,108.0,146.0,132.0,211.0,267.0,277.0,159.0,324.0,263.0,195.0,226.0,326.0,266.0,175.0
220.0,141.0,146.0,109.0,125.0,204.0,160.0,158.0,80.0,122.0,119.0,138.0,206.0,152.0,203.0,229.0,100.0,106.0,117.0,131.0,166.0,162.0,79.0,97.0,126.0,140.0,182.0,176.0,266.0,83.0,133.0,114.0,113.0,177.0,143.0,299.0,110.0,122.0,108.0,106.0,158.0,290.0,347.0,168.0,133.0,143.0,155.0,159.0,235.0,283.0,98.0,126.0,124.0,115.0,0.0,179.0,227.0,123.0,139.0,141.0,131.0,187.0,238.0,259.0,146.0,143.0,149.0,126.0,191.0,195.0,300.0,135.0,173.0,156.0,179.0,237.0,275.0,287.0,143.0,154.0,123.0,155.0,248.0,249.0,258.0,139.0,176.0,165.0,179.0,219.0,304.0,244.0,179.0,130.0,176.0,150.0,214.0,260.0,372.0,171.0,111.0,0.0,179.0,268.0,332.0,213.0,179.0,156.0,148.0,157.0,240.0,311.0,193.0,179.0,170.0,135.0,190.0,224.0,316.0,292.0,174.0,146.0,209.0,160.0,208.0,212.0,313.0,164.0,140.0,153.0,176.0,214.0,261.0,354.0,125.0,141.0,193.0,147.0,208.0,331.0,248.0,147.0,156.0,170.0,170.0,271.0,270.0,321.0,311.0,201.0,165.0,162.0,222.0,281.0,292.0,180.0,112.0,151.0,146.0,205.0,278.0,258.0,183.0,160.0,170.0,197.0,192.0,320.0,262.0,216.0,197.0,173.0,179.0,243.0,266.0,321.0,189.0,204.0,197.0,155.0,291.0,295.0,334.0,282.0,287.0,230.0,179.0,233.0,313.0,284.0,183.0,138.0,180.0,209.0,302.0,302.0,322.0,185.0,179.0,182.0,168.0,254.0,329.0,330.0,208.0,222.0,206.0,200.0,283.0,320.0,82.0,216.0,174.0,169.0,166.0,236.0,355.0,272.0,241.0,196.0,185.0,190.0,247.0,297.0,317.0,210.0,169.0,189.0,181.0,316.0,295.0,305.0,146.0,181.0,120.0,152.0,217.0,240.0,278.0,172.0,149.0,174.0,178.0,195.0,242.0,298.0,358.0,149.0,159.0,160.0,110.0,282.0,274.0,165.0,183.0,147.0,186.0,182.0,252.0,271.0,134.0,181.0,156.0,162.0,239.0,245.0,217.0,174.0,164.0,149.0,144.0,208.0,235.0,359.0,150.0,154.0,151.0,194.0,211.0,261.0,241.0,165.0,146.0,168.0,171.0,183.0,331.0,235.0,132.0,140.0,158.0,157.0,217.0,247.0,267.0,151.0,139.0,147.0,167.0,220.0,245.0,309.0,114.0,110.0,140.0,128.0,179.0,196.0,255.0,138.0,113.0,112.0,150.0,166.0,238.0,334.0,137.0,115.0,127.0,137.0,208.0,218.0,200.0,166.0,204.0,269.0,295.0,286.0,248.0,297.0,170.0,112.0,105.0,124.0,187.0,183.0,197.0,98.0,143.0,141.0,142.0,133.0,191.0,261.0,140.0,119.0,129.0,131.0,193.0,212.0,257.0,142.0,140.0,171.0,197.0,273.0,289.0,150.0,292.0,300.0,274.0,283.0,330.0,290.0,150.0
253.0,126.0,113.0,134.0,140.0,189.0,149.0,142.0,101.0,87.0,115.0,112.0,169.0,197.0,231.0,191.0,123.0,83.0,126.0,169.0,138.0,144.0,154.0,130.0,145.0,153.0,202.0,257.0,240.0,105.0,126.0,103.0,125.0,150.0,199.0,335.0,121.0,202.0,147.0,109.0,223.0,251.0,331.0,146.0,103.0,122.0,110.0,156.0,204.0,284.0,133.0,129.0,78.0,71.0,0.0,62.0,208.0,149.0,138.0,110.0,143.0,160.0,209.0,215.0,130.0,130.0,137.0,160.0,174.0,267.0,307.0,169.0,162.0,136.0,175.0,196.0,291.0,259.0,127.0,161.0,157.0,203.0,191.0,266.0,196.0,103.0,137.0,147.0,138.0,168.0,263.0,354.0,177.0,167.0,136.0,158.0,238.0,255.0,365.0,166.0,153.0,0.0,181.0,226.0,343.0,270.0,146.0,167.0,150.0,176.0,252.0,290.0,184.0,151.0,114.0,155.0,141.0,210.0,253.0,249.0,159.0,132.0,176.0,166.0,191.0,207.0,227.0,189.0,131.0,153.0,166.0,249.0,274.0,378.0,176.0,136.0,150.0,166.0,215.0,295.0,280.0,135.0,138.0,160.0,196.0,267.0,283.0,340.0,317.0,162.0,162.0,160.0,221.0,280.0,317.0,153.0,173.0,154.0,165.0,214.0,304.0,274.0,173.0,150.0,182.0,205.0,274.0,368.0,261.0,218.0,166.0,188.0,158.0,242.0,247.0,374.0,174.0,159.0,212.0,206.0,262.0,290.0,347.0,376.0,278.0,148.0,202.0,221.0,276.0,361.0,183.0,217.0,188.0,184.0,307.0,301.0,345.0,170.0,163.0,203.0,241.0,224.0,257.0,323.0,207.0,182.0,192.0,196.0,241.0,341.0,153.0,176.0,197.0,167.0,181.0,229.0,361.0,279.0,227.0,177.0,206.0,216.0,269.0,271.0,320.0,159.0,187.0,191.0,158.0,291.0,317.0,287.0,191.0,172.0,154.0,174.0,233.0,222.0,316.0,160.0,153.0,156.0,165.0,216.0,234.0,339.0,330.0,154.0,150.0,170.0,164.0,265.0,278.0,140.0,138.0,124.0,173.0,194.0,212.0,230.0,156.0,139.0,158.0,144.0,209.0,347.0,215.0,147.0,169.0,134.0,172.0,166.0,287.0,335.0,122.0,146.0,145.0,121.0,208.0,297.0,267.0,169.0,106.0,143.0,212.0,210.0,315.0,261.0,150.0,97.0,149.0,181.0,199.0,308.0,252.0,159.0,95.0,148.0,146.0,183.0,227.0,256.0,91.0,94.0,124.0,133.0,170.0,199.0,260.0,149.0,117.0,112.0,161.0,170.0,247.0,253.0,143.0,128.0,120.0,122.0,200.0,247.0,258.0,164.0,238.0,251.0,235.0,288.0,229.0,300.0,136.0,119.0,102.0,127.0,153.0,120.0,199.0,112.0,129.0,138.0,141.0,197.0,173.0,221.0,116.0,103.0,144.0,128.0,161.0,253.0,227.0,163.0,133.0,156.0,169.0,247.0,276.0,179.0,281.0,239.0,264.0,259.0,322.0,298.0,214.0
245.0,155.0,119.0,110.0,141.0,174.0,123.0,144.0,117.0,81.0,117.0,135.0,193.0,197.0,233.0,206.0,116.0,108.0,118.0,113.0,140.0,233.0,86.0,138.0,147.0,146.0,191.0,218.0,252.0,141.0,140.0,137.0,108.0,150.0,196.0,217.0,127.0,192.0,136.0,126.0,196.0,208.0,285.0,120.0,113.0,105.0,125.0,167.0,202.0,250.0,123.0,139.0,174.0,36.0,0.0,138.0,149.0,139.0,116.0,147.0,135.0,166.0,207.0,225.0,141.0,146.0,146.0,123.0,186.0,214.0,367.0,131.0,151.0,145.0,163.0,232.0,269.0,305.0,115.0,164.0,133.0,110.0,200.0,268.0,259.0,174.0,112.0,175.0,190.0,160.0,290.0,340.0,133.0,122.0,193.0,170.0,232.0,199.0,373.0,158.0,185.0,0.0,219.0,234.0,271.0,250.0,172.0,135.0,182.0,216.0,233.0,255.0,162.0,142.0,167.0,150.0,160.0,207.0,274.0,258.0,179.0,119.0,145.0,175.0,191.0,158.0,286.0,131.0,130.0,127.0,180.0,234.0,248.0,326.0,174.0,117.0,126.0,207.0,188.0,277.0,233.0,174.0,168.0,160.0,216.0,269.0,283.0,377.0,314.0,166.0,171.0,167.0,175.0,331.0,235.0,131.0,132.0,165.0,120.0,220.0,268.0,324.0,137.0,147.0,214.0,190.0,261.0,317.0,289.0,192.0,164.0,199.0,202.0,207.0,288.0,393.0,156.0,162.0,162.0,208.0,206.0,279.0,399.0,246.0,249.0,223.0,160.0,235.0,295.0,331.0,198.0,148.0,136.0,174.0,225.0,300.0,281.0,215.0,183.0,162.0,157.0,246.0,246.0,353.0,162.0,194.0,193.0,185.0,222.0,326.0,159.0,208.0,153.0,163.0,151.0,239.0,354.0,319.0,165.0,182.0,203.0,206.0,200.0,252.0,362.0,211.0,151.0,198.0,213.0,295.0,294.0,306.0,175.0,139.0,186.0,189.0,245.0,277.0,279.0,126.0,123.0,167.0,159.0,226.0,323.0,253.0,355.0,190.0,159.0,166.0,117.0,244.0,235.0,130.0,141.0,160.0,201.0,210.0,235.0,263.0,163.0,142.0,136.0,172.0,193.0,253.0,167.0,131.0,150.0,159.0,191.0,239.0,258.0,298.0,140.0,158.0,154.0,165.0,192.0,321.0,236.0,170.0,137.0,139.0,165.0,172.0,320.0,177.0,167.0,159.0,139.0,150.0,216.0,220.0,307.0,131.0,148.0,143.0,146.0,209.0,251.0,264.0,181.0,108.0,156.0,134.0,177.0,186.0,248.0,168.0,120.0,144.0,174.0,183.0,193.0,275.0,141.0,127.0,137.0,131.0,230.0,188.0,220.0,144.0,178.0,247.0,273.0,275.0,346.0,246.0,110.0,124.0,121.0,108.0,170.0,220.0,265.0,145.0,137.0,130.0,153.0,172.0,159.0,199.0,135.0,130.0,116.0,167.0,159.0,218.0,264.0,170.0,105.0,177.0,173.0,219.0,250.0,125.0,332.0,280.0,256.0,233.0,286.0,301.0,154.0
235.0,155.0,98.0,107.0,125.0,181.0,143.0,122.0,107.0,88.0,106.0,103.0,184.0,230.0,199.0,202.0,114.0,102.0,120.0,130.0,135.0,198.0,122.0,115.0,136.0,182.0,181.0,171.0,239.0,119.0,145.0,114.0,109.0,186.0,206.0,318.0,113.0,204.0,141.0,105.0,204.0,238.0,269.0,135.0,114.0,159.0,113.0,146.0,165.0,269.0,120.0,138.0,132.0,53.0,0.0,74.0,205.0,126.0,158.0,122.0,150.0,148.0,224.0,237.0,130.0,123.0,134.0,130.0,195.0,248.0,346.0,153.0,135.0,160.0,177.0,218.0,307.0,247.0,176.0,120.0,169.0,174.0,223.0,236.0,250.0,163.0,147.0,212.0,198.0,148.0,245.0,346.0,183.0,170.0,177.0,125.0,195.0,231.0,302.0,166.0,174.0,0.0,186.0,251.0,300.0,264.0,182.0,167.0,113.0,171.0,211.0,265.0,157.0,131.0,127.0,129.0,150.0,180.0,292.0,225.0,141.0,104.0,155.0,134.0,228.0,237.0,291.0,159.0,159.0,190.0,151.0,236.0,271.0,357.0,143.0,146.0,156.0,149.0,178.0,267.0,248.0,156.0,159.0,168.0,171.0,249.0,288.0,344.0,326.0,151.0,142.0,168.0,215.0,262.0,263.0,141.0,137.0,139.0,184.0,212.0,247.0,307.0,163.0,178.0,182.0,168.0,232.0,310.0,245.0,183.0,189.0,174.0,203.0,233.0,194.0,291.0,200.0,141.0,152.0,157.0,254.0,325.0,366.0,301.0,259.0,216.0,205.0,223.0,301.0,326.0,157.0,159.0,208.0,186.0,218.0,309.0,256.0,204.0,202.0,152.0,188.0,228.0,348.0,305.0,185.0,192.0,175.0,210.0,228.0,262.0,180.0,193.0,163.0,185.0,163.0,201.0,327.0,289.0,178.0,175.0,207.0,193.0,242.0,259.0,331.0,184.0,210.0,186.0,219.0,282.0,362.0,334.0,194.0,143.0,158.0,170.0,196.0,249.0,358.0,130.0,161.0,131.0,144.0,215.0,278.0,347.0,312.0,181.0,158.0,162.0,129.0,198.0,278.0,148.0,133.0,144.0,187.0,183.0,223.0,284.0,157.0,147.0,153.0,172.0,214.0,306.0,138.0,163.0,137.0,137.0,179.0,197.0,290.0,333.0,128.0,149.0,150.0,151.0,239.0,258.0,376.0,171.0,131.0,137.0,147.0,223.0,345.0,282.0,199.0,162.0,148.0,166.0,216.0,240.0,235.0,162.0,131.0,145.0,158.0,197.0,264.0,276.0,156.0,103.0,137.0,126.0,174.0,207.0,285.0,171.0,107.0,128.0,151.0,153.0,230.0,272.0,140.0,116.0,161.0,145.0,173.0,230.0,183.0,148.0,175.0,197.0,286.0,286.0,295.0,277.0,155.0,117.0,104.0,135.0,160.0,157.0,236.0,119.0,105.0,136.0,150.0,155.0,221.0,242.0,131.0,124.0,138.0,124.0,168.0,217.0,227.0,147.0,111.0,162.0,207.0,219.0,240.0,171.0,376.0,275.0,286.0,235.0,295.0,274.0,150.0
247.0,151.0,122.0,104.0,120.0,141.0,121.0,151.0,123.0,78.0,147.0,120.0,129.0,176.0,231.0,182.0,114.0,90.0,106.0,132.0,143.0,231.0,120.0,94.0,104.0,161.0,204.0,177.0,236.0,138.0,125.0,119.0,104.0,169.0,199.0,272.0,105.0,236.0,101.0,109.0,196.0,207.0,223.0,112.0,151.0,91.0,108.0,139.0,245.0,236.0,116.0,138.0,112.0,59.0,0.0,149.0,126.0,108.0,109.0,129.0,146.0,211.0,183.0,237.0,131.0,117.0,160.0,134.0,206.0,186.0,418.0,180.0,110.0,157.0,153.0,214.0,247.0,253.0,97.0,136.0,152.0,167.0,171.0,250.0,327.0,160.0,119.0,140.0,137.0,197.0,276.0,353.0,154.0,140.0,154.0,154.0,222.0,255.0,271.0,176.0,103.0,0.0,182.0,254.0,260.0,213.0,196.0,178.0,186.0,183.0,237.0,295.0,94.0,152.0,130.0,138.0,157.0,202.0,247.0,216.0,168.0,122.0,168.0,187.0,142.0,202.0,283.0,149.0,119.0,182.0,143.0,196.0,251.0,367.0,164.0,141.0,158.0,169.0,256.0,280.0,265.0,181.0,157.0,154.0,172.0,231.0,332.0,298.0,340.0,142.0,169.0,124.0,197.0,267.0,313.0,158.0,147.0,157.0,167.0,243.0,262.0,296.0,187.0,154.0,178.0,185.0,264.0,390.0,291.0,202.0,168.0,165.0,158.0,215.0,249.0,341.0,197.0,79.0,155.0,211.0,170.0,346.0,276.0,345.0,325.0,251.0,167.0,197.0,255.0,318.0,208.0,144.0,165.0,151.0,214.0,241.0,377.0,172.0,140.0,184.0,201.0,221.0,243.0,361.0,202.0,127.0,140.0,220.0,266.0,328.0,156.0,179.0,182.0,160.0,208.0,237.0,304.0,265.0,153.0,133.0,159.0,216.0,236.0,339.0,322.0,217.0,206.0,206.0,191.0,236.0,317.0,316.0,116.0,153.0,131.0,174.0,228.0,245.0,342.0,170.0,136.0,148.0,182.0,191.0,207.0,312.0,329.0,142.0,163.0,184.0,138.0,220.0,332.0,128.0,128.0,129.0,139.0,216.0,250.0,266.0,155.0,143.0,131.0,130.0,177.0,311.0,218.0,138.0,151.0,158.0,139.0,130.0,249.0,299.0,138.0,143.0,150.0,162.0,213.0,254.0,356.0,190.0,114.0,141.0,143.0,195.0,285.0,279.0,149.0,143.0,157.0,161.0,176.0,256.0,279.0,154.0,159.0,132.0,154.0,181.0,250.0,242.0,132.0,105.0,138.0,158.0,171.0,116.0,285.0,151.0,116.0,117.0,123.0,224.0,226.0,262.0,134.0,127.0,124.0,116.0,160.0,215.0,237.0,149.0,183.0,199.0,315.0,241.0,246.0,307.0,152.0,115.0,125.0,148.0,159.0,187.0,193.0,111.0,137.0,114.0,138.0,199.0,196.0,182.0,137.0,140.0,121.0,145.0,169.0,218.0,208.0,146.0,137.0,151.0,142.0,225.0,246.0,164.0,265.0,324.0,217.0,219.0,292.0,302.0,157.0
220.0,157.0,116.0,119.0,148.0,126.0,130.0,78.0,102.0,66.0,110.0,109.0,139.0,176.0,205.0,189.0,123.0,101.0,104.0,150.0,121.0,134.0,97.0,90.0,125.0,127.0,186.0,200.0,219.0,115.0,107.0,100.0,131.0,120.0,222.0,250.0,115.0,101.0,110.0,116.0,217.0,210.0,235.0,143.0,130.0,115.0,146.0,136.0,151.0,226.0,120.0,105.0,117.0,76.0,0.0,74.0,71.0,80.0,131.0,129.0,116.0,131.0,187.0,240.0,142.0,119.0,142.0,149.0,176.0,222.0,297.0,143.0,144.0,122.0,133.0,186.0,254.0,230.0,150.0,102.0,180.0,103.0,168.0,242.0,223.0,168.0,157.0,150.0,173.0,177.0,272.0,327.0,166.0,147.0,147.0,147.0,222.0,201.0,360.0,156.0,128.0,0.0,150.0,223.0,270.0,242.0,186.0,156.0,153.0,202.0,213.0,269.0,212.0,148.0,121.0,122.0,130.0,177.0,273.0,176.0,164.0,145.0,147.0,155.0,156.0,218.0,238.0,160.0,143.0,155.0,184.0,210.0,305.0,392.0,171.0,116.0,144.0,165.0,225.0,269.0,205.0,139.0,113.0,191.0,207.0,301.0,292.0,336.0,339.0,186.0,169.0,140.0,215.0,222.0,295.0,176.0,156.0,144.0,154.0,198.0,299.0,226.0,164.0,175.0,186.0,144.0,227.0,353.0,284.0,172.0,155.0,167.0,197.0,207.0,237.0,261.0,190.0,183.0,157.0,179.0,230.0,239.0,402.0,260.0,234.0,164.0,140.0,188.0,232.0,353.0,138.0,173.0,146.0,165.0,211.0,276.0,323.0,154.0,172.0,133.0,192.0,232.0,296.0,335.0,203.0,134.0,191.0,210.0,212.0,323.0,146.0,167.0,190.0,139.0,196.0,265.0,287.0,232.0,197.0,177.0,173.0,187.0,249.0,279.0,303.0,198.0,169.0,167.0,179.0,245.0,356.0,259.0,167.0,138.0,170.0,133.0,207.0,207.0,284.0,132.0,187.0,171.0,160.0,220.0,333.0,301.0,379.0,138.0,154.0,150.0,115.0,274.0,242.0,142.0,127.0,143.0,185.0,204.0,190.0,331.0,165.0,144.0,156.0,123.0,174.0,239.0,190.0,137.0,121.0,146.0,143.0,158.0,268.0,297.0,130.0,171.0,151.0,136.0,235.0,269.0,288.0,136.0,113.0,140.0,164.0,200.0,281.0,258.0,119.0,109.0,124.0,123.0,197.0,242.0,236.0,139.0,127.0,117.0,130.0,167.0,242.0,219.0,159.0,83.0,118.0,120.0,139.0,188.0,248.0,138.0,108.0,129.0,147.0,170.0,228.0,246.0,132.0,113.0,81.0,130.0,184.0,209.0,238.0,148.0,161.0,229.0,327.0,252.0,340.0,351.0,126.0,109.0,109.0,121.0,176.0,197.0,215.0,101.0,123.0,103.0,138.0,192.0,165.0,178.0,137.0,132.0,159.0,106.0,172.0,187.0,183.0,136.0,156.0,159.0,154.0,169.0,207.0,189.0,309.0,263.0,204.0,176.0,289.0,277.0,149.0
218.0,130.0,130.0,132.0,127.0,162.0,115.0,101.0,118.0,90.0,95.0,113.0,170.0,191.0,160.0,227.0,122.0,101.0,98.0,123.0,122.0,130.0,92.0,112.0,109.0,138.0,136.0,170.0,252.0,113.0,89.0,118.0,135.0,123.0,134.0,297.0,108.0,121.0,133.0,107.0,180.0,215.0,220.0,143.0,130.0,141.0,157.0,142.0,187.0,236.0,107.0,114.0,133.0,33.0,0.0,77.0,171.0,116.0,95.0,118.0,165.0,161.0,164.0,205.0,107.0,102.0,115.0,152.0,180.0,154.0,314.0,149.0,134.0,149.0,195.0,185.0,243.0,263.0,140.0,138.0,109.0,154.0,222.0,244.0,314.0,130.0,132.0,154.0,150.0,224.0,200.0,347.0,144.0,146.0,165.0,130.0,201.0,200.0,348.0,174.0,140.0,0.0,169.0,221.0,274.0,235.0,154.0,147.0,165.0,181.0,244.0,244.0,202.0,125.0,128.0,147.0,141.0,194.0,263.0,232.0,161.0,137.0,178.0,148.0,197.0,201.0,161.0,155.0,162.0,147.0,183.0,163.0,260.0,432.0,175.0,132.0,129.0,152.0,195.0,255.0,206.0,123.0,135.0,162.0,123.0,321.0,288.0,346.0,302.0,117.0,136.0,142.0,233.0,264.0,328.0,182.0,163.0,169.0,165.0,201.0,271.0,249.0,169.0,144.0,162.0,166.0,246.0,282.0,233.0,213.0,138.0,167.0,165.0,212.0,254.0,323.0,172.0,207.0,146.0,173.0,213.0,298.0,346.0,270.0,274.0,196.0,208.0,212.0,317.0,379.0,108.0,134.0,183.0,180.0,209.0,286.0,359.0,172.0,125.0,190.0,169.0,220.0,292.0,391.0,151.0,176.0,150.0,211.0,224.0,281.0,165.0,171.0,191.0,149.0,209.0,215.0,316.0,309.0,207.0,156.0,185.0,213.0,224.0,290.0,370.0,152.0,161.0,183.0,176.0,170.0,365.0,322.0,164.0,114.0,122.0,151.0,193.0,209.0,306.0,123.0,131.0,166.0,149.0,211.0,260.0,310.0,372.0,140.0,152.0,172.0,146.0,217.0,262.0,124.0,110.0,161.0,156.0,197.0,222.0,331.0,126.0,136.0,145.0,154.0,242.0,277.0,239.0,158.0,139.0,152.0,161.0,151.0,194.0,333.0,132.0,138.0,153.0,142.0,201.0,225.0,297.0,111.0,119.0,124.0,170.0,210.0,290.0,242.0,150.0,114.0,139.0,119.0,207.0,197.0,314.0,117.0,133.0,146.0,114.0,186.0,254.0,314.0,135.0,106.0,122.0,137.0,174.0,129.0,304.0,125.0,100.0,90.0,159.0,152.0,168.0,244.0,105.0,111.0,82.0,130.0,167.0,210.0,216.0,119.0,229.0,165.0,263.0,232.0,224.0,386.0,136.0,114.0,100.0,127.0,153.0,157.0,190.0,122.0,138.0,110.0,157.0,167.0,191.0,238.0,140.0,104.0,133.0,95.0,164.0,164.0,172.0,117.0,138.0,158.0,162.0,215.0,230.0,164.0,319.0,194.0,227.0,230.0,265.0,290.0,104.0
226.0,147.0,121.0,112.0,109.0,154.0,156.0,115.0,106.0,62.0,104.0,110.0,128.0,169.0,205.0,164.0,107.0,100.0,93.0,125.0,133.0,155.0,103.0,120.0,115.0,125.0,154.0,199.0,191.0,104.0,111.0,138.0,110.0,131.0,158.0,277.0,84.0,102.0,98.0,110.0,189.0,192.0,200.0,157.0,115.0,131.0,120.0,116.0,161.0,197.0,108.0,112.0,119.0,112.0,0.0,164.0,89.0,101.0,102.0,138.0,128.0,176.0,227.0,198.0,121.0,118.0,118.0,129.0,173.0,176.0,308.0,181.0,125.0,139.0,127.0,180.0,224.0,211.0,129.0,120.0,135.0,144.0,143.0,259.0,205.0,124.0,132.0,181.0,172.0,175.0,227.0,319.0,165.0,156.0,117.0,129.0,200.0,215.0,270.0,167.0,129.0,0.0,200.0,233.0,306.0,214.0,174.0,132.0,120.0,143.0,232.0,212.0,189.0,112.0,135.0,152.0,167.0,191.0,253.0,247.0,135.0,140.0,144.0,171.0,177.0,186.0,290.0,118.0,-1.0,153.0,169.0,234.0,269.0,386.0,132.0,124.0,139.0,162.0,217.0,286.0,297.0,129.0,136.0,134.0,174.0,229.0,269.0,331.0,376.0,163.0,110.0,151.0,170.0,271.0,233.0,146.0,151.0,150.0,157.0,166.0,278.0,292.0,159.0,169.0,178.0,194.0,221.0,303.0,298.0,182.0,149.0,176.0,202.0,220.0,278.0,301.0,150.0,166.0,161.0,180.0,280.0,278.0,348.0,290.0,199.0,208.0,161.0,182.0,244.0,350.0,139.0,113.0,181.0,178.0,225.0,262.0,342.0,151.0,122.0,140.0,180.0,244.0,291.0,398.0,160.0,181.0,149.0,164.0,248.0,233.0,169.0,233.0,167.0,166.0,172.0,208.0,312.0,280.0,184.0,172.0,144.0,131.0,205.0,227.0,172.0,195.0,130.0,152.0,143.0,236.0,280.0,251.0,143.0,143.0,146.0,123.0,208.0,240.0,264.0,153.0,160.0,125.0,168.0,224.0,317.0,322.0,353.0,154.0,150.0,183.0,135.0,215.0,226.0,144.0,147.0,150.0,209.0,194.0,194.0,276.0,138.0,133.0,133.0,122.0,175.0,252.0,244.0,146.0,162.0,111.0,168.0,189.0,218.0,237.0,146.0,123.0,144.0,168.0,223.0,290.0,311.0,143.0,149.0,139.0,135.0,151.0,265.0,254.0,137.0,126.0,114.0,157.0,191.0,240.0,289.0,142.0,121.0,111.0,137.0,193.0,193.0,231.0,129.0,133.0,103.0,133.0,128.0,122.0,270.0,140.0,80.0,115.0,142.0,185.0,199.0,272.0,110.0,102.0,100.0,132.0,180.0,133.0,205.0,178.0,202.0,221.0,268.0,197.0,361.0,417.0,132.0,91.0,108.0,111.0,173.0,188.0,154.0,122.0,100.0,123.0,133.0,166.0,182.0,237.0,131.0,101.0,129.0,132.0,195.0,208.0,213.0,143.0,132.0,137.0,141.0,205.0,231.0,186.0,266.0,241.0,258.0,212.0,266.0,314.0,139.0
182.0,131.0,105.0,114.0,123.0,179.0,124.0,67.0,103.0,82.0,109.0,93.0,177.0,152.0,174.0,218.0,112.0,102.0,101.0,116.0,124.0,155.0,84.0,108.0,108.0,152.0,205.0,161.0,207.0,105.0,118.0,114.0,101.0,126.0,132.0,287.0,103.0,119.0,123.0,99.0,132.0,199.0,265.0,123.0,143.0,108.0,121.0,104.0,165.0,231.0,105.0,118.0,123.0,53.0,0.0,125.0,138.0,140.0,131.0,134.0,112.0,131.0,201.0,209.0,116.0,105.0,129.0,141.0,185.0,209.0,320.0,149.0,112.0,114.0,149.0,207.0,184.0,271.0,149.0,144.0,112.0,157.0,154.0,241.0,311.0,166.0,109.0,153.0,147.0,234.0,239.0,264.0,140.0,153.0,148.0,148.0,201.0,212.0,372.0,151.0,138.0,0.0,194.0,210.0,273.0,260.0,158.0,134.0,138.0,188.0,222.0,248.0,226.0,146.0,108.0,121.0,155.0,202.0,289.0,230.0,143.0,150.0,130.0,147.0,227.0,185.0,315.0,145.0,157.0,139.0,132.0,214.0,252.0,297.0,149.0,127.0,129.0,86.0,221.0,249.0,295.0,166.0,122.0,122.0,170.0,249.0,307.0,362.0,334.0,132.0,155.0,152.0,151.0,272.0,220.0,157.0,131.0,121.0,189.0,197.0,269.0,256.0,148.0,137.0,156.0,136.0,166.0,322.0,319.0,160.0,153.0,101.0,179.0,252.0,276.0,326.0,163.0,165.0,188.0,185.0,321.0,244.0,325.0,264.0,282.0,192.0,154.0,202.0,276.0,360.0,158.0,143.0,142.0,151.0,232.0,278.0,316.0,184.0,139.0,176.0,145.0,142.0,280.0,345.0,147.0,152.0,169.0,184.0,184.0,282.0,150.0,204.0,143.0,138.0,182.0,193.0,286.0,301.0,186.0,155.0,149.0,193.0,203.0,267.0,323.0,186.0,188.0,157.0,129.0,267.0,278.0,333.0,173.0,133.0,146.0,169.0,224.0,263.0,312.0,163.0,153.0,155.0,162.0,158.0,304.0,328.0,316.0,138.0,143.0,137.0,110.0,277.0,225.0,162.0,146.0,127.0,111.0,177.0,233.0,319.0,136.0,129.0,157.0,141.0,209.0,284.0,215.0,124.0,150.0,134.0,141.0,189.0,209.0,254.0,108.0,134.0,142.0,122.0,186.0,224.0,249.0,149.0,116.0,113.0,154.0,110.0,252.0,315.0,117.0,140.0,133.0,140.0,135.0,226.0,259.0,132.0,135.0,123.0,143.0,149.0,233.0,221.0,100.0,106.0,127.0,116.0,167.0,160.0,250.0,126.0,114.0,111.0,126.0,166.0,193.0,251.0,123.0,130.0,74.0,125.0,137.0,110.0,200.0,118.0,154.0,173.0,273.0,226.0,374.0,348.0,139.0,123.0,126.0,113.0,153.0,163.0,174.0,116.0,126.0,136.0,134.0,176.0,191.0,200.0,113.0,117.0,119.0,144.0,179.0,156.0,237.0,142.0,133.0,133.0,164.0,206.0,211.0,165.0,286.0,277.0,181.0,222.0,203.0,216.0,152.0
185.0,142.0,104.0,142.0,121.0,176.0,132.0,148.0,70.0,57.0,115.0,114.0,173.0,160.0,180.0,174.0,120.0,77.0,115.0,117.0,117.0,170.0,109.0,128.0,115.0,125.0,165.0,174.0,197.0,112.0,100.0,127.0,114.0,166.0,158.0,292.0,82.0,119.0,106.0,87.0,165.0,194.0,247.0,124.0,128.0,110.0,131.0,105.0,144.0,223.0,109.0,119.0,141.0,73.0,0.0,91.0,46.0,124.0,117.0,116.0,104.0,116.0,199.0,214.0,91.0,102.0,120.0,107.0,143.0,203.0,275.0,145.0,136.0,139.0,134.0,175.0,258.0,274.0,117.0,124.0,100.0,135.0,145.0,210.0,245.0,117.0,118.0,138.0,158.0,161.0,219.0,304.0,165.0,142.0,168.0,148.0,95.0,197.0,279.0,143.0,128.0,0.0,163.0,243.0,262.0,305.0,165.0,131.0,145.0,145.0,156.0,267.0,224.0,148.0,142.0,134.0,142.0,195.0,266.0,276.0,152.0,124.0,150.0,163.0,232.0,238.0,241.0,137.0,147.0,140.0,116.0,212.0,300.0,335.0,139.0,127.0,107.0,169.0,164.0,296.0,256.0,151.0,134.0,133.0,144.0,258.0,234.0,348.0,307.0,161.0,159.0,140.0,195.0,246.0,251.0,120.0,160.0,132.0,124.0,188.0,266.0,219.0,149.0,156.0,139.0,188.0,150.0,304.0,246.0,176.0,177.0,179.0,147.0,215.0,301.0,302.0,185.0,169.0,137.0,175.0,255.0,241.0,309.0,278.0,191.0,155.0,180.0,199.0,237.0,330.0,120.0,131.0,123.0,185.0,193.0,269.0,328.0,150.0,160.0,171.0,172.0,223.0,276.0,361.0,141.0,145.0,152.0,150.0,235.0,271.0,190.0,167.0,165.0,127.0,176.0,199.0,301.0,274.0,175.0,134.0,156.0,185.0,203.0,283.0,279.0,169.0,164.0,138.0,146.0,252.0,344.0,238.0,167.0,183.0,126.0,170.0,199.0,217.0,271.0,135.0,148.0,148.0,152.0,229.0,259.0,311.0,367.0,163.0,120.0,162.0,150.0,219.0,217.0,120.0,148.0,134.0,165.0,171.0,203.0,278.0,121.0,113.0,116.0,135.0,172.0,252.0,255.0,130.0,148.0,97.0,127.0,157.0,232.0,309.0,138.0,117.0,118.0,156.0,189.0,211.0,239.0,128.0,132.0,100.0,109.0,156.0,233.0,333.0,154.0,104.0,131.0,109.0,170.0,297.0,251.0,115.0,137.0,127.0,140.0,173.0,255.0,283.0,131.0,118.0,117.0,142.0,147.0,195.0,263.0,130.0,94.0,81.0,123.0,160.0,167.0,220.0,85.0,103.0,109.0,106.0,170.0,128.0,173.0,132.0,147.0,232.0,273.0,209.0,312.0,288.0,137.0,93.0,120.0,110.0,172.0,175.0,182.0,104.0,116.0,118.0,124.0,145.0,169.0,200.0,123.0,88.0,104.0,131.0,164.0,165.0,167.0,107.0,121.0,150.0,152.0,218.0,201.0,155.0,253.0,204.0,173.0,199.0,257.0,273.0,162.0
185.0,127.0,129.0,106.0,121.0,131.0,107.0,81.0,106.0,83.0,76.0,104.0,149.0,165.0,150.0,156.0,108.0,107.0,95.0,117.0,114.0,121.0,107.0,88.0,110.0,147.0,169.0,189.0,209.0,94.0,89.0,65.0,138.0,138.0,145.0,223.0,108.0,101.0,104.0,109.0,157.0,191.0,239.0,112.0,112.0,111.0,116.0,131.0,158.0,216.0,107.0,97.0,120.0,76.0,0.0,109.0,65.0,96.0,115.0,93.0,150.0,172.0,221.0,150.0,134.0,100.0,120.0,102.0,161.0,182.0,280.0,85.0,102.0,117.0,138.0,174.0,223.0,175.0,132.0,109.0,106.0,138.0,138.0,197.0,160.0,154.0,117.0,139.0,181.0,202.0,208.0,250.0,175.0,117.0,145.0,109.0,151.0,188.0,313.0,126.0,134.0,0.0,155.0,128.0,244.0,332.0,147.0,142.0,155.0,174.0,218.0,235.0,162.0,145.0,118.0,111.0,163.0,155.0,251.0,201.0,133.0,139.0,159.0,108.0,161.0,168.0,247.0,115.0,119.0,134.0,142.0,203.0,207.0,349.0,134.0,109.0,144.0,160.0,190.0,226.0,257.0,131.0,144.0,136.0,163.0,250.0,301.0,354.0,258.0,145.0,157.0,149.0,206.0,305.0,263.0,147.0,139.0,145.0,150.0,147.0,225.0,268.0,150.0,149.0,182.0,177.0,291.0,270.0,234.0,180.0,128.0,116.0,141.0,230.0,283.0,319.0,198.0,133.0,154.0,147.0,265.0,280.0,350.0,268.0,237.0,205.0,165.0,190.0,264.0,326.0,167.0,138.0,143.0,189.0,158.0,212.0,343.0,155.0,130.0,166.0,152.0,189.0,289.0,351.0,177.0,145.0,166.0,144.0,208.0,279.0,166.0,140.0,152.0,155.0,142.0,189.0,327.0,168.0,201.0,145.0,129.0,132.0,221.0,196.0,337.0,150.0,146.0,181.0,216.0,247.0,363.0,326.0,109.0,96.0,113.0,128.0,206.0,249.0,322.0,122.0,133.0,147.0,194.0,252.0,260.0,257.0,402.0,144.0,120.0,144.0,109.0,246.0,270.0,120.0,114.0,124.0,166.0,150.0,134.0,284.0,146.0,133.0,135.0,111.0,174.0,246.0,165.0,137.0,121.0,108.0,132.0,158.0,202.0,240.0,146.0,151.0,120.0,134.0,212.0,226.0,246.0,156.0,119.0,105.0,154.0,149.0,282.0,265.0,142.0,117.0,103.0,131.0,136.0,224.0,272.0,90.0,99.0,125.0,134.0,148.0,222.0,261.0,142.0,117.0,106.0,120.0,136.0,148.0,254.0,138.0,101.0,120.0,151.0,153.0,192.0,245.0,112.0,110.0,179.0,103.0,194.0,124.0,200.0,141.0,135.0,199.0,293.0,243.0,350.0,217.0,129.0,100.0,114.0,112.0,107.0,182.0,188.0,84.0,136.0,79.0,155.0,129.0,187.0,226.0,85.0,102.0,113.0,126.0,155.0,208.0,202.0,146.0,119.0,99.0,132.0,140.0,204.0,141.0,245.0,296.0,209.0,230.0,217.0,226.0,127.0
197.0,136.0,149.0,89.0,84.0,183.0,159.0,136.0,93.0,84.0,105.0,87.0,123.0,176.0,177.0,174.0,111.0,80.0,116.0,131.0,149.0,113.0,91.0,98.0,98.0,135.0,128.0,148.0,227.0,100.0,90.0,101.0,86.0,155.0,153.0,201.0,84.0,122.0,79.0,86.0,180.0,180.0,236.0,124.0,121.0,124.0,110.0,141.0,139.0,214.0,98.0,110.0,114.0,62.0,0.0,132.0,17.0,77.0,103.0,101.0,107.0,155.0,162.0,220.0,82.0,105.0,106.0,103.0,191.0,148.0,269.0,127.0,122.0,127.0,138.0,192.0,224.0,257.0,127.0,102.0,109.0,138.0,144.0,229.0,278.0,92.0,132.0,112.0,159.0,187.0,191.0,386.0,125.0,114.0,117.0,143.0,182.0,196.0,280.0,168.0,110.0,0.0,179.0,237.0,313.0,306.0,150.0,122.0,138.0,129.0,221.0,288.0,166.0,92.0,123.0,121.0,126.0,166.0,273.0,246.0,139.0,142.0,124.0,162.0,192.0,172.0,270.0,126.0,133.0,129.0,131.0,197.0,270.0,271.0,129.0,125.0,126.0,143.0,150.0,266.0,151.0,100.0,135.0,132.0,173.0,199.0,248.0,316.0,313.0,148.0,151.0,140.0,176.0,226.0,276.0,145.0,124.0,144.0,164.0,177.0,232.0,241.0,135.0,137.0,108.0,172.0,231.0,288.0,230.0,182.0,185.0,131.0,183.0,209.0,249.0,269.0,149.0,142.0,129.0,122.0,238.0,252.0,321.0,286.0,232.0,200.0,168.0,193.0,275.0,273.0,182.0,139.0,185.0,169.0,217.0,242.0,277.0,164.0,157.0,123.0,139.0,216.0,310.0,353.0,172.0,133.0,162.0,181.0,155.0,230.0,170.0,164.0,121.0,162.0,140.0,215.0,358.0,221.0,193.0,154.0,153.0,194.0,187.0,279.0,275.0,179.0,135.0,185.0,175.0,231.0,310.0,290.0,136.0,154.0,151.0,170.0,194.0,185.0,181.0,120.0,114.0,159.0,166.0,224.0,331.0,322.0,380.0,141.0,143.0,104.0,96.0,211.0,272.0,161.0,123.0,138.0,143.0,173.0,168.0,221.0,110.0,130.0,121.0,121.0,130.0,243.0,213.0,131.0,125.0,127.0,96.0,192.0,239.0,322.0,121.0,112.0,130.0,124.0,174.0,218.0,267.0,137.0,124.0,96.0,121.0,133.0,318.0,313.0,152.0,125.0,100.0,127.0,165.0,285.0,259.0,115.0,128.0,130.0,114.0,173.0,175.0,281.0,126.0,119.0,98.0,128.0,140.0,196.0,274.0,131.0,109.0,127.0,110.0,137.0,209.0,195.0,112.0,110.0,110.0,110.0,124.0,159.0,221.0,122.0,128.0,222.0,305.0,291.0,346.0,265.0,95.0,123.0,99.0,95.0,130.0,162.0,148.0,85.0,117.0,106.0,126.0,133.0,163.0,196.0,105.0,120.0,122.0,128.0,146.0,205.0,205.0,150.0,94.0,129.0,148.0,235.0,229.0,142.0,259.0,201.0,195.0,204.0,197.0,273.0,143.0
183.0,119.0,120.0,96.0,138.0,144.0,124.0,116.0,89.0,69.0,108.0,103.0,134.0,151.0,173.0,129.0,106.0,80.0,106.0,123.0,120.0,173.0,84.0,109.0,103.0,102.0,158.0,154.0,164.0,112.0,95.0,79.0,103.0,157.0,161.0,210.0,76.0,83.0,107.0,113.0,142.0,176.0,249.0,110.0,100.0,114.0,134.0,122.0,166.0,210.0,86.0,99.0,71.0,49.0,0.0,129.0,42.0,94.0,90.0,93.0,110.0,149.0,176.0,173.0,117.0,104.0,107.0,131.0,148.0,174.0,246.0,102.0,120.0,126.0,135.0,159.0,248.0,252.0,118.0,99.0,125.0,135.0,170.0,241.0,204.0,149.0,117.0,140.0,137.0,194.0,213.0,260.0,144.0,152.0,110.0,111.0,168.0,213.0,232.0,123.0,114.0,0.0,135.0,188.0,246.0,255.0,132.0,151.0,173.0,157.0,216.0,201.0,146.0,126.0,108.0,143.0,123.0,161.0,241.0,247.0,112.0,145.0,132.0,112.0,187.0,190.0,243.0,132.0,116.0,135.0,153.0,181.0,236.0,256.0,132.0,130.0,117.0,161.0,209.0,276.0,252.0,147.0,121.0,139.0,168.0,258.0,237.0,315.0,391.0,155.0,121.0,126.0,213.0,272.0,315.0,164.0,156.0,172.0,159.0,212.0,237.0,213.0,139.0,133.0,138.0,143.0,254.0,276.0,272.0,126.0,152.0,143.0,159.0,206.0,280.0,306.0,167.0,136.0,128.0,180.0,250.0,290.0,304.0,215.0,295.0,224.0,194.0,203.0,342.0,195.0,164.0,147.0,150.0,161.0,233.0,270.0,318.0,120.0,155.0,149.0,161.0,216.0,311.0,347.0,151.0,121.0,160.0,153.0,232.0,351.0,228.0,172.0,115.0,158.0,178.0,172.0,255.0,331.0,201.0,153.0,151.0,187.0,237.0,272.0,252.0,136.0,144.0,196.0,183.0,246.0,324.0,321.0,139.0,113.0,149.0,129.0,218.0,214.0,303.0,155.0,128.0,154.0,127.0,175.0,342.0,298.0,357.0,143.0,123.0,96.0,107.0,192.0,244.0,122.0,117.0,119.0,142.0,182.0,204.0,305.0,116.0,115.0,126.0,128.0,178.0,250.0,208.0,143.0,137.0,110.0,109.0,170.0,266.0,283.0,106.0,128.0,121.0,139.0,184.0,185.0,243.0,148.0,128.0,92.0,128.0,165.0,250.0,320.0,133.0,95.0,128.0,109.0,186.0,245.0,259.0,115.0,98.0,127.0,108.0,136.0,238.0,228.0,101.0,151.0,122.0,86.0,96.0,181.0,244.0,122.0,99.0,130.0,141.0,155.0,180.0,227.0,105.0,96.0,105.0,107.0,162.0,119.0,187.0,137.0,164.0,218.0,236.0,265.0,379.0,272.0,131.0,75.0,133.0,105.0,155.0,191.0,151.0,111.0,95.0,101.0,154.0,148.0,150.0,187.0,87.0,85.0,112.0,121.0,178.0,173.0,191.0,96.0,119.0,111.0,176.0,185.0,164.0,196.0,231.0,298.0,224.0,182.0,229.0,227.0,162.0
195.0,136.0,102.0,93.0,123.0,163.0,125.0,81.0,82.0,69.0,93.0,107.0,146.0,165.0,190.0,148.0,95.0,87.0,90.0,90.0,130.0,98.0,81.0,83.0,94.0,124.0,101.0,139.0,190.0,96.0,91.0,83.0,93.0,114.0,150.0,220.0,125.0,101.0,105.0,103.0,180.0,176.0,195.0,118.0,98.0,87.0,109.0,122.0,158.0,192.0,111.0,95.0,89.0,47.0,0.0,123.0,142.0,117.0,78.0,125.0,112.0,155.0,129.0,179.0,99.0,108.0,97.0,95.0,174.0,234.0,276.0,122.0,121.0,133.0,151.0,185.0,224.0,210.0,124.0,113.0,122.0,147.0,190.0,184.0,243.0,148.0,132.0,159.0,131.0,175.0,190.0,295.0,133.0,132.0,130.0,108.0,178.0,220.0,287.0,122.0,107.0,0.0,171.0,233.0,250.0,242.0,138.0,117.0,136.0,158.0,200.0,259.0,137.0,141.0,122.0,88.0,120.0,200.0,303.0,276.0,153.0,147.0,166.0,156.0,214.0,190.0,209.0,118.0,114.0,157.0,155.0,219.0,246.0,316.0,135.0,94.0,157.0,165.0,231.0,201.0,241.0,139.0,128.0,127.0,156.0,218.0,262.0,357.0,395.0,132.0,143.0,111.0,161.0,260.0,245.0,147.0,141.0,139.0,148.0,152.0,257.0,227.0,121.0,143.0,162.0,189.0,213.0,249.0,278.0,143.0,141.0,158.0,177.0,222.0,292.0,281.0,149.0,136.0,170.0,150.0,231.0,329.0,250.0,268.0,256.0,157.0,186.0,234.0,289.0,156.0,147.0,177.0,141.0,195.0,182.0,268.0,294.0,131.0,134.0,152.0,189.0,185.0,259.0,333.0,149.0,134.0,156.0,157.0,177.0,263.0,183.0,174.0,120.0,186.0,189.0,204.0,299.0,290.0,165.0,159.0,156.0,201.0,210.0,208.0,279.0,181.0,151.0,132.0,183.0,279.0,232.0,318.0,156.0,127.0,126.0,131.0,194.0,197.0,215.0,155.0,125.0,148.0,146.0,202.0,272.0,283.0,394.0,122.0,171.0,141.0,129.0,217.0,213.0,131.0,133.0,104.0,166.0,169.0,179.0,278.0,140.0,98.0,144.0,126.0,183.0,214.0,172.0,95.0,107.0,136.0,102.0,156.0,239.0,200.0,106.0,120.0,143.0,146.0,177.0,220.0,208.0,141.0,133.0,120.0,117.0,154.0,278.0,280.0,118.0,135.0,124.0,146.0,183.0,249.0,191.0,123.0,116.0,115.0,131.0,181.0,216.0,246.0,130.0,140.0,105.0,128.0,137.0,175.0,230.0,126.0,85.0,101.0,155.0,135.0,218.0,198.0,105.0,109.0,91.0,98.0,165.0,104.0,153.0,98.0,161.0,138.0,287.0,215.0,324.0,312.0,82.0,91.0,101.0,116.0,147.0,174.0,197.0,102.0,105.0,97.0,142.0,147.0,203.0,150.0,107.0,119.0,116.0,124.0,147.0,192.0,162.0,134.0,118.0,101.0,151.0,172.0,106.0,183.0,257.0,222.0,164.0,224.0,231.0,204.0,132.0
175.0,133.0,125.0,117.0,90.0,169.0,143.0,134.0,82.0,81.0,84.0,102.0,125.0,185.0,185.0,156.0,93.0,98.0,87.0,120.0,124.0,144.0,89.0,96.0,93.0,104.0,130.0,174.0,175.0,105.0,99.0,83.0,97.0,140.0,113.0,199.0,89.0,80.0,82.0,89.0,174.0,204.0,205.0,121.0,97.0,126.0,86.0,152.0,172.0,186.0,93.0,95.0,59.0,124.0,0.0,70.0,82.0,116.0,101.0,98.0,110.0,121.0,193.0,173.0,100.0,115.0,114.0,139.0,172.0,165.0,274.0,132.0,105.0,129.0,132.0,184.0,217.0,233.0,104.0,100.0,110.0,155.0,160.0,242.0,144.0,135.0,117.0,90.0,112.0,173.0,266.0,266.0,125.0,108.0,125.0,104.0,160.0,209.0,212.0,155.0,132.0,0.0,159.0,195.0,251.0,272.0,149.0,120.0,125.0,159.0,234.0,237.0,205.0,126.0,119.0,146.0,164.0,131.0,240.0,331.0,134.0,106.0,132.0,131.0,170.0,187.0,199.0,139.0,114.0,133.0,158.0,219.0,255.0,268.0,111.0,117.0,140.0,135.0,185.0,246.0,228.0,156.0,135.0,159.0,143.0,195.0,268.0,375.0,365.0,147.0,152.0,156.0,195.0,287.0,228.0,144.0,130.0,192.0,129.0,167.0,238.0,226.0,162.0,148.0,98.0,167.0,251.0,325.0,344.0,242.0,142.0,148.0,174.0,178.0,195.0,308.0,169.0,145.0,162.0,153.0,293.0,293.0,318.0,286.0,265.0,188.0,174.0,219.0,305.0,146.0,139.0,135.0,167.0,157.0,181.0,259.0,331.0,141.0,162.0,169.0,192.0,260.0,287.0,347.0,155.0,160.0,134.0,180.0,238.0,293.0,201.0,159.0,142.0,139.0,179.0,234.0,372.0,316.0,161.0,123.0,149.0,182.0,218.0,288.0,293.0,170.0,179.0,130.0,165.0,220.0,305.0,229.0,138.0,93.0,137.0,150.0,171.0,204.0,336.0,154.0,143.0,107.0,135.0,243.0,290.0,313.0,414.0,100.0,160.0,141.0,103.0,255.0,178.0,120.0,125.0,127.0,136.0,180.0,221.0,261.0,110.0,135.0,111.0,112.0,207.0,258.0,210.0,133.0,107.0,94.0,125.0,182.0,151.0,257.0,107.0,134.0,120.0,133.0,156.0,204.0,184.0,133.0,115.0,130.0,117.0,184.0,268.0,298.0,93.0,117.0,123.0,120.0,179.0,244.0,225.0,111.0,118.0,115.0,133.0,181.0,239.0,190.0,105.0,113.0,130.0,131.0,158.0,154.0,211.0,108.0,128.0,95.0,126.0,188.0,219.0,206.0,104.0,86.0,114.0,130.0,222.0,110.0,180.0,121.0,159.0,235.0,283.0,237.0,375.0,326.0,133.0,95.0,101.0,101.0,163.0,161.0,157.0,116.0,106.0,116.0,121.0,152.0,153.0,181.0,102.0,119.0,126.0,139.0,118.0,202.0,189.0,127.0,123.0,125.0,144.0,234.0,171.0,158.0,234.0,243.0,181.0,199.0,225.0,242.0,103.0
185.0,139.0,114.0,127.0,98.0,132.0,137.0,138.0,104.0,106.0,88.0,103.0,126.0,178.0,162.0,152.0,94.0,90.0,112.0,128.0,128.0,144.0,86.0,117.0,132.0,104.0,131.0,146.0,171.0,105.0,91.0,89.0,86.0,119.0,176.0,211.0,103.0,110.0,78.0,108.0,155.0,195.0,203.0,134.0,97.0,112.0,125.0,113.0,154.0,187.0,104.0,108.0,104.0,97.0,0.0,172.0,82.0,82.0,79.0,110.0,121.0,125.0,191.0,197.0,103.0,91.0,127.0,98.0,166.0,193.0,235.0,128.0,131.0,112.0,140.0,175.0,181.0,230.0,108.0,109.0,108.0,139.0,125.0,265.0,209.0,119.0,135.0,141.0,137.0,165.0,300.0,314.0,123.0,135.0,130.0,116.0,177.0,222.0,311.0,159.0,129.0,0.0,145.0,189.0,273.0,306.0,144.0,136.0,139.0,143.0,173.0,159.0,143.0,145.0,113.0,111.0,118.0,190.0,312.0,369.0,138.0,116.0,137.0,137.0,184.0,213.0,256.0,131.0,137.0,156.0,158.0,217.0,252.0,338.0,132.0,121.0,112.0,105.0,170.0,213.0,280.0,138.0,126.0,125.0,178.0,260.0,297.0,407.0,386.0,140.0,143.0,137.0,180.0,216.0,234.0,165.0,129.0,162.0,116.0,188.0,261.0,247.0,153.0,150.0,161.0,205.0,221.0,305.0,251.0,166.0,170.0,148.0,168.0,235.0,262.0,263.0,137.0,145.0,181.0,197.0,268.0,326.0,275.0,257.0,167.0,214.0,147.0,199.0,271.0,195.0,167.0,154.0,131.0,150.0,206.0,282.0,315.0,156.0,171.0,174.0,145.0,198.0,266.0,346.0,147.0,154.0,161.0,147.0,174.0,305.0,238.0,180.0,160.0,152.0,154.0,250.0,313.0,311.0,194.0,150.0,137.0,217.0,222.0,262.0,299.0,184.0,142.0,176.0,152.0,184.0,326.0,265.0,128.0,134.0,108.0,131.0,199.0,193.0,284.0,115.0,107.0,109.0,158.0,223.0,268.0,235.0,349.0,105.0,134.0,147.0,107.0,241.0,255.0,122.0,138.0,101.0,120.0,177.0,174.0,301.0,121.0,123.0,128.0,139.0,146.0,204.0,135.0,111.0,104.0,116.0,130.0,167.0,237.0,244.0,117.0,100.0,121.0,146.0,193.0,209.0,167.0,153.0,107.0,115.0,104.0,169.0,262.0,267.0,139.0,98.0,104.0,86.0,147.0,235.0,256.0,126.0,110.0,116.0,113.0,175.0,234.0,250.0,120.0,139.0,141.0,99.0,118.0,156.0,251.0,134.0,120.0,107.0,141.0,106.0,158.0,209.0,112.0,101.0,85.0,103.0,144.0,97.0,185.0,124.0,180.0,205.0,264.0,234.0,320.0,297.0,103.0,86.0,94.0,89.0,131.0,170.0,138.0,102.0,97.0,107.0,100.0,153.0,214.0,204.0,113.0,107.0,86.0,94.0,146.0,197.0,194.0,124.0,130.0,151.0,159.0,176.0,225.0,158.0,252.0,170.0,186.0,141.0,160.0,242.0,141.0
170.0,128.0,101.0,85.0,124.0,137.0,112.0,94.0,95.0,98.0,84.0,84.0,113.0,163.0,156.0,161.0,89.0,69.0,91.0,97.0,133.0,124.0,60.0,66.0,103.0,94.0,140.0,168.0,171.0,88.0,87.0,86.0,99.0,96.0,119.0,169.0,92.0,93.0,105.0,80.0,159.0,176.0,178.0,78.0,112.0,103.0,100.0,0.0,141.0,169.0,72.0,89.0,174.0,73.0,0.0,107.0,136.0,99.0,96.0,85.0,108.0,107.0,154.0,202.0,105.0,90.0,98.0,111.0,144.0,192.0,279.0,116.0,136.0,135.0,109.0,177.0,228.0,217.0,100.0,98.0,124.0,97.0,141.0,174.0,229.0,123.0,128.0,125.0,125.0,163.0,269.0,283.0,87.0,111.0,132.0,118.0,161.0,185.0,250.0,139.0,131.0,0.0,131.0,167.0,181.0,337.0,106.0,126.0,120.0,153.0,216.0,267.0,185.0,155.0,126.0,76.0,90.0,162.0,259.0,308.0,130.0,96.0,94.0,120.0,208.0,198.0,253.0,130.0,128.0,122.0,126.0,186.0,236.0,314.0,121.0,104.0,129.0,151.0,184.0,303.0,296.0,130.0,144.0,121.0,126.0,206.0,308.0,284.0,402.0,127.0,112.0,149.0,170.0,198.0,147.0,136.0,121.0,138.0,157.0,177.0,248.0,237.0,165.0,122.0,104.0,188.0,219.0,340.0,273.0,143.0,135.0,138.0,154.0,177.0,222.0,282.0,136.0,133.0,131.0,128.0,235.0,306.0,275.0,171.0,247.0,172.0,148.0,188.0,242.0,168.0,150.0,106.0,139.0,128.0,198.0,294.0,326.0,146.0,138.0,172.0,180.0,234.0,314.0,381.0,153.0,134.0,123.0,124.0,203.0,235.0,211.0,166.0,136.0,153.0,140.0,201.0,322.0,347.0,138.0,170.0,142.0,165.0,227.0,255.0,227.0,156.0,130.0,142.0,156.0,246.0,274.0,303.0,143.0,118.0,129.0,125.0,186.0,164.0,263.0,135.0,110.0,111.0,131.0,191.0,303.0,247.0,351.0,146.0,114.0,134.0,113.0,194.0,151.0,126.0,100.0,122.0,134.0,156.0,173.0,189.0,149.0,102.0,87.0,124.0,183.0,284.0,124.0,105.0,118.0,105.0,117.0,153.0,267.0,245.0,139.0,106.0,111.0,113.0,161.0,213.0,159.0,124.0,94.0,97.0,110.0,176.0,238.0,267.0,118.0,128.0,115.0,103.0,139.0,207.0,245.0,114.0,135.0,84.0,103.0,165.0,155.0,212.0,89.0,106.0,139.0,113.0,164.0,179.0,228.0,115.0,97.0,117.0,111.0,146.0,158.0,199.0,105.0,108.0,122.0,116.0,156.0,99.0,213.0,125.0,135.0,189.0,272.0,175.0,298.0,333.0,103.0,112.0,92.0,103.0,138.0,150.0,168.0,96.0,105.0,130.0,132.0,202.0,192.0,216.0,128.0,99.0,102.0,112.0,150.0,187.0,224.0,129.0,93.0,136.0,125.0,211.0,198.0,153.0,289.0,230.0,192.0,190.0,211.0,233.0,115.0
168.0,124.0,69.0,89.0,119.0,90.0,115.0,128.0,72.0,98.0,89.0,92.0,120.0,144.0,159.0,131.0,86.0,79.0,110.0,92.0,112.0,127.0,106.0,104.0,94.0,111.0,106.0,181.0,149.0,79.0,84.0,70.0,118.0,107.0,143.0,145.0,116.0,93.0,102.0,84.0,147.0,171.0,188.0,93.0,87.0,91.0,90.0,0.0,200.0,148.0,104.0,92.0,61.0,40.0,0.0,61.0,143.0,105.0,94.0,102.0,98.0,121.0,181.0,183.0,94.0,98.0,97.0,108.0,138.0,214.0,257.0,113.0,87.0,103.0,109.0,163.0,182.0,198.0,105.0,122.0,121.0,115.0,205.0,191.0,191.0,102.0,109.0,141.0,129.0,134.0,190.0,230.0,103.0,109.0,94.0,106.0,151.0,187.0,251.0,133.0,121.0,0.0,136.0,147.0,258.0,288.0,140.0,100.0,111.0,147.0,167.0,202.0,159.0,102.0,117.0,89.0,107.0,160.0,219.0,375.0,107.0,93.0,111.0,131.0,192.0,150.0,191.0,108.0,102.0,136.0,151.0,211.0,235.0,270.0,130.0,92.0,115.0,147.0,153.0,213.0,204.0,107.0,114.0,131.0,188.0,246.0,267.0,333.0,338.0,131.0,88.0,127.0,178.0,228.0,227.0,132.0,102.0,125.0,133.0,196.0,224.0,190.0,151.0,120.0,96.0,203.0,238.0,323.0,163.0,124.0,117.0,175.0,130.0,202.0,261.0,257.0,135.0,141.0,136.0,133.0,199.0,324.0,297.0,219.0,198.0,123.0,149.0,163.0,207.0,215.0,130.0,150.0,123.0,146.0,202.0,240.0,334.0,159.0,167.0,143.0,132.0,193.0,329.0,383.0,133.0,162.0,147.0,148.0,220.0,276.0,169.0,137.0,132.0,104.0,164.0,195.0,246.0,282.0,160.0,150.0,134.0,155.0,202.0,222.0,256.0,145.0,132.0,158.0,151.0,262.0,287.0,245.0,142.0,110.0,83.0,114.0,155.0,166.0,197.0,146.0,133.0,98.0,129.0,187.0,303.0,381.0,366.0,135.0,134.0,136.0,122.0,193.0,215.0,103.0,123.0,86.0,112.0,129.0,223.0,201.0,87.0,91.0,106.0,131.0,107.0,185.0,166.0,112.0,120.0,108.0,105.0,172.0,191.0,174.0,90.0,117.0,108.0,136.0,166.0,241.0,128.0,135.0,79.0,114.0,133.0,134.0,268.0,289.0,112.0,91.0,85.0,122.0,193.0,204.0,197.0,113.0,90.0,95.0,119.0,149.0,238.0,229.0,107.0,120.0,107.0,97.0,127.0,138.0,214.0,114.0,111.0,105.0,124.0,132.0,181.0,248.0,99.0,114.0,123.0,106.0,129.0,102.0,129.0,103.0,151.0,135.0,217.0,227.0,264.0,278.0,110.0,74.0,64.0,96.0,136.0,172.0,139.0,99.0,112.0,87.0,113.0,153.0,184.0,146.0,101.0,96.0,90.0,104.0,145.0,189.0,148.0,83.0,114.0,105.0,141.0,150.0,195.0,189.0,231.0,183.0,156.0,204.0,218.0,251.0,117.0
169.0,110.0,113.0,74.0,95.0,115.0,99.0,87.0,102.0,95.0,84.0,85.0,124.0,141.0,139.0,139.0,81.0,62.0,84.0,106.0,109.0,139.0,80.0,78.0,87.0,111.0,115.0,146.0,173.0,110.0,101.0,84.0,82.0,123.0,141.0,175.0,92.0,75.0,90.0,115.0,148.0,150.0,195.0,96.0,112.0,127.0,99.0,8.0,137.0,173.0,90.0,88.0,109.0,49.0,0.0,85.0,143.0,82.0,78.0,100.0,112.0,119.0,185.0,148.0,88.0,78.0,105.0,91.0,105.0,136.0,226.0,117.0,101.0,86.0,116.0,139.0,214.0,217.0,96.0,102.0,116.0,105.0,153.0,194.0,130.0,86.0,113.0,101.0,123.0,164.0,191.0,219.0,114.0,120.0,101.0,92.0,175.0,204.0,252.0,114.0,141.0,0.0,116.0,195.0,163.0,313.0,137.0,107.0,125.0,150.0,146.0,166.0,169.0,121.0,108.0,120.0,146.0,150.0,195.0,263.0,116.0,88.0,116.0,138.0,149.0,131.0,192.0,131.0,126.0,106.0,130.0,143.0,228.0,286.0,103.0,96.0,145.0,144.0,189.0,269.0,181.0,99.0,146.0,115.0,154.0,253.0,323.0,377.0,232.0,115.0,91.0,146.0,208.0,193.0,254.0,123.0,119.0,118.0,125.0,188.0,233.0,210.0,141.0,134.0,169.0,200.0,177.0,300.0,243.0,184.0,132.0,125.0,134.0,168.0,310.0,317.0,137.0,134.0,116.0,160.0,196.0,327.0,273.0,149.0,209.0,140.0,139.0,224.0,256.0,208.0,123.0,130.0,130.0,118.0,232.0,230.0,273.0,146.0,123.0,114.0,189.0,188.0,286.0,334.0,170.0,127.0,117.0,149.0,195.0,269.0,233.0,136.0,179.0,135.0,133.0,209.0,310.0,294.0,124.0,128.0,124.0,129.0,173.0,263.0,233.0,99.0,132.0,134.0,115.0,247.0,232.0,273.0,89.0,127.0,114.0,142.0,113.0,156.0,210.0,102.0,104.0,97.0,128.0,120.0,318.0,342.0,364.0,122.0,108.0,113.0,109.0,207.0,201.0,95.0,101.0,90.0,105.0,134.0,211.0,211.0,110.0,82.0,95.0,116.0,180.0,254.0,172.0,121.0,90.0,94.0,113.0,155.0,220.0,180.0,97.0,100.0,96.0,154.0,135.0,191.0,138.0,111.0,109.0,101.0,120.0,168.0,246.0,254.0,111.0,106.0,101.0,94.0,142.0,218.0,209.0,94.0,77.0,116.0,103.0,156.0,183.0,212.0,95.0,118.0,113.0,87.0,90.0,166.0,209.0,104.0,64.0,119.0,95.0,126.0,181.0,222.0,94.0,86.0,83.0,80.0,155.0,119.0,158.0,110.0,147.0,172.0,176.0,241.0,247.0,274.0,72.0,78.0,80.0,111.0,132.0,140.0,144.0,85.0,96.0,86.0,133.0,152.0,178.0,223.0,83.0,110.0,102.0,121.0,144.0,183.0,160.0,108.0,113.0,93.0,149.0,174.0,183.0,155.0,233.0,221.0,164.0,176.0,228.0,234.0,128.0
165.0,104.0,91.0,100.0,105.0,108.0,145.0,114.0,109.0,73.0,87.0,98.0,110.0,162.0,150.0,120.0,81.0,86.0,85.0,106.0,145.0,128.0,89.0,93.0,104.0,90.0,120.0,161.0,159.0,97.0,97.0,88.0,82.0,154.0,126.0,187.0,70.0,82.0,119.0,69.0,134.0,157.0,154.0,92.0,79.0,117.0,105.0,0.0,157.0,156.0,84.0,90.0,79.0,64.0,0.0,83.0,111.0,95.0,103.0,92.0,70.0,124.0,133.0,183.0,96.0,98.0,104.0,129.0,127.0,134.0,248.0,88.0,82.0,98.0,99.0,153.0,133.0,154.0,85.0,72.0,119.0,136.0,91.0,164.0,182.0,97.0,118.0,112.0,127.0,141.0,222.0,248.0,136.0,107.0,85.0,135.0,138.0,148.0,275.0,112.0,115.0,0.0,149.0,179.0,254.0,268.0,122.0,86.0,124.0,130.0,138.0,235.0,151.0,101.0,104.0,94.0,87.0,170.0,217.0,241.0,124.0,76.0,94.0,116.0,161.0,169.0,243.0,129.0,113.0,69.0,115.0,156.0,200.0,224.0,125.0,117.0,88.0,133.0,179.0,282.0,179.0,128.0,126.0,125.0,126.0,177.0,258.0,269.0,306.0,142.0,136.0,121.0,135.0,219.0,235.0,131.0,136.0,158.0,170.0,193.0,181.0,249.0,120.0,113.0,108.0,196.0,202.0,245.0,347.0,148.0,131.0,177.0,143.0,190.0,215.0,231.0,133.0,137.0,162.0,126.0,180.0,238.0,242.0,273.0,148.0,195.0,174.0,145.0,257.0,240.0,128.0,156.0,148.0,139.0,195.0,265.0,293.0,158.0,149.0,157.0,157.0,180.0,293.0,289.0,115.0,140.0,141.0,129.0,159.0,197.0,222.0,129.0,163.0,153.0,145.0,210.0,147.0,287.0,145.0,120.0,98.0,159.0,212.0,253.0,226.0,136.0,163.0,129.0,131.0,166.0,243.0,181.0,98.0,100.0,108.0,126.0,128.0,197.0,194.0,109.0,112.0,133.0,127.0,158.0,223.0,285.0,262.0,106.0,91.0,113.0,83.0,230.0,188.0,86.0,90.0,74.0,126.0,173.0,207.0,218.0,95.0,109.0,110.0,96.0,140.0,205.0,120.0,119.0,95.0,109.0,95.0,146.0,199.0,213.0,90.0,106.0,99.0,115.0,171.0,210.0,135.0,110.0,103.0,85.0,103.0,178.0,248.0,229.0,94.0,108.0,93.0,95.0,183.0,155.0,215.0,110.0,100.0,104.0,113.0,141.0,201.0,246.0,97.0,110.0,105.0,103.0,138.0,163.0,220.0,104.0,77.0,102.0,105.0,132.0,161.0,179.0,89.0,88.0,88.0,102.0,153.0,126.0,150.0,118.0,140.0,150.0,274.0,225.0,268.0,262.0,121.0,88.0,104.0,101.0,119.0,140.0,136.0,77.0,119.0,101.0,98.0,160.0,174.0,166.0,102.0,93.0,111.0,98.0,117.0,177.0,207.0,84.0,92.0,115.0,134.0,166.0,194.0,151.0,233.0,177.0,155.0,146.0,184.0,187.0,114.0
141.0,120.0,116.0,99.0,83.0,168.0,106.0,97.0,91.0,72.0,87.0,81.0,131.0,142.0,146.0,150.0,72.0,76.0,88.0,106.0,118.0,136.0,71.0,74.0,103.0,94.0,117.0,179.0,144.0,114.0,85.0,79.0,98.0,114.0,117.0,176.0,84.0,86.0,105.0,109.0,168.0,161.0,140.0,80.0,61.0,76.0,108.0,0.0,116.0,142.0,82.0,76.0,56.0,59.0,0.0,50.0,90.0,93.0,74.0,100.0,89.0,112.0,143.0,156.0,105.0,77.0,76.0,106.0,110.0,169.0,217.0,110.0,91.0,106.0,129.0,129.0,177.0,179.0,94.0,84.0,85.0,119.0,145.0,130.0,168.0,122.0,89.0,106.0,116.0,156.0,158.0,288.0,101.0,95.0,114.0,115.0,159.0,179.0,260.0,130.0,108.0,0.0,122.0,157.0,219.0,276.0,166.0,135.0,112.0,122.0,131.0,220.0,100.0,108.0,110.0,139.0,123.0,145.0,184.0,189.0,117.0,108.0,131.0,116.0,131.0,169.0,174.0,120.0,113.0,121.0,102.0,169.0,213.0,203.0,113.0,104.0,91.0,146.0,152.0,237.0,176.0,98.0,115.0,124.0,105.0,211.0,270.0,298.0,305.0,131.0,120.0,121.0,150.0,268.0,156.0,146.0,107.0,135.0,160.0,147.0,258.0,182.0,143.0,108.0,152.0,166.0,182.0,298.0,391.0,167.0,129.0,129.0,125.0,224.0,235.0,269.0,126.0,109.0,135.0,152.0,224.0,189.0,229.0,189.0,211.0,164.0,146.0,163.0,158.0,222.0,94.0,98.0,132.0,156.0,159.0,253.0,347.0,131.0,119.0,124.0,182.0,162.0,274.0,248.0,132.0,116.0,139.0,167.0,215.0,310.0,152.0,181.0,182.0,144.0,128.0,170.0,192.0,252.0,150.0,142.0,136.0,128.0,185.0,251.0,231.0,128.0,123.0,117.0,133.0,253.0,223.0,183.0,125.0,113.0,113.0,105.0,158.0,159.0,229.0,99.0,105.0,115.0,125.0,134.0,266.0,352.0,254.0,116.0,111.0,102.0,56.0,207.0,211.0,96.0,117.0,95.0,112.0,138.0,244.0,207.0,100.0,99.0,117.0,108.0,148.0,188.0,99.0,121.0,96.0,75.0,106.0,154.0,189.0,193.0,127.0,93.0,102.0,104.0,178.0,219.0,152.0,120.0,97.0,126.0,107.0,127.0,233.0,199.0,85.0,92.0,91.0,100.0,130.0,220.0,177.0,98.0,81.0,99.0,107.0,162.0,149.0,218.0,99.0,97.0,84.0,97.0,85.0,136.0,190.0,99.0,91.0,90.0,103.0,125.0,123.0,193.0,73.0,58.0,88.0,95.0,160.0,105.0,178.0,94.0,150.0,142.0,253.0,248.0,261.0,279.0,103.0,80.0,83.0,91.0,116.0,122.0,131.0,62.0,97.0,85.0,85.0,140.0,135.0,163.0,105.0,93.0,83.0,104.0,143.0,153.0,157.0,97.0,112.0,109.0,132.0,182.0,180.0,154.0,252.0,157.0,153.0,163.0,221.0,219.0,138.0
146.0,122.0,80.0,90.0,90.0,105.0,108.0,122.0,67.0,76.0,102.0,93.0,110.0,149.0,107.0,108.0,82.0,62.0,95.0,91.0,110.0,126.0,72.0,71.0,69.0,93.0,115.0,130.0,128.0,87.0,57.0,96.0,99.0,89.0,139.0,156.0,71.0,92.0,92.0,85.0,122.0,131.0,162.0,81.0,86.0,93.0,119.0,21.0,101.0,156.0,77.0,79.0,90.0,47.0,0.0,112.0,64.0,85.0,98.0,77.0,85.0,120.0,137.0,156.0,103.0,88.0,79.0,111.0,132.0,138.0,171.0,96.0,99.0,106.0,93.0,150.0,210.0,232.0,74.0,94.0,94.0,115.0,161.0,186.0,230.0,89.0,85.0,109.0,83.0,161.0,166.0,236.0,95.0,110.0,94.0,108.0,143.0,160.0,226.0,100.0,102.0,0.0,169.0,142.0,248.0,205.0,93.0,93.0,102.0,122.0,166.0,198.0,129.0,102.0,105.0,117.0,124.0,170.0,146.0,251.0,112.0,107.0,110.0,109.0,182.0,217.0,138.0,105.0,112.0,105.0,101.0,148.0,189.0,223.0,116.0,111.0,115.0,132.0,141.0,292.0,224.0,128.0,122.0,106.0,142.0,205.0,266.0,228.0,259.0,112.0,101.0,116.0,131.0,206.0,219.0,137.0,97.0,120.0,132.0,199.0,219.0,182.0,133.0,118.0,145.0,161.0,163.0,287.0,373.0,137.0,132.0,122.0,148.0,181.0,253.0,217.0,110.0,129.0,132.0,107.0,213.0,270.0,246.0,194.0,191.0,164.0,169.0,165.0,232.0,193.0,140.0,111.0,126.0,124.0,164.0,316.0,301.0,131.0,117.0,117.0,69.0,179.0,225.0,273.0,137.0,115.0,127.0,128.0,171.0,246.0,180.0,129.0,154.0,129.0,95.0,196.0,251.0,286.0,146.0,130.0,132.0,132.0,145.0,206.0,287.0,126.0,131.0,135.0,103.0,192.0,209.0,238.0,98.0,88.0,122.0,108.0,130.0,170.0,195.0,124.0,116.0,94.0,123.0,199.0,302.0,327.0,255.0,95.0,118.0,133.0,169.0,179.0,157.0,102.0,90.0,98.0,97.0,150.0,183.0,197.0,99.0,85.0,94.0,119.0,163.0,199.0,146.0,99.0,100.0,84.0,97.0,164.0,218.0,176.0,86.0,96.0,96.0,125.0,146.0,182.0,182.0,115.0,89.0,78.0,95.0,138.0,245.0,227.0,104.0,96.0,107.0,76.0,112.0,188.0,129.0,82.0,96.0,101.0,92.0,123.0,179.0,220.0,95.0,79.0,79.0,84.0,136.0,142.0,201.0,101.0,69.0,91.0,118.0,128.0,152.0,212.0,81.0,77.0,88.0,89.0,152.0,100.0,117.0,95.0,134.0,167.0,283.0,165.0,231.0,221.0,104.0,81.0,73.0,98.0,127.0,141.0,124.0,94.0,79.0,85.0,101.0,132.0,166.0,160.0,61.0,56.0,87.0,105.0,125.0,172.0,170.0,114.0,85.0,90.0,129.0,173.0,177.0,165.0,222.0,173.0,147.0,146.0,204.0,191.0,101.0
138.0,94.0,100.0,86.0,81.0,111.0,102.0,79.0,68.0,57.0,60.0,85.0,118.0,125.0,110.0,104.0,71.0,39.0,78.0,89.0,126.0,90.0,73.0,68.0,63.0,89.0,119.0,146.0,123.0,111.0,71.0,76.0,85.0,84.0,146.0,145.0,58.0,99.0,74.0,76.0,175.0,119.0,145.0,79.0,75.0,106.0,82.0,0.0,86.0,133.0,73.0,75.0,70.0,60.0,0.0,76.0,65.0,90.0,65.0,95.0,81.0,139.0,144.0,131.0,84.0,67.0,86.0,77.0,108.0,141.0,204.0,107.0,83.0,116.0,74.0,137.0,173.0,196.0,85.0,79.0,95.0,90.0,124.0,216.0,110.0,95.0,81.0,103.0,122.0,117.0,145.0,255.0,101.0,91.0,96.0,86.0,146.0,192.0,191.0,117.0,89.0,0.0,115.0,147.0,215.0,298.0,121.0,87.0,101.0,115.0,135.0,163.0,138.0,101.0,75.0,90.0,87.0,143.0,214.0,221.0,118.0,87.0,76.0,123.0,129.0,133.0,217.0,112.0,99.0,114.0,121.0,110.0,218.0,255.0,86.0,76.0,93.0,115.0,146.0,253.0,215.0,122.0,135.0,136.0,121.0,230.0,241.0,346.0,269.0,127.0,92.0,104.0,181.0,239.0,215.0,121.0,97.0,112.0,105.0,139.0,181.0,218.0,104.0,130.0,127.0,118.0,212.0,295.0,315.0,137.0,136.0,99.0,132.0,163.0,222.0,257.0,95.0,125.0,100.0,119.0,199.0,270.0,305.0,183.0,225.0,125.0,156.0,177.0,243.0,215.0,131.0,126.0,111.0,114.0,163.0,239.0,277.0,115.0,116.0,141.0,171.0,164.0,289.0,223.0,109.0,129.0,141.0,149.0,183.0,234.0,156.0,115.0,124.0,97.0,113.0,165.0,203.0,270.0,135.0,118.0,113.0,148.0,193.0,190.0,256.0,129.0,104.0,111.0,128.0,222.0,244.0,231.0,107.0,110.0,78.0,111.0,172.0,162.0,194.0,111.0,65.0,96.0,110.0,173.0,239.0,255.0,287.0,103.0,107.0,116.0,105.0,209.0,192.0,100.0,96.0,106.0,94.0,131.0,172.0,182.0,83.0,84.0,89.0,105.0,132.0,216.0,113.0,95.0,92.0,77.0,116.0,133.0,172.0,153.0,88.0,86.0,95.0,78.0,170.0,177.0,195.0,86.0,90.0,86.0,70.0,122.0,208.0,227.0,85.0,90.0,83.0,71.0,164.0,208.0,230.0,97.0,76.0,80.0,83.0,162.0,202.0,184.0,90.0,104.0,90.0,93.0,115.0,210.0,205.0,93.0,88.0,68.0,115.0,98.0,167.0,143.0,75.0,56.0,84.0,85.0,134.0,106.0,108.0,92.0,92.0,178.0,249.0,243.0,215.0,242.0,78.0,72.0,66.0,77.0,110.0,144.0,106.0,107.0,76.0,87.0,95.0,147.0,209.0,114.0,0.0,62.0,80.0,85.0,151.0,142.0,153.0,100.0,85.0,118.0,83.0,152.0,148.0,153.0,202.0,147.0,140.0,152.0,152.0,182.0,118.0
151.0,112.0,67.0,71.0,103.0,116.0,108.0,83.0,62.0,80.0,55.0,69.0,98.0,107.0,154.0,127.0,80.0,69.0,72.0,90.0,96.0,118.0,55.0,81.0,80.0,72.0,104.0,147.0,186.0,59.0,63.0,66.0,69.0,95.0,113.0,137.0,71.0,74.0,86.0,65.0,95.0,137.0,180.0,81.0,84.0,83.0,94.0,0.0,124.0,157.0,67.0,73.0,46.0,66.0,0.0,31.0,74.0,77.0,68.0,70.0,91.0,109.0,139.0,162.0,63.0,74.0,83.0,86.0,120.0,173.0,208.0,85.0,88.0,76.0,90.0,124.0,150.0,210.0,70.0,71.0,84.0,94.0,140.0,155.0,230.0,82.0,98.0,83.0,102.0,124.0,159.0,240.0,84.0,92.0,94.0,112.0,138.0,144.0,150.0,118.0,87.0,0.0,115.0,168.0,197.0,242.0,99.0,106.0,110.0,125.0,194.0,226.0,149.0,77.0,105.0,87.0,80.0,169.0,248.0,223.0,97.0,81.0,97.0,81.0,122.0,203.0,163.0,83.0,86.0,94.0,104.0,183.0,163.0,249.0,93.0,81.0,116.0,100.0,171.0,236.0,215.0,86.0,101.0,113.0,128.0,201.0,188.0,268.0,165.0,89.0,86.0,97.0,174.0,225.0,217.0,96.0,122.0,113.0,125.0,114.0,199.0,157.0,105.0,120.0,139.0,136.0,189.0,309.0,360.0,163.0,123.0,118.0,132.0,163.0,239.0,242.0,133.0,101.0,97.0,108.0,177.0,184.0,204.0,211.0,246.0,130.0,138.0,158.0,221.0,218.0,132.0,99.0,85.0,123.0,208.0,264.0,185.0,90.0,102.0,109.0,132.0,143.0,233.0,254.0,97.0,99.0,90.0,131.0,164.0,235.0,193.0,128.0,128.0,112.0,123.0,162.0,223.0,252.0,162.0,106.0,125.0,138.0,150.0,189.0,189.0,118.0,91.0,117.0,113.0,214.0,232.0,195.0,94.0,100.0,81.0,86.0,147.0,132.0,183.0,92.0,87.0,89.0,107.0,185.0,243.0,311.0,257.0,84.0,94.0,88.0,83.0,186.0,162.0,99.0,62.0,76.0,108.0,137.0,205.0,217.0,86.0,79.0,64.0,71.0,166.0,170.0,150.0,128.0,75.0,106.0,106.0,148.0,204.0,216.0,95.0,98.0,85.0,106.0,139.0,153.0,176.0,85.0,67.0,105.0,129.0,122.0,238.0,203.0,97.0,91.0,78.0,96.0,139.0,165.0,204.0,79.0,73.0,93.0,58.0,125.0,176.0,169.0,100.0,94.0,83.0,87.0,113.0,131.0,186.0,90.0,75.0,79.0,105.0,103.0,148.0,157.0,58.0,71.0,55.0,70.0,128.0,92.0,139.0,71.0,142.0,175.0,226.0,186.0,216.0,216.0,88.0,64.0,91.0,83.0,90.0,119.0,137.0,91.0,75.0,89.0,75.0,138.0,145.0,136.0,74.0,60.0,70.0,101.0,120.0,148.0,155.0,73.0,74.0,103.0,100.0,138.0,155.0,165.0,200.0,179.0,131.0,142.0,194.0,161.0,100.0
127.0,88.0,57.0,79.0,67.0,110.0,99.0,114.0,62.0,78.0,80.0,72.0,106.0,159.0,113.0,90.0,66.0,76.0,81.0,78.0,97.0,118.0,76.0,65.0,78.0,76.0,121.0,120.0,127.0,70.0,55.0,90.0,60.0,92.0,102.0,126.0,47.0,62.0,78.0,73.0,135.0,147.0,106.0,79.0,74.0,87.0,70.0,0.0,111.0,114.0,69.0,65.0,81.0,66.0,0.0,118.0,75.0,58.0,67.0,79.0,86.0,112.0,117.0,132.0,73.0,78.0,79.0,67.0,86.0,159.0,161.0,89.0,103.0,85.0,87.0,140.0,178.0,148.0,69.0,99.0,68.0,104.0,120.0,134.0,180.0,104.0,86.0,87.0,108.0,124.0,181.0,250.0,103.0,70.0,64.0,92.0,118.0,193.0,202.0,72.0,80.0,0.0,99.0,118.0,179.0,246.0,115.0,87.0,101.0,113.0,169.0,174.0,114.0,99.0,95.0,88.0,108.0,141.0,185.0,164.0,85.0,75.0,84.0,94.0,177.0,185.0,210.0,97.0,112.0,102.0,124.0,91.0,189.0,280.0,87.0,104.0,94.0,110.0,164.0,231.0,136.0,115.0,68.0,111.0,107.0,187.0,224.0,286.0,258.0,108.0,101.0,114.0,150.0,227.0,179.0,116.0,86.0,96.0,130.0,133.0,211.0,183.0,105.0,115.0,108.0,159.0,163.0,240.0,307.0,128.0,121.0,110.0,123.0,204.0,260.0,243.0,130.0,89.0,122.0,101.0,200.0,219.0,259.0,176.0,249.0,115.0,134.0,192.0,291.0,155.0,97.0,112.0,98.0,113.0,148.0,261.0,279.0,116.0,86.0,107.0,127.0,158.0,250.0,201.0,125.0,103.0,97.0,118.0,121.0,235.0,117.0,130.0,102.0,98.0,114.0,183.0,293.0,259.0,164.0,116.0,118.0,136.0,155.0,273.0,208.0,88.0,120.0,107.0,139.0,189.0,228.0,250.0,95.0,95.0,96.0,95.0,84.0,170.0,183.0,93.0,84.0,81.0,125.0,136.0,282.0,323.0,185.0,63.0,70.0,97.0,68.0,228.0,188.0,76.0,79.0,92.0,91.0,122.0,240.0,174.0,93.0,65.0,66.0,84.0,99.0,212.0,105.0,82.0,93.0,87.0,71.0,154.0,199.0,154.0,70.0,67.0,79.0,103.0,138.0,137.0,128.0,115.0,75.0,85.0,86.0,114.0,214.0,193.0,72.0,61.0,94.0,95.0,144.0,195.0,150.0,80.0,69.0,94.0,101.0,125.0,179.0,177.0,56.0,79.0,77.0,81.0,99.0,160.0,168.0,76.0,64.0,54.0,77.0,106.0,163.0,156.0,64.0,63.0,82.0,78.0,123.0,90.0,146.0,88.0,108.0,182.0,231.0,205.0,235.0,255.0,67.0,60.0,76.0,67.0,110.0,138.0,102.0,54.0,68.0,50.0,69.0,135.0,173.0,155.0,86.0,68.0,65.0,86.0,135.0,180.0,139.0,109.0,79.0,101.0,101.0,164.0,142.0,155.0,199.0,148.0,111.0,142.0,166.0,182.0,112.0
133.0,90.0,84.0,52.0,79.0,98.0,90.0,97.0,80.0,76.0,68.0,77.0,136.0,131.0,136.0,131.0,78.0,56.0,71.0,80.0,102.0,122.0,59.0,69.0,91.0,80.0,95.0,127.0,145.0,73.0,55.0,64.0,68.0,113.0,93.0,116.0,59.0,58.0,67.0,66.0,103.0,101.0,161.0,59.0,57.0,91.0,109.0,0.0,108.0,135.0,57.0,61.0,111.0,55.0,0.0,21.0,80.0,67.0,87.0,70.0,98.0,112.0,150.0,110.0,73.0,78.0,86.0,90.0,133.0,142.0,196.0,82.0,72.0,68.0,91.0,149.0,162.0,202.0,62.0,74.0,62.0,106.0,135.0,173.0,152.0,83.0,90.0,100.0,106.0,143.0,155.0,200.0,91.0,80.0,102.0,102.0,144.0,160.0,167.0,95.0,90.0,0.0,94.0,120.0,184.0,243.0,88.0,92.0,102.0,114.0,210.0,113.0,114.0,95.0,80.0,77.0,109.0,130.0,205.0,203.0,107.0,80.0,101.0,93.0,155.0,192.0,207.0,97.0,73.0,83.0,93.0,137.0,140.0,161.0,99.0,77.0,84.0,138.0,110.0,248.0,146.0,99.0,93.0,91.0,126.0,203.0,257.0,284.0,282.0,94.0,101.0,98.0,134.0,177.0,151.0,73.0,102.0,80.0,117.0,134.0,235.0,192.0,105.0,101.0,125.0,123.0,202.0,284.0,328.0,114.0,103.0,112.0,114.0,163.0,273.0,274.0,133.0,98.0,136.0,107.0,157.0,219.0,210.0,185.0,220.0,136.0,111.0,159.0,240.0,221.0,126.0,88.0,88.0,117.0,138.0,258.0,228.0,114.0,92.0,93.0,129.0,160.0,217.0,218.0,129.0,113.0,113.0,121.0,183.0,189.0,184.0,69.0,103.0,114.0,115.0,139.0,200.0,236.0,110.0,94.0,94.0,134.0,124.0,190.0,230.0,93.0,104.0,101.0,116.0,167.0,200.0,211.0,102.0,97.0,91.0,102.0,122.0,186.0,189.0,96.0,72.0,79.0,126.0,147.0,259.0,323.0,179.0,82.0,75.0,93.0,90.0,192.0,167.0,85.0,99.0,87.0,104.0,111.0,179.0,193.0,94.0,88.0,68.0,87.0,151.0,182.0,170.0,87.0,81.0,61.0,88.0,140.0,224.0,178.0,83.0,71.0,72.0,81.0,144.0,178.0,167.0,74.0,81.0,81.0,106.0,144.0,186.0,201.0,89.0,83.0,85.0,116.0,133.0,170.0,168.0,91.0,90.0,75.0,69.0,154.0,230.0,175.0,60.0,86.0,59.0,72.0,101.0,124.0,173.0,79.0,66.0,77.0,68.0,114.0,147.0,180.0,85.0,54.0,75.0,66.0,129.0,66.0,117.0,83.0,91.0,155.0,217.0,215.0,234.0,243.0,89.0,66.0,73.0,89.0,105.0,156.0,139.0,70.0,84.0,76.0,72.0,129.0,171.0,134.0,64.0,76.0,81.0,105.0,117.0,109.0,128.0,62.0,89.0,89.0,110.0,156.0,136.0,154.0,164.0,149.0,135.0,117.0,185.0,171.0,92.0
127.0,83.0,73.0,72.0,100.0,117.0,123.0,104.0,71.0,60.0,63.0,79.0,105.0,117.0,120.0,117.0,61.0,77.0,65.0,79.0,107.0,80.0,65.0,58.0,79.0,76.0,132.0,142.0,133.0,79.0,68.0,60.0,74.0,85.0,113.0,119.0,68.0,69.0,86.0,82.0,112.0,159.0,157.0,57.0,67.0,86.0,73.0,0.0,113.0,123.0,63.0,66.0,77.0,48.0,0.0,86.0,118.0,68.0,64.0,79.0,75.0,125.0,112.0,153.0,75.0,68.0,81.0,90.0,125.0,118.0,195.0,90.0,109.0,81.0,125.0,154.0,184.0,203.0,78.0,72.0,80.0,89.0,123.0,189.0,171.0,94.0,82.0,91.0,80.0,172.0,133.0,222.0,81.0,81.0,90.0,112.0,134.0,192.0,209.0,83.0,81.0,0.0,132.0,125.0,188.0,237.0,104.0,97.0,114.0,111.0,209.0,183.0,133.0,84.0,72.0,73.0,77.0,171.0,153.0,209.0,89.0,100.0,80.0,92.0,120.0,193.0,152.0,78.0,82.0,75.0,103.0,146.0,222.0,218.0,96.0,80.0,94.0,111.0,149.0,148.0,197.0,108.0,102.0,88.0,111.0,182.0,196.0,235.0,240.0,89.0,103.0,96.0,183.0,206.0,149.0,91.0,82.0,93.0,101.0,151.0,188.0,194.0,98.0,115.0,96.0,125.0,170.0,202.0,348.0,114.0,114.0,113.0,121.0,169.0,229.0,191.0,99.0,126.0,117.0,146.0,152.0,166.0,232.0,231.0,329.0,147.0,137.0,157.0,205.0,212.0,118.0,121.0,102.0,104.0,168.0,269.0,235.0,119.0,100.0,124.0,91.0,117.0,186.0,195.0,123.0,129.0,114.0,88.0,192.0,215.0,148.0,152.0,124.0,107.0,84.0,143.0,248.0,294.0,126.0,80.0,117.0,117.0,160.0,238.0,250.0,99.0,121.0,123.0,96.0,219.0,159.0,201.0,97.0,96.0,106.0,111.0,126.0,206.0,190.0,96.0,80.0,100.0,107.0,144.0,273.0,268.0,238.0,92.0,83.0,87.0,120.0,168.0,194.0,73.0,98.0,93.0,104.0,155.0,250.0,176.0,98.0,72.0,78.0,86.0,155.0,177.0,91.0,77.0,89.0,59.0,91.0,146.0,172.0,146.0,55.0,90.0,81.0,83.0,167.0,156.0,159.0,75.0,81.0,94.0,91.0,120.0,189.0,205.0,71.0,59.0,80.0,70.0,140.0,211.0,215.0,83.0,72.0,109.0,100.0,145.0,183.0,182.0,74.0,96.0,81.0,64.0,110.0,146.0,193.0,75.0,77.0,66.0,80.0,107.0,135.0,144.0,81.0,70.0,81.0,91.0,121.0,83.0,143.0,69.0,145.0,124.0,223.0,263.0,263.0,196.0,94.0,66.0,64.0,102.0,90.0,127.0,126.0,88.0,80.0,74.0,72.0,127.0,144.0,126.0,80.0,76.0,80.0,87.0,124.0,138.0,106.0,82.0,60.0,92.0,97.0,159.0,176.0,159.0,158.0,160.0,125.0,130.0,178.0,140.0,86.0
119.0,96.0,75.0,54.0,77.0,102.0,105.0,125.0,74.0,68.0,64.0,66.0,80.0,113.0,139.0,105.0,54.0,70.0,78.0,77.0,81.0,104.0,75.0,79.0,61.0,85.0,111.0,119.0,145.0,78.0,55.0,74.0,71.0,122.0,138.0,142.0,62.0,88.0,51.0,78.0,137.0,140.0,105.0,75.0,93.0,65.0,73.0,7.0,135.0,123.0,70.0,81.0,62.0,34.0,0.0,79.0,106.0,72.0,68.0,66.0,69.0,101.0,147.0,88.0,67.0,83.0,77.0,72.0,101.0,136.0,186.0,86.0,67.0,94.0,81.0,137.0,160.0,160.0,101.0,82.0,96.0,89.0,107.0,189.0,170.0,104.0,82.0,100.0,110.0,139.0,159.0,214.0,117.0,72.0,117.0,80.0,140.0,171.0,204.0,110.0,87.0,0.0,98.0,154.0,207.0,214.0,115.0,91.0,77.0,102.0,122.0,188.0,131.0,101.0,71.0,90.0,97.0,138.0,240.0,186.0,81.0,78.0,91.0,96.0,131.0,195.0,171.0,77.0,89.0,80.0,82.0,152.0,206.0,215.0,77.0,94.0,74.0,92.0,153.0,230.0,189.0,102.0,77.0,93.0,82.0,197.0,195.0,240.0,211.0,103.0,117.0,112.0,98.0,193.0,174.0,120.0,88.0,102.0,123.0,129.0,159.0,147.0,100.0,72.0,141.0,106.0,179.0,319.0,363.0,101.0,122.0,141.0,124.0,168.0,223.0,228.0,94.0,113.0,104.0,117.0,131.0,215.0,229.0,177.0,317.0,126.0,102.0,158.0,247.0,148.0,104.0,110.0,88.0,113.0,137.0,266.0,242.0,119.0,86.0,113.0,98.0,189.0,174.0,244.0,106.0,107.0,109.0,123.0,135.0,179.0,109.0,97.0,83.0,124.0,98.0,129.0,191.0,221.0,95.0,76.0,123.0,128.0,126.0,217.0,239.0,90.0,111.0,77.0,123.0,151.0,228.0,156.0,79.0,83.0,104.0,116.0,157.0,250.0,195.0,101.0,108.0,79.0,114.0,163.0,324.0,291.0,238.0,89.0,112.0,91.0,155.0,155.0,204.0,107.0,82.0,98.0,73.0,144.0,166.0,191.0,99.0,74.0,81.0,96.0,139.0,173.0,139.0,96.0,79.0,74.0,79.0,140.0,157.0,157.0,102.0,60.0,92.0,99.0,171.0,199.0,178.0,83.0,79.0,85.0,99.0,159.0,208.0,185.0,74.0,81.0,97.0,88.0,113.0,153.0,173.0,73.0,78.0,71.0,74.0,141.0,177.0,195.0,88.0,94.0,92.0,76.0,110.0,140.0,181.0,81.0,52.0,69.0,95.0,108.0,126.0,217.0,62.0,71.0,78.0,68.0,136.0,87.0,144.0,89.0,136.0,167.0,234.0,233.0,226.0,226.0,78.0,71.0,61.0,73.0,112.0,116.0,86.0,73.0,72.0,81.0,81.0,116.0,132.0,128.0,92.0,65.0,65.0,76.0,103.0,129.0,107.0,89.0,91.0,94.0,134.0,137.0,156.0,169.0,186.0,176.0,135.0,99.0,150.0,146.0,110.0
117.0,91.0,69.0,88.0,82.0,118.0,88.0,100.0,67.0,53.0,58.0,84.0,97.0,133.0,115.0,95.0,69.0,73.0,71.0,98.0,80.0,93.0,67.0,61.0,89.0,84.0,102.0,132.0,97.0,41.0,61.0,74.0,62.0,108.0,102.0,117.0,63.0,63.0,72.0,81.0,107.0,124.0,123.0,56.0,78.0,75.0,84.0,12.0,109.0,109.0,58.0,65.0,76.0,58.0,0.0,64.0,82.0,58.0,74.0,83.0,70.0,99.0,135.0,103.0,64.0,67.0,65.0,81.0,128.0,107.0,170.0,103.0,68.0,86.0,81.0,103.0,160.0,153.0,84.0,75.0,93.0,94.0,91.0,130.0,153.0,97.0,72.0,83.0,86.0,109.0,132.0,184.0,84.0,56.0,74.0,91.0,121.0,157.0,156.0,116.0,76.0,0.0,92.0,136.0,145.0,230.0,93.0,89.0,70.0,124.0,165.0,166.0,103.0,92.0,91.0,88.0,111.0,161.0,201.0,182.0,78.0,83.0,78.0,91.0,138.0,182.0,169.0,75.0,89.0,105.0,107.0,156.0,123.0,166.0,114.0,87.0,90.0,94.0,107.0,227.0,155.0,103.0,98.0,111.0,138.0,181.0,182.0,220.0,266.0,94.0,117.0,77.0,167.0,222.0,129.0,88.0,100.0,90.0,126.0,177.0,158.0,155.0,88.0,94.0,121.0,125.0,136.0,198.0,333.0,99.0,106.0,84.0,128.0,162.0,217.0,205.0,107.0,74.0,126.0,97.0,167.0,254.0,242.0,164.0,303.0,126.0,123.0,155.0,180.0,213.0,100.0,90.0,110.0,127.0,139.0,253.0,191.0,103.0,97.0,104.0,127.0,139.0,206.0,163.0,98.0,94.0,97.0,89.0,129.0,228.0,141.0,122.0,90.0,82.0,82.0,164.0,198.0,201.0,89.0,92.0,87.0,117.0,142.0,242.0,219.0,115.0,102.0,103.0,117.0,187.0,168.0,224.0,71.0,64.0,95.0,99.0,167.0,316.0,206.0,89.0,83.0,104.0,116.0,140.0,226.0,262.0,160.0,101.0,60.0,89.0,91.0,196.0,192.0,98.0,91.0,73.0,98.0,141.0,201.0,186.0,107.0,62.0,73.0,89.0,123.0,182.0,113.0,91.0,65.0,93.0,95.0,174.0,165.0,152.0,89.0,67.0,72.0,85.0,134.0,195.0,194.0,113.0,56.0,115.0,91.0,101.0,197.0,200.0,86.0,79.0,81.0,72.0,144.0,242.0,171.0,86.0,72.0,66.0,92.0,137.0,175.0,174.0,100.0,103.0,63.0,88.0,135.0,117.0,183.0,97.0,67.0,65.0,84.0,93.0,137.0,149.0,70.0,82.0,79.0,92.0,132.0,67.0,120.0,88.0,106.0,139.0,211.0,248.0,248.0,218.0,70.0,62.0,68.0,78.0,89.0,145.0,137.0,66.0,61.0,71.0,82.0,133.0,115.0,119.0,54.0,67.0,70.0,68.0,73.0,153.0,120.0,74.0,63.0,81.0,106.0,127.0,148.0,157.0,157.0,146.0,113.0,100.0,103.0,166.0,109.0
115.0,87.0,63.0,53.0,71.0,108.0,86.0,108.0,57.0,59.0,43.0,58.0,139.0,139.0,108.0,90.0,54.0,44.0,83.0,75.0,100.0,75.0,52.0,56.0,61.0,64.0,106.0,129.0,112.0,73.0,70.0,66.0,36.0,93.0,119.0,110.0,61.0,68.0,79.0,76.0,98.0,114.0,108.0,70.0,87.0,68.0,88.0,83.0,113.0,106.0,63.0,68.0,55.0,32.0,0.0,30.0,89.0,65.0,55.0,69.0,76.0,96.0,134.0,102.0,69.0,69.0,66.0,68.0,100.0,139.0,187.0,84.0,70.0,69.0,75.0,130.0,125.0,153.0,77.0,66.0,74.0,81.0,123.0,144.0,129.0,102.0,70.0,68.0,83.0,112.0,110.0,160.0,74.0,66.0,83.0,69.0,115.0,186.0,190.0,80.0,84.0,0.0,66.0,132.0,153.0,229.0,85.0,72.0,56.0,86.0,143.0,116.0,117.0,74.0,76.0,72.0,91.0,124.0,168.0,197.0,82.0,94.0,100.0,95.0,93.0,202.0,135.0,65.0,75.0,68.0,100.0,130.0,149.0,220.0,90.0,52.0,100.0,108.0,145.0,157.0,146.0,84.0,67.0,82.0,78.0,181.0,219.0,193.0,242.0,94.0,95.0,91.0,161.0,176.0,185.0,84.0,84.0,98.0,80.0,140.0,170.0,175.0,98.0,71.0,95.0,97.0,181.0,224.0,324.0,126.0,81.0,96.0,116.0,143.0,237.0,226.0,97.0,102.0,88.0,112.0,160.0,216.0,185.0,175.0,297.0,102.0,93.0,128.0,166.0,144.0,92.0,98.0,111.0,107.0,161.0,219.0,207.0,99.0,103.0,100.0,120.0,158.0,239.0,264.0,94.0,109.0,109.0,95.0,155.0,192.0,173.0,116.0,113.0,103.0,93.0,120.0,259.0,188.0,97.0,99.0,90.0,112.0,134.0,184.0,247.0,100.0,100.0,93.0,96.0,146.0,187.0,179.0,78.0,71.0,103.0,81.0,156.0,182.0,186.0,71.0,72.0,75.0,107.0,159.0,262.0,295.0,261.0,100.0,91.0,89.0,79.0,107.0,197.0,54.0,78.0,73.0,90.0,127.0,194.0,135.0,68.0,68.0,78.0,85.0,128.0,160.0,108.0,63.0,61.0,73.0,84.0,110.0,167.0,140.0,65.0,73.0,78.0,61.0,130.0,173.0,142.0,98.0,105.0,70.0,81.0,154.0,239.0,178.0,74.0,84.0,79.0,90.0,115.0,181.0,152.0,80.0,76.0,56.0,67.0,118.0,215.0,141.0,71.0,80.0,51.0,82.0,106.0,131.0,151.0,81.0,58.0,59.0,92.0,103.0,139.0,155.0,78.0,68.0,76.0,76.0,108.0,64.0,127.0,82.0,98.0,146.0,227.0,156.0,236.0,197.0,83.0,78.0,55.0,75.0,96.0,154.0,116.0,55.0,54.0,72.0,73.0,120.0,132.0,117.0,81.0,73.0,67.0,64.0,121.0,127.0,112.0,72.0,81.0,86.0,92.0,155.0,158.0,156.0,170.0,136.0,94.0,115.0,118.0,120.0,117.0
118.0,78.0,61.0,62.0,63.0,86.0,77.0,87.0,50.0,61.0,54.0,74.0,72.0,106.0,116.0,83.0,53.0,58.0,56.0,88.0,110.0,91.0,56.0,48.0,61.0,84.0,83.0,136.0,111.0,66.0,65.0,51.0,92.0,78.0,117.0,130.0,51.0,60.0,62.0,43.0,107.0,111.0,115.0,66.0,51.0,83.0,70.0,69.0,112.0,113.0,57.0,56.0,27.0,40.0,0.0,29.0,53.0,63.0,46.0,59.0,71.0,89.0,122.0,105.0,84.0,39.0,73.0,73.0,93.0,140.0,149.0,61.0,50.0,62.0,89.0,110.0,147.0,132.0,56.0,60.0,82.0,89.0,112.0,150.0,145.0,75.0,63.0,82.0,76.0,113.0,154.0,175.0,85.0,59.0,78.0,76.0,109.0,165.0,131.0,89.0,78.0,0.0,80.0,139.0,202.0,181.0,109.0,60.0,87.0,95.0,128.0,172.0,102.0,74.0,73.0,73.0,79.0,116.0,168.0,162.0,88.0,63.0,58.0,87.0,106.0,150.0,156.0,73.0,67.0,98.0,81.0,138.0,145.0,159.0,81.0,84.0,71.0,99.0,122.0,187.0,193.0,93.0,70.0,76.0,113.0,113.0,183.0,206.0,270.0,79.0,88.0,107.0,120.0,206.0,146.0,87.0,79.0,74.0,102.0,133.0,157.0,99.0,98.0,70.0,104.0,130.0,150.0,209.0,337.0,130.0,96.0,114.0,129.0,142.0,150.0,186.0,99.0,103.0,90.0,98.0,118.0,221.0,194.0,175.0,266.0,90.0,112.0,161.0,212.0,192.0,71.0,99.0,93.0,111.0,151.0,233.0,217.0,88.0,91.0,79.0,89.0,133.0,211.0,192.0,99.0,87.0,88.0,104.0,130.0,227.0,229.0,82.0,78.0,79.0,107.0,158.0,237.0,213.0,97.0,70.0,89.0,99.0,121.0,225.0,222.0,86.0,94.0,89.0,110.0,173.0,186.0,209.0,101.0,65.0,74.0,63.0,136.0,148.0,145.0,72.0,72.0,74.0,111.0,137.0,231.0,301.0,231.0,77.0,68.0,80.0,90.0,202.0,150.0,75.0,70.0,77.0,70.0,127.0,148.0,125.0,63.0,60.0,75.0,58.0,100.0,192.0,114.0,81.0,81.0,74.0,63.0,131.0,176.0,125.0,64.0,55.0,74.0,85.0,140.0,131.0,181.0,56.0,68.0,55.0,81.0,136.0,215.0,193.0,65.0,62.0,49.0,83.0,131.0,198.0,134.0,74.0,68.0,76.0,86.0,95.0,213.0,162.0,62.0,66.0,59.0,55.0,110.0,143.0,172.0,63.0,78.0,71.0,63.0,107.0,111.0,157.0,84.0,59.0,65.0,65.0,110.0,78.0,109.0,99.0,87.0,103.0,212.0,201.0,240.0,157.0,73.0,28.0,63.0,74.0,101.0,96.0,85.0,70.0,65.0,75.0,57.0,112.0,103.0,130.0,66.0,65.0,67.0,65.0,102.0,137.0,131.0,63.0,82.0,76.0,93.0,112.0,123.0,179.0,161.0,125.0,112.0,70.0,131.0,126.0,100.0
104.0,82.0,68.0,55.0,59.0,120.0,93.0,91.0,63.0,52.0,51.0,61.0,100.0,115.0,95.0,76.0,59.0,57.0,52.0,84.0,92.0,64.0,57.0,53.0,45.0,61.0,94.0,111.0,138.0,57.0,63.0,62.0,87.0,96.0,108.0,97.0,36.0,57.0,50.0,47.0,92.0,143.0,116.0,43.0,66.0,69.0,67.0,85.0,90.0,108.0,45.0,59.0,55.0,49.0,0.0,45.0,70.0,41.0,54.0,73.0,69.0,63.0,126.0,110.0,63.0,70.0,45.0,64.0,98.0,140.0,114.0,64.0,61.0,67.0,77.0,119.0,83.0,142.0,66.0,49.0,56.0,78.0,141.0,114.0,113.0,59.0,84.0,72.0,80.0,102.0,90.0,172.0,91.0,54.0,56.0,66.0,97.0,117.0,138.0,88.0,84.0,0.0,75.0,125.0,143.0,208.0,66.0,56.0,86.0,95.0,157.0,185.0,70.0,84.0,67.0,68.0,67.0,102.0,135.0,133.0,80.0,78.0,86.0,72.0,116.0,165.0,152.0,79.0,86.0,87.0,105.0,116.0,155.0,180.0,68.0,61.0,88.0,106.0,111.0,196.0,146.0,61.0,73.0,94.0,90.0,149.0,172.0,203.0,256.0,77.0,63.0,82.0,116.0,178.0,149.0,78.0,88.0,73.0,89.0,119.0,175.0,105.0,84.0,76.0,95.0,91.0,129.0,223.0,357.0,110.0,80.0,94.0,105.0,133.0,155.0,139.0,90.0,73.0,96.0,118.0,183.0,196.0,201.0,159.0,324.0,101.0,94.0,160.0,194.0,171.0,83.0,67.0,96.0,98.0,144.0,201.0,143.0,119.0,84.0,87.0,109.0,167.0,186.0,168.0,87.0,76.0,89.0,116.0,112.0,207.0,205.0,90.0,78.0,88.0,104.0,138.0,152.0,227.0,101.0,86.0,94.0,97.0,147.0,215.0,209.0,88.0,82.0,107.0,93.0,189.0,182.0,195.0,76.0,75.0,64.0,92.0,147.0,272.0,167.0,56.0,77.0,76.0,73.0,143.0,279.0,260.0,221.0,63.0,78.0,81.0,100.0,131.0,147.0,54.0,63.0,53.0,80.0,105.0,193.0,110.0,74.0,65.0,86.0,71.0,135.0,141.0,109.0,42.0,62.0,53.0,72.0,119.0,186.0,143.0,77.0,60.0,68.0,61.0,106.0,151.0,179.0,86.0,75.0,71.0,66.0,132.0,234.0,163.0,91.0,53.0,69.0,81.0,109.0,165.0,149.0,44.0,62.0,64.0,77.0,123.0,200.0,150.0,62.0,67.0,62.0,53.0,93.0,121.0,160.0,72.0,44.0,67.0,90.0,95.0,113.0,129.0,59.0,68.0,51.0,51.0,117.0,73.0,92.0,60.0,72.0,105.0,199.0,130.0,220.0,195.0,54.0,61.0,76.0,68.0,78.0,68.0,88.0,55.0,56.0,65.0,85.0,99.0,103.0,101.0,58.0,58.0,58.0,68.0,100.0,116.0,93.0,66.0,69.0,70.0,76.0,91.0,128.0,135.0,153.0,111.0,93.0,103.0,118.0,86.0,83.0
106.0,75.0,47.0,57.0,74.0,108.0,89.0,64.0,54.0,55.0,60.0,65.0,67.0,86.0,80.0,76.0,70.0,56.0,60.0,71.0,113.0,80.0,41.0,50.0,46.0,55.0,88.0,100.0,92.0,62.0,42.0,40.0,67.0,64.0,96.0,102.0,54.0,61.0,72.0,65.0,79.0,120.0,87.0,64.0,65.0,67.0,77.0,85.0,88.0,88.0,52.0,56.0,74.0,95.0,0.0,81.0,52.0,76.0,53.0,49.0,53.0,73.0,106.0,86.0,51.0,57.0,53.0,66.0,74.0,112.0,114.0,70.0,49.0,64.0,87.0,93.0,140.0,134.0,65.0,68.0,65.0,75.0,103.0,125.0,121.0,59.0,48.0,80.0,86.0,103.0,148.0,171.0,78.0,66.0,77.0,72.0,90.0,155.0,123.0,70.0,54.0,0.0,97.0,112.0,143.0,143.0,87.0,54.0,72.0,86.0,107.0,159.0,96.0,93.0,69.0,69.0,80.0,136.0,149.0,132.0,73.0,51.0,76.0,98.0,113.0,145.0,135.0,70.0,44.0,69.0,96.0,114.0,162.0,161.0,77.0,74.0,80.0,125.0,160.0,192.0,168.0,71.0,65.0,71.0,73.0,176.0,136.0,219.0,251.0,79.0,83.0,86.0,113.0,156.0,120.0,78.0,88.0,71.0,94.0,126.0,199.0,106.0,82.0,65.0,80.0,97.0,145.0,245.0,325.0,95.0,90.0,83.0,118.0,155.0,218.0,171.0,71.0,88.0,75.0,82.0,128.0,199.0,203.0,135.0,386.0,114.0,98.0,134.0,214.0,227.0,67.0,75.0,75.0,108.0,140.0,161.0,180.0,74.0,94.0,93.0,104.0,132.0,190.0,156.0,90.0,84.0,86.0,95.0,159.0,170.0,196.0,81.0,95.0,82.0,93.0,136.0,190.0,203.0,78.0,83.0,82.0,108.0,139.0,181.0,172.0,84.0,90.0,79.0,98.0,168.0,177.0,199.0,67.0,81.0,69.0,69.0,110.0,254.0,128.0,59.0,74.0,80.0,85.0,140.0,236.0,276.0,181.0,71.0,79.0,75.0,94.0,173.0,123.0,85.0,73.0,55.0,63.0,126.0,182.0,128.0,69.0,64.0,85.0,74.0,118.0,145.0,81.0,95.0,54.0,62.0,56.0,117.0,142.0,140.0,60.0,50.0,71.0,90.0,84.0,166.0,142.0,64.0,58.0,70.0,108.0,135.0,141.0,149.0,75.0,69.0,57.0,49.0,109.0,151.0,142.0,74.0,78.0,60.0,52.0,135.0,131.0,145.0,66.0,66.0,69.0,63.0,100.0,116.0,147.0,72.0,44.0,66.0,65.0,76.0,142.0,113.0,56.0,51.0,53.0,73.0,97.0,80.0,83.0,67.0,115.0,148.0,208.0,157.0,205.0,187.0,49.0,50.0,45.0,78.0,80.0,113.0,116.0,55.0,61.0,62.0,79.0,50.0,116.0,142.0,63.0,72.0,55.0,62.0,89.0,106.0,99.0,66.0,65.0,71.0,81.0,129.0,122.0,151.0,141.0,116.0,86.0,107.0,116.0,151.0,77.0
119.0,73.0,75.0,53.0,51.0,85.0,69.0,48.0,56.0,57.0,62.0,67.0,87.0,97.0,105.0,104.0,44.0,65.0,63.0,95.0,92.0,105.0,51.0,65.0,56.0,73.0,106.0,86.0,99.0,60.0,46.0,45.0,62.0,86.0,102.0,105.0,54.0,53.0,52.0,65.0,87.0,124.0,94.0,54.0,53.0,67.0,53.0,68.0,122.0,97.0,51.0,53.0,98.0,84.0,0.0,66.0,57.0,55.0,46.0,47.0,64.0,69.0,98.0,90.0,59.0,58.0,54.0,72.0,86.0,90.0,152.0,58.0,58.0,74.0,70.0,98.0,111.0,101.0,62.0,63.0,53.0,75.0,94.0,124.0,145.0,71.0,79.0,70.0,58.0,135.0,180.0,166.0,64.0,56.0,60.0,63.0,96.0,146.0,180.0,80.0,74.0,0.0,82.0,120.0,178.0,153.0,77.0,51.0,89.0,70.0,120.0,121.0,102.0,73.0,58.0,70.0,83.0,100.0,156.0,136.0,76.0,73.0,67.0,62.0,119.0,174.0,129.0,59.0,67.0,85.0,67.0,149.0,152.0,123.0,76.0,52.0,80.0,72.0,133.0,197.0,165.0,88.0,71.0,86.0,95.0,149.0,146.0,160.0,233.0,65.0,74.0,85.0,94.0,154.0,146.0,64.0,65.0,76.0,82.0,130.0,158.0,140.0,85.0,65.0,94.0,110.0,152.0,220.0,363.0,90.0,84.0,81.0,94.0,141.0,171.0,149.0,95.0,68.0,74.0,85.0,170.0,217.0,195.0,145.0,285.0,97.0,90.0,150.0,184.0,278.0,66.0,64.0,69.0,103.0,132.0,223.0,162.0,96.0,61.0,77.0,77.0,122.0,224.0,173.0,71.0,85.0,82.0,91.0,115.0,151.0,207.0,86.0,70.0,63.0,87.0,134.0,137.0,160.0,82.0,73.0,73.0,95.0,106.0,155.0,197.0,99.0,70.0,75.0,100.0,111.0,192.0,132.0,71.0,72.0,68.0,80.0,139.0,213.0,162.0,58.0,59.0,54.0,75.0,126.0,264.0,273.0,168.0,65.0,75.0,67.0,60.0,153.0,129.0,75.0,60.0,66.0,80.0,97.0,172.0,99.0,67.0,52.0,81.0,60.0,108.0,135.0,64.0,76.0,54.0,60.0,75.0,133.0,144.0,99.0,53.0,66.0,69.0,84.0,112.0,148.0,193.0,82.0,51.0,69.0,80.0,109.0,174.0,143.0,69.0,71.0,74.0,57.0,100.0,141.0,134.0,52.0,46.0,47.0,62.0,110.0,204.0,120.0,53.0,68.0,56.0,77.0,71.0,128.0,139.0,64.0,62.0,60.0,69.0,112.0,107.0,70.0,62.0,42.0,62.0,54.0,113.0,84.0,97.0,58.0,73.0,127.0,183.0,109.0,203.0,207.0,66.0,48.0,55.0,64.0,74.0,115.0,84.0,48.0,67.0,57.0,60.0,62.0,113.0,105.0,57.0,52.0,68.0,66.0,65.0,125.0,91.0,65.0,65.0,64.0,87.0,129.0,148.0,123.0,122.0,132.0,96.0,71.0,120.0,131.0,88.0
105.0,71.0,69.0,55.0,67.0,88.0,78.0,73.0,48.0,48.0,68.0,55.0,87.0,85.0,89.0,105.0,51.0,44.0,42.0,63.0,102.0,43.0,45.0,42.0,52.0,66.0,81.0,79.0,86.0,58.0,45.0,38.0,46.0,91.0,91.0,91.0,43.0,54.0,45.0,58.0,97.0,79.0,104.0,52.0,54.0,52.0,65.0,78.0,91.0,89.0,46.0,51.0,82.0,37.0,0.0,64.0,39.0,57.0,40.0,58.0,62.0,81.0,116.0,93.0,48.0,52.0,56.0,58.0,88.0,122.0,127.0,61.0,49.0,55.0,81.0,106.0,118.0,137.0,70.0,38.0,58.0,68.0,68.0,125.0,105.0,57.0,53.0,55.0,51.0,76.0,120.0,153.0,69.0,65.0,64.0,55.0,87.0,123.0,168.0,60.0,34.0,0.0,78.0,106.0,137.0,196.0,77.0,64.0,63.0,62.0,120.0,135.0,100.0,62.0,34.0,57.0,54.0,102.0,148.0,122.0,58.0,50.0,61.0,83.0,119.0,186.0,107.0,64.0,68.0,60.0,78.0,103.0,162.0,160.0,56.0,67.0,58.0,77.0,113.0,170.0,150.0,61.0,62.0,83.0,82.0,148.0,141.0,197.0,248.0,65.0,80.0,58.0,111.0,179.0,121.0,50.0,58.0,65.0,87.0,112.0,184.0,108.0,90.0,68.0,80.0,98.0,167.0,149.0,290.0,100.0,72.0,94.0,73.0,136.0,179.0,164.0,88.0,79.0,79.0,83.0,134.0,142.0,179.0,146.0,219.0,98.0,98.0,111.0,196.0,254.0,81.0,75.0,74.0,84.0,139.0,205.0,140.0,67.0,67.0,99.0,85.0,107.0,180.0,99.0,70.0,57.0,66.0,71.0,146.0,178.0,214.0,70.0,79.0,84.0,68.0,117.0,202.0,185.0,95.0,69.0,67.0,80.0,117.0,141.0,159.0,75.0,71.0,91.0,88.0,130.0,128.0,111.0,73.0,37.0,75.0,59.0,114.0,184.0,140.0,51.0,60.0,58.0,77.0,84.0,278.0,297.0,220.0,79.0,55.0,73.0,118.0,163.0,109.0,72.0,66.0,81.0,67.0,94.0,135.0,140.0,53.0,75.0,56.0,87.0,93.0,161.0,99.0,44.0,62.0,61.0,56.0,108.0,141.0,142.0,79.0,51.0,64.0,93.0,98.0,143.0,124.0,64.0,58.0,55.0,66.0,103.0,170.0,124.0,67.0,59.0,72.0,59.0,91.0,164.0,111.0,57.0,44.0,62.0,69.0,127.0,170.0,147.0,70.0,53.0,56.0,74.0,112.0,127.0,125.0,63.0,44.0,55.0,73.0,88.0,120.0,128.0,65.0,50.0,67.0,62.0,92.0,72.0,103.0,60.0,111.0,124.0,243.0,106.0,222.0,140.0,51.0,49.0,33.0,51.0,88.0,100.0,75.0,52.0,58.0,66.0,74.0,54.0,124.0,74.0,41.0,58.0,59.0,68.0,96.0,109.0,76.0,63.0,64.0,68.0,68.0,105.0,119.0,116.0,166.0,119.0,83.0,98.0,110.0,137.0,80.0
99.0,52.0,48.0,50.0,47.0,74.0,83.0,73.0,50.0,25.0,57.0,54.0,74.0,65.0,83.0,61.0,44.0,44.0,40.0,71.0,77.0,72.0,43.0,48.0,42.0,41.0,87.0,83.0,86.0,55.0,53.0,44.0,70.0,64.0,99.0,89.0,27.0,58.0,63.0,46.0,88.0,132.0,111.0,51.0,45.0,48.0,68.0,64.0,86.0,90.0,41.0,51.0,86.0,58.0,0.0,54.0,58.0,37.0,39.0,40.0,47.0,73.0,86.0,108.0,57.0,37.0,52.0,60.0,73.0,106.0,126.0,68.0,49.0,61.0,56.0,103.0,106.0,137.0,47.0,45.0,51.0,72.0,70.0,148.0,71.0,74.0,42.0,67.0,70.0,88.0,125.0,187.0,58.0,53.0,56.0,85.0,76.0,141.0,132.0,44.0,63.0,0.0,70.0,121.0,143.0,130.0,80.0,45.0,58.0,70.0,127.0,153.0,120.0,58.0,55.0,58.0,59.0,106.0,150.0,158.0,73.0,61.0,56.0,59.0,89.0,136.0,103.0,53.0,55.0,70.0,64.0,111.0,121.0,146.0,68.0,66.0,65.0,71.0,78.0,141.0,105.0,84.0,62.0,65.0,82.0,148.0,140.0,190.0,183.0,78.0,73.0,67.0,85.0,155.0,105.0,50.0,63.0,68.0,69.0,122.0,148.0,113.0,97.0,58.0,80.0,97.0,130.0,225.0,289.0,89.0,61.0,66.0,93.0,140.0,175.0,162.0,98.0,71.0,89.0,86.0,119.0,191.0,179.0,125.0,232.0,82.0,90.0,136.0,147.0,180.0,90.0,66.0,65.0,80.0,98.0,164.0,138.0,82.0,67.0,79.0,97.0,98.0,191.0,102.0,73.0,75.0,76.0,61.0,132.0,136.0,159.0,97.0,96.0,66.0,64.0,125.0,155.0,152.0,70.0,80.0,64.0,58.0,120.0,145.0,149.0,72.0,76.0,66.0,79.0,109.0,112.0,181.0,45.0,67.0,61.0,70.0,121.0,196.0,115.0,47.0,61.0,56.0,66.0,125.0,204.0,287.0,187.0,76.0,43.0,61.0,120.0,134.0,114.0,39.0,40.0,56.0,51.0,102.0,136.0,112.0,46.0,52.0,55.0,46.0,83.0,127.0,76.0,49.0,54.0,52.0,64.0,105.0,119.0,97.0,48.0,45.0,51.0,66.0,99.0,138.0,146.0,80.0,43.0,41.0,51.0,117.0,157.0,105.0,53.0,48.0,42.0,51.0,85.0,158.0,149.0,57.0,55.0,54.0,54.0,77.0,162.0,98.0,50.0,41.0,37.0,49.0,85.0,102.0,124.0,59.0,51.0,61.0,77.0,83.0,103.0,94.0,64.0,40.0,60.0,55.0,118.0,66.0,106.0,53.0,80.0,96.0,206.0,125.0,200.0,158.0,40.0,42.0,54.0,48.0,75.0,82.0,88.0,46.0,52.0,46.0,39.0,57.0,102.0,84.0,69.0,48.0,54.0,67.0,74.0,125.0,87.0,44.0,57.0,51.0,78.0,105.0,135.0,123.0,126.0,99.0,82.0,71.0,93.0,100.0,77.0
97.0,53.0,50.0,54.0,63.0,74.0,48.0,50.0,48.0,49.0,38.0,45.0,89.0,75.0,77.0,58.0,51.0,41.0,47.0,76.0,73.0,80.0,47.0,49.0,71.0,61.0,73.0,73.0,74.0,47.0,38.0,44.0,56.0,66.0,91.0,97.0,52.0,51.0,30.0,49.0,101.0,111.0,83.0,48.0,46.0,36.0,85.0,76.0,84.0,81.0,48.0,46.0,55.0,50.0,0.0,82.0,35.0,52.0,43.0,41.0,55.0,72.0,80.0,91.0,48.0,45.0,38.0,56.0,73.0,81.0,101.0,53.0,48.0,59.0,63.0,94.0,127.0,81.0,65.0,48.0,48.0,62.0,66.0,113.0,185.0,66.0,51.0,62.0,45.0,88.0,114.0,182.0,45.0,53.0,50.0,70.0,87.0,133.0,133.0,96.0,51.0,0.0,74.0,94.0,125.0,134.0,46.0,50.0,45.0,53.0,120.0,144.0,108.0,54.0,37.0,54.0,72.0,68.0,120.0,115.0,55.0,67.0,58.0,65.0,87.0,97.0,108.0,35.0,58.0,57.0,55.0,135.0,137.0,96.0,52.0,59.0,53.0,83.0,98.0,136.0,113.0,61.0,46.0,64.0,79.0,150.0,122.0,215.0,191.0,73.0,54.0,73.0,131.0,158.0,118.0,63.0,68.0,53.0,66.0,103.0,111.0,133.0,73.0,70.0,59.0,73.0,152.0,202.0,321.0,77.0,86.0,78.0,74.0,99.0,163.0,111.0,78.0,52.0,59.0,81.0,147.0,148.0,160.0,122.0,202.0,93.0,63.0,114.0,121.0,125.0,70.0,72.0,65.0,80.0,131.0,136.0,158.0,68.0,54.0,77.0,63.0,105.0,174.0,80.0,75.0,62.0,69.0,80.0,86.0,171.0,163.0,62.0,68.0,68.0,74.0,125.0,175.0,167.0,80.0,82.0,65.0,85.0,118.0,115.0,193.0,79.0,62.0,77.0,66.0,156.0,166.0,181.0,65.0,71.0,58.0,73.0,111.0,163.0,104.0,40.0,63.0,65.0,71.0,120.0,220.0,218.0,187.0,73.0,57.0,69.0,31.0,153.0,112.0,55.0,62.0,41.0,74.0,95.0,130.0,114.0,74.0,74.0,71.0,56.0,72.0,133.0,111.0,40.0,58.0,62.0,59.0,85.0,122.0,99.0,85.0,52.0,60.0,48.0,92.0,100.0,137.0,44.0,47.0,49.0,48.0,105.0,118.0,107.0,51.0,52.0,57.0,51.0,83.0,139.0,109.0,46.0,29.0,41.0,49.0,99.0,169.0,140.0,58.0,48.0,58.0,43.0,78.0,114.0,120.0,49.0,41.0,40.0,59.0,61.0,101.0,116.0,52.0,49.0,44.0,36.0,100.0,77.0,86.0,54.0,79.0,109.0,177.0,114.0,209.0,199.0,58.0,40.0,41.0,44.0,70.0,83.0,55.0,48.0,43.0,44.0,69.0,25.0,92.0,73.0,51.0,47.0,52.0,52.0,89.0,97.0,85.0,66.0,55.0,67.0,60.0,125.0,96.0,128.0,114.0,87.0,88.0,81.0,80.0,99.0,90.0
93.0,56.0,37.0,34.0,54.0,79.0,49.0,91.0,29.0,53.0,46.0,45.0,59.0,85.0,70.0,67.0,38.0,40.0,38.0,68.0,82.0,52.0,41.0,30.0,34.0,49.0,75.0,73.0,69.0,31.0,45.0,29.0,39.0,59.0,84.0,67.0,32.0,35.0,55.0,45.0,85.0,87.0,98.0,43.0,74.0,29.0,62.0,75.0,96.0,69.0,37.0,41.0,56.0,46.0,0.0,85.0,34.0,44.0,36.0,53.0,43.0,69.0,69.0,88.0,29.0,44.0,43.0,56.0,73.0,92.0,129.0,35.0,45.0,52.0,57.0,82.0,118.0,129.0,62.0,41.0,54.0,65.0,70.0,105.0,95.0,63.0,48.0,49.0,34.0,87.0,100.0,158.0,60.0,53.0,45.0,43.0,97.0,97.0,115.0,56.0,47.0,0.0,62.0,104.0,105.0,149.0,47.0,45.0,63.0,69.0,129.0,153.0,110.0,63.0,45.0,48.0,54.0,73.0,147.0,99.0,52.0,46.0,57.0,63.0,87.0,144.0,142.0,62.0,49.0,55.0,68.0,85.0,131.0,137.0,47.0,42.0,54.0,60.0,113.0,155.0,141.0,54.0,51.0,53.0,76.0,124.0,173.0,130.0,201.0,65.0,73.0,74.0,113.0,124.0,95.0,47.0,53.0,60.0,50.0,87.0,160.0,110.0,70.0,39.0,59.0,64.0,142.0,193.0,360.0,97.0,61.0,61.0,77.0,114.0,144.0,130.0,69.0,72.0,79.0,75.0,117.0,131.0,166.0,127.0,179.0,94.0,95.0,121.0,165.0,111.0,63.0,98.0,87.0,70.0,111.0,125.0,136.0,56.0,69.0,66.0,79.0,97.0,173.0,126.0,60.0,67.0,67.0,81.0,65.0,169.0,153.0,82.0,66.0,81.0,76.0,91.0,146.0,173.0,54.0,55.0,88.0,80.0,100.0,130.0,146.0,80.0,84.0,59.0,64.0,111.0,155.0,140.0,57.0,57.0,49.0,60.0,111.0,186.0,110.0,77.0,59.0,51.0,66.0,132.0,263.0,296.0,235.0,75.0,69.0,56.0,10.0,141.0,90.0,47.0,64.0,66.0,57.0,115.0,155.0,116.0,67.0,44.0,49.0,63.0,88.0,156.0,56.0,61.0,47.0,40.0,50.0,84.0,94.0,91.0,49.0,58.0,58.0,43.0,103.0,135.0,112.0,73.0,58.0,51.0,67.0,106.0,181.0,132.0,63.0,61.0,38.0,63.0,79.0,135.0,92.0,49.0,40.0,56.0,49.0,91.0,126.0,109.0,55.0,65.0,49.0,32.0,73.0,84.0,110.0,62.0,35.0,43.0,63.0,86.0,101.0,77.0,50.0,44.0,62.0,47.0,65.0,54.0,76.0,67.0,95.0,97.0,185.0,109.0,181.0,182.0,46.0,52.0,35.0,64.0,83.0,79.0,75.0,40.0,55.0,36.0,37.0,46.0,99.0,94.0,55.0,49.0,55.0,54.0,62.0,117.0,82.0,70.0,40.0,51.0,74.0,103.0,109.0,118.0,115.0,109.0,80.0,55.0,71.0,131.0,83.0
100.0,59.0,67.0,44.0,45.0,89.0,78.0,80.0,42.0,53.0,41.0,31.0,62.0,86.0,73.0,66.0,38.0,31.0,54.0,47.0,98.0,73.0,44.0,47.0,43.0,47.0,80.0,90.0,89.0,47.0,51.0,45.0,46.0,62.0,63.0,62.0,45.0,51.0,52.0,45.0,65.0,93.0,66.0,53.0,36.0,44.0,41.0,50.0,90.0,71.0,48.0,49.0,64.0,38.0,0.0,80.0,35.0,50.0,41.0,54.0,61.0,59.0,86.0,68.0,42.0,35.0,52.0,57.0,66.0,78.0,95.0,45.0,54.0,59.0,61.0,76.0,112.0,69.0,61.0,36.0,53.0,70.0,81.0,94.0,124.0,56.0,48.0,50.0,39.0,91.0,92.0,117.0,66.0,52.0,54.0,47.0,78.0,120.0,123.0,72.0,63.0,0.0,52.0,90.0,113.0,141.0,90.0,59.0,59.0,67.0,66.0,109.0,101.0,55.0,54.0,50.0,72.0,99.0,134.0,114.0,60.0,42.0,54.0,53.0,82.0,125.0,124.0,60.0,50.0,49.0,43.0,105.0,146.0,114.0,68.0,38.0,45.0,75.0,98.0,162.0,135.0,65.0,61.0,65.0,78.0,132.0,156.0,206.0,141.0,55.0,58.0,68.0,99.0,115.0,106.0,67.0,68.0,33.0,86.0,110.0,148.0,97.0,71.0,63.0,70.0,87.0,113.0,151.0,246.0,93.0,67.0,57.0,64.0,134.0,147.0,134.0,86.0,50.0,67.0,87.0,125.0,155.0,162.0,143.0,196.0,67.0,79.0,103.0,144.0,116.0,65.0,59.0,62.0,70.0,139.0,157.0,71.0,69.0,65.0,63.0,64.0,96.0,211.0,122.0,76.0,73.0,69.0,84.0,113.0,149.0,173.0,87.0,58.0,65.0,70.0,82.0,156.0,141.0,93.0,62.0,48.0,88.0,94.0,167.0,168.0,80.0,63.0,64.0,72.0,118.0,161.0,151.0,62.0,76.0,64.0,48.0,106.0,167.0,85.0,60.0,57.0,66.0,67.0,105.0,215.0,261.0,164.0,61.0,59.0,59.0,106.0,139.0,95.0,58.0,67.0,64.0,59.0,89.0,131.0,113.0,59.0,64.0,34.0,55.0,79.0,150.0,89.0,69.0,75.0,48.0,73.0,40.0,127.0,129.0,56.0,58.0,52.0,68.0,81.0,99.0,125.0,64.0,62.0,51.0,66.0,92.0,140.0,120.0,65.0,38.0,52.0,64.0,81.0,128.0,106.0,35.0,36.0,53.0,65.0,103.0,160.0,104.0,60.0,55.0,45.0,55.0,84.0,63.0,114.0,58.0,26.0,57.0,65.0,55.0,123.0,96.0,49.0,57.0,45.0,59.0,71.0,64.0,92.0,52.0,60.0,99.0,172.0,112.0,154.0,150.0,60.0,38.0,44.0,49.0,73.0,71.0,68.0,44.0,48.0,36.0,68.0,47.0,74.0,92.0,67.0,53.0,45.0,57.0,63.0,94.0,78.0,55.0,47.0,76.0,75.0,86.0,82.0,117.0,122.0,109.0,77.0,92.0,129.0,79.0,62.0
78.0,65.0,45.0,61.0,44.0,69.0,60.0,72.0,38.0,39.0,45.0,54.0,72.0,82.0,78.0,50.0,45.0,44.0,38.0,55.0,76.0,46.0,39.0,42.0,50.0,45.0,52.0,69.0,70.0,38.0,46.0,57.0,46.0,52.0,75.0,67.0,49.0,41.0,41.0,51.0,80.0,82.0,93.0,32.0,37.0,34.0,69.0,69.0,83.0,70.0,38.0,42.0,72.0,3.0,0.0,32.0,44.0,37.0,44.0,49.0,47.0,56.0,80.0,103.0,45.0,31.0,55.0,71.0,69.0,81.0,76.0,42.0,60.0,50.0,57.0,78.0,98.0,113.0,59.0,61.0,56.0,66.0,99.0,97.0,90.0,43.0,47.0,51.0,52.0,97.0,89.0,115.0,55.0,53.0,50.0,56.0,96.0,121.0,113.0,50.0,63.0,0.0,52.0,123.0,129.0,120.0,66.0,55.0,40.0,87.0,90.0,124.0,138.0,51.0,72.0,47.0,57.0,86.0,106.0,131.0,42.0,53.0,52.0,50.0,115.0,137.0,75.0,59.0,47.0,70.0,65.0,93.0,147.0,122.0,46.0,57.0,48.0,78.0,106.0,158.0,117.0,51.0,65.0,68.0,63.0,128.0,160.0,162.0,142.0,64.0,65.0,60.0,92.0,147.0,105.0,65.0,61.0,53.0,70.0,116.0,138.0,84.0,67.0,55.0,65.0,86.0,105.0,184.0,209.0,102.0,62.0,83.0,79.0,115.0,154.0,112.0,69.0,72.0,76.0,116.0,134.0,168.0,113.0,109.0,221.0,87.0,91.0,96.0,115.0,123.0,82.0,90.0,74.0,77.0,108.0,169.0,143.0,71.0,66.0,91.0,87.0,88.0,181.0,136.0,66.0,59.0,54.0,88.0,93.0,174.0,168.0,68.0,68.0,61.0,62.0,123.0,126.0,112.0,79.0,58.0,69.0,73.0,132.0,148.0,155.0,75.0,78.0,71.0,88.0,125.0,140.0,141.0,60.0,65.0,77.0,77.0,107.0,163.0,122.0,74.0,79.0,43.0,66.0,99.0,208.0,311.0,209.0,69.0,51.0,56.0,88.0,117.0,92.0,51.0,44.0,54.0,50.0,74.0,103.0,120.0,62.0,41.0,57.0,58.0,108.0,123.0,50.0,71.0,50.0,46.0,56.0,94.0,147.0,90.0,50.0,57.0,54.0,58.0,105.0,120.0,104.0,53.0,44.0,57.0,64.0,92.0,108.0,93.0,40.0,52.0,43.0,56.0,87.0,119.0,116.0,59.0,52.0,47.0,47.0,102.0,130.0,107.0,53.0,62.0,39.0,57.0,70.0,97.0,107.0,53.0,44.0,70.0,54.0,86.0,93.0,101.0,50.0,28.0,45.0,41.0,64.0,51.0,82.0,63.0,95.0,91.0,165.0,98.0,188.0,185.0,55.0,39.0,61.0,69.0,62.0,55.0,79.0,61.0,56.0,45.0,65.0,62.0,81.0,94.0,40.0,39.0,58.0,51.0,84.0,114.0,88.0,33.0,65.0,57.0,69.0,87.0,122.0,155.0,96.0,102.0,59.0,92.0,81.0,91.0,56.0
77.0,50.0,43.0,42.0,39.0,48.0,74.0,43.0,48.0,33.0,31.0,39.0,71.0,71.0,70.0,63.0,35.0,37.0,41.0,56.0,62.0,60.0,35.0,31.0,33.0,59.0,76.0,63.0,79.0,44.0,37.0,33.0,40.0,56.0,74.0,69.0,39.0,52.0,32.0,29.0,57.0,68.0,67.0,32.0,44.0,30.0,49.0,57.0,67.0,70.0,35.0,43.0,75.0,61.0,0.0,55.0,31.0,47.0,43.0,39.0,41.0,43.0,60.0,73.0,31.0,42.0,39.0,58.0,62.0,81.0,87.0,61.0,50.0,47.0,59.0,67.0,91.0,99.0,40.0,57.0,44.0,52.0,61.0,89.0,108.0,53.0,38.0,49.0,45.0,92.0,107.0,123.0,58.0,58.0,52.0,67.0,76.0,103.0,94.0,59.0,50.0,0.0,66.0,69.0,131.0,128.0,83.0,46.0,49.0,57.0,55.0,121.0,115.0,60.0,39.0,54.0,43.0,82.0,108.0,114.0,39.0,48.0,71.0,52.0,94.0,134.0,110.0,41.0,50.0,56.0,37.0,94.0,120.0,117.0,52.0,54.0,54.0,68.0,102.0,145.0,95.0,67.0,61.0,64.0,81.0,107.0,145.0,148.0,134.0,63.0,50.0,62.0,101.0,115.0,99.0,60.0,43.0,64.0,72.0,88.0,133.0,104.0,71.0,69.0,65.0,72.0,139.0,157.0,194.0,54.0,76.0,63.0,74.0,117.0,137.0,129.0,66.0,74.0,74.0,63.0,134.0,154.0,128.0,101.0,143.0,76.0,66.0,95.0,127.0,130.0,56.0,69.0,57.0,56.0,83.0,121.0,113.0,58.0,64.0,64.0,59.0,82.0,173.0,122.0,52.0,65.0,71.0,64.0,76.0,118.0,177.0,83.0,74.0,51.0,54.0,110.0,129.0,112.0,61.0,52.0,82.0,73.0,86.0,137.0,134.0,65.0,51.0,64.0,75.0,101.0,142.0,145.0,51.0,58.0,59.0,68.0,105.0,150.0,106.0,61.0,45.0,60.0,56.0,115.0,180.0,247.0,147.0,59.0,60.0,62.0,44.0,139.0,89.0,50.0,53.0,52.0,56.0,93.0,165.0,96.0,52.0,47.0,37.0,43.0,57.0,105.0,72.0,49.0,30.0,64.0,49.0,110.0,128.0,91.0,47.0,49.0,55.0,69.0,83.0,100.0,119.0,39.0,31.0,50.0,48.0,104.0,107.0,119.0,64.0,41.0,74.0,55.0,108.0,102.0,99.0,53.0,52.0,38.0,54.0,69.0,132.0,96.0,48.0,48.0,45.0,75.0,51.0,110.0,108.0,48.0,37.0,54.0,52.0,67.0,81.0,82.0,47.0,35.0,39.0,46.0,70.0,54.0,82.0,65.0,69.0,72.0,176.0,128.0,154.0,173.0,44.0,35.0,52.0,56.0,83.0,75.0,78.0,58.0,41.0,36.0,42.0,44.0,103.0,52.0,49.0,47.0,29.0,40.0,91.0,74.0,64.0,38.0,53.0,59.0,72.0,79.0,108.0,118.0,131.0,87.0,86.0,86.0,83.0,72.0,67.0
71.0,56.0,57.0,41.0,51.0,67.0,45.0,46.0,35.0,20.0,46.0,60.0,60.0,70.0,89.0,71.0,38.0,22.0,54.0,56.0,55.0,74.0,51.0,36.0,38.0,43.0,63.0,76.0,48.0,44.0,33.0,41.0,34.0,54.0,62.0,81.0,35.0,18.0,30.0,47.0,71.0,72.0,82.0,40.0,36.0,23.0,37.0,45.0,60.0,79.0,40.0,32.0,71.0,41.0,0.0,49.0,30.0,36.0,49.0,34.0,40.0,63.0,69.0,73.0,61.0,44.0,45.0,38.0,52.0,83.0,100.0,35.0,36.0,41.0,50.0,72.0,87.0,120.0,51.0,54.0,46.0,53.0,70.0,124.0,88.0,62.0,43.0,55.0,52.0,79.0,123.0,65.0,38.0,47.0,51.0,43.0,81.0,105.0,109.0,53.0,54.0,0.0,60.0,90.0,115.0,95.0,87.0,33.0,53.0,65.0,90.0,118.0,88.0,40.0,52.0,35.0,46.0,69.0,136.0,98.0,51.0,63.0,56.0,58.0,66.0,109.0,69.0,47.0,36.0,40.0,47.0,65.0,117.0,108.0,39.0,45.0,52.0,55.0,91.0,116.0,116.0,47.0,45.0,47.0,59.0,122.0,103.0,179.0,166.0,45.0,61.0,59.0,107.0,100.0,104.0,74.0,59.0,65.0,42.0,86.0,141.0,82.0,62.0,52.0,60.0,68.0,129.0,176.0,178.0,68.0,73.0,74.0,77.0,116.0,130.0,120.0,70.0,63.0,47.0,58.0,101.0,144.0,124.0,118.0,165.0,79.0,80.0,90.0,110.0,117.0,63.0,72.0,68.0,62.0,87.0,142.0,131.0,67.0,52.0,59.0,62.0,112.0,132.0,150.0,69.0,69.0,55.0,91.0,103.0,132.0,123.0,74.0,60.0,49.0,79.0,87.0,139.0,136.0,63.0,51.0,49.0,87.0,93.0,118.0,151.0,61.0,50.0,56.0,63.0,96.0,113.0,136.0,66.0,65.0,50.0,70.0,74.0,138.0,93.0,62.0,54.0,62.0,53.0,100.0,156.0,229.0,157.0,85.0,52.0,41.0,68.0,111.0,79.0,53.0,41.0,53.0,57.0,58.0,116.0,108.0,56.0,69.0,64.0,56.0,71.0,112.0,50.0,60.0,51.0,28.0,40.0,80.0,102.0,103.0,46.0,49.0,54.0,59.0,70.0,111.0,119.0,55.0,52.0,41.0,58.0,83.0,121.0,96.0,60.0,33.0,65.0,42.0,78.0,117.0,102.0,38.0,36.0,32.0,51.0,68.0,95.0,72.0,56.0,40.0,45.0,44.0,58.0,70.0,99.0,55.0,44.0,31.0,57.0,48.0,94.0,123.0,41.0,51.0,56.0,68.0,71.0,38.0,90.0,34.0,52.0,75.0,157.0,88.0,155.0,130.0,63.0,45.0,60.0,56.0,46.0,76.0,59.0,47.0,50.0,57.0,60.0,42.0,114.0,60.0,49.0,47.0,54.0,53.0,70.0,65.0,85.0,56.0,58.0,56.0,65.0,95.0,81.0,86.0,97.0,86.0,73.0,54.0,17.0,95.0,51.0
84.0,40.0,38.0,39.0,45.0,65.0,53.0,73.0,38.0,55.0,27.0,30.0,63.0,60.0,60.0,75.0,26.0,26.0,30.0,40.0,63.0,40.0,28.0,33.0,31.0,29.0,50.0,64.0,103.0,38.0,33.0,42.0,37.0,61.0,50.0,33.0,43.0,35.0,36.0,36.0,77.0,59.0,72.0,54.0,44.0,23.0,16.0,38.0,67.0,65.0,42.0,38.0,49.0,26.0,0.0,30.0,57.0,36.0,38.0,36.0,51.0,55.0,57.0,46.0,33.0,29.0,48.0,47.0,65.0,56.0,90.0,48.0,54.0,38.0,60.0,67.0,61.0,60.0,48.0,25.0,42.0,45.0,74.0,83.0,60.0,54.0,37.0,50.0,31.0,73.0,87.0,125.0,45.0,42.0,30.0,47.0,58.0,122.0,88.0,42.0,42.0,0.0,60.0,96.0,143.0,109.0,51.0,49.0,51.0,55.0,78.0,109.0,72.0,53.0,31.0,38.0,61.0,75.0,95.0,121.0,40.0,50.0,47.0,63.0,68.0,106.0,83.0,46.0,53.0,51.0,56.0,85.0,85.0,90.0,47.0,58.0,37.0,80.0,79.0,116.0,82.0,62.0,40.0,62.0,71.0,116.0,129.0,134.0,162.0,61.0,62.0,64.0,91.0,134.0,93.0,45.0,56.0,37.0,62.0,94.0,101.0,88.0,47.0,43.0,61.0,70.0,102.0,150.0,210.0,73.0,65.0,45.0,59.0,94.0,120.0,119.0,70.0,60.0,57.0,82.0,73.0,135.0,126.0,96.0,163.0,49.0,47.0,98.0,114.0,83.0,50.0,43.0,59.0,76.0,108.0,131.0,81.0,64.0,64.0,41.0,72.0,81.0,119.0,123.0,47.0,66.0,63.0,62.0,89.0,160.0,145.0,36.0,54.0,61.0,68.0,78.0,128.0,146.0,70.0,55.0,47.0,55.0,86.0,139.0,106.0,57.0,64.0,73.0,72.0,87.0,103.0,131.0,55.0,36.0,49.0,49.0,90.0,133.0,80.0,56.0,49.0,48.0,68.0,105.0,161.0,153.0,161.0,58.0,37.0,53.0,44.0,108.0,89.0,59.0,43.0,47.0,60.0,94.0,93.0,98.0,42.0,43.0,42.0,62.0,72.0,91.0,77.0,43.0,49.0,38.0,52.0,71.0,98.0,95.0,43.0,46.0,41.0,33.0,72.0,92.0,112.0,34.0,38.0,53.0,50.0,97.0,121.0,90.0,55.0,60.0,39.0,54.0,76.0,94.0,102.0,33.0,39.0,46.0,70.0,92.0,113.0,100.0,42.0,47.0,51.0,51.0,67.0,63.0,99.0,40.0,30.0,29.0,31.0,61.0,85.0,76.0,46.0,46.0,38.0,33.0,54.0,53.0,68.0,61.0,63.0,113.0,170.0,78.0,145.0,165.0,52.0,40.0,46.0,36.0,80.0,88.0,58.0,37.0,39.0,33.0,45.0,44.0,77.0,74.0,44.0,51.0,56.0,43.0,87.0,102.0,76.0,62.0,59.0,47.0,69.0,63.0,93.0,94.0,87.0,91.0,52.0,69.0,14.0,91.0,62.0
67.0,50.0,40.0,44.0,54.0,47.0,65.0,47.0,31.0,52.0,35.0,32.0,58.0,60.0,64.0,45.0,31.0,20.0,38.0,38.0,47.0,46.0,27.0,34.0,26.0,34.0,57.0,67.0,53.0,38.0,29.0,22.0,40.0,45.0,62.0,51.0,17.0,31.0,42.0,43.0,57.0,64.0,64.0,37.0,36.0,21.0,0.0,38.0,68.0,54.0,26.0,34.0,54.0,34.0,0.0,43.0,60.0,42.0,28.0,38.0,51.0,62.0,61.0,58.0,36.0,31.0,16.0,41.0,52.0,72.0,95.0,35.0,45.0,43.0,44.0,50.0,92.0,93.0,43.0,26.0,34.0,54.0,71.0,68.0,86.0,34.0,45.0,43.0,33.0,67.0,70.0,131.0,40.0,38.0,55.0,49.0,74.0,106.0,81.0,49.0,48.0,0.0,44.0,69.0,109.0,92.0,45.0,47.0,45.0,44.0,91.0,96.0,94.0,53.0,56.0,31.0,56.0,78.0,121.0,91.0,47.0,47.0,52.0,45.0,67.0,104.0,98.0,54.0,54.0,39.0,54.0,60.0,78.0,90.0,43.0,47.0,42.0,57.0,96.0,93.0,126.0,58.0,52.0,54.0,56.0,124.0,110.0,144.0,146.0,49.0,43.0,51.0,83.0,81.0,106.0,51.0,48.0,49.0,60.0,80.0,117.0,75.0,62.0,57.0,61.0,76.0,106.0,129.0,133.0,54.0,54.0,67.0,57.0,93.0,142.0,129.0,51.0,55.0,53.0,69.0,87.0,125.0,88.0,104.0,123.0,67.0,63.0,75.0,118.0,125.0,55.0,57.0,50.0,62.0,118.0,143.0,108.0,73.0,37.0,48.0,55.0,86.0,142.0,123.0,66.0,53.0,65.0,66.0,92.0,119.0,105.0,57.0,43.0,48.0,68.0,99.0,123.0,94.0,60.0,73.0,48.0,67.0,86.0,110.0,139.0,57.0,57.0,71.0,65.0,104.0,124.0,148.0,45.0,51.0,43.0,53.0,74.0,122.0,65.0,57.0,53.0,53.0,71.0,109.0,129.0,129.0,128.0,55.0,58.0,53.0,49.0,91.0,78.0,52.0,47.0,52.0,49.0,75.0,131.0,110.0,53.0,49.0,34.0,40.0,68.0,81.0,51.0,42.0,33.0,43.0,39.0,76.0,75.0,68.0,50.0,39.0,47.0,41.0,76.0,94.0,119.0,38.0,42.0,47.0,63.0,62.0,100.0,96.0,39.0,40.0,39.0,31.0,48.0,94.0,84.0,35.0,35.0,35.0,34.0,64.0,91.0,79.0,48.0,45.0,38.0,36.0,68.0,85.0,95.0,40.0,28.0,29.0,63.0,50.0,64.0,94.0,58.0,51.0,29.0,44.0,63.0,51.0,85.0,44.0,50.0,88.0,123.0,66.0,140.0,131.0,37.0,47.0,43.0,43.0,54.0,64.0,67.0,50.0,45.0,42.0,54.0,37.0,96.0,78.0,39.0,43.0,48.0,49.0,55.0,60.0,78.0,35.0,42.0,55.0,50.0,69.0,89.0,100.0,110.0,67.0,80.0,60.0,11.0,99.0,49.0
65.0,46.0,37.0,43.0,45.0,56.0,49.0,74.0,34.0,40.0,34.0,37.0,43.0,55.0,77.0,68.0,36.0,35.0,32.0,43.0,53.0,84.0,40.0,40.0,35.0,43.0,51.0,55.0,85.0,45.0,38.0,22.0,30.0,43.0,53.0,56.0,35.0,31.0,27.0,33.0,44.0,69.0,65.0,41.0,37.0,22.0,0.0,46.0,61.0,67.0,39.0,37.0,47.0,18.0,0.0,40.0,57.0,31.0,37.0,36.0,44.0,46.0,40.0,48.0,29.0,39.0,30.0,42.0,59.0,54.0,77.0,40.0,44.0,31.0,32.0,62.0,63.0,79.0,34.0,37.0,35.0,60.0,79.0,82.0,71.0,45.0,48.0,31.0,17.0,66.0,66.0,109.0,53.0,34.0,45.0,45.0,58.0,105.0,64.0,39.0,44.0,0.0,53.0,58.0,116.0,74.0,59.0,44.0,32.0,56.0,79.0,116.0,89.0,48.0,55.0,46.0,47.0,49.0,82.0,86.0,42.0,60.0,42.0,50.0,53.0,76.0,95.0,45.0,55.0,42.0,56.0,67.0,104.0,71.0,42.0,26.0,43.0,57.0,68.0,100.0,82.0,43.0,44.0,43.0,53.0,119.0,108.0,151.0,156.0,54.0,36.0,54.0,81.0,126.0,57.0,59.0,49.0,39.0,46.0,74.0,112.0,73.0,50.0,44.0,51.0,72.0,118.0,162.0,169.0,75.0,55.0,62.0,46.0,96.0,134.0,125.0,54.0,66.0,42.0,58.0,60.0,125.0,95.0,92.0,91.0,55.0,59.0,71.0,142.0,93.0,43.0,54.0,52.0,50.0,92.0,106.0,102.0,60.0,55.0,38.0,56.0,78.0,102.0,75.0,76.0,43.0,55.0,65.0,92.0,145.0,120.0,84.0,53.0,56.0,55.0,67.0,120.0,91.0,63.0,52.0,44.0,53.0,80.0,136.0,91.0,43.0,50.0,62.0,80.0,98.0,93.0,82.0,45.0,46.0,44.0,48.0,75.0,111.0,76.0,40.0,34.0,50.0,57.0,121.0,123.0,121.0,129.0,40.0,58.0,52.0,73.0,108.0,66.0,57.0,41.0,46.0,57.0,88.0,125.0,92.0,44.0,58.0,50.0,41.0,86.0,106.0,72.0,44.0,35.0,33.0,29.0,90.0,94.0,74.0,42.0,34.0,48.0,46.0,65.0,92.0,94.0,51.0,33.0,34.0,54.0,82.0,98.0,80.0,45.0,41.0,36.0,50.0,77.0,92.0,68.0,39.0,48.0,28.0,43.0,58.0,100.0,81.0,44.0,40.0,42.0,40.0,57.0,67.0,81.0,47.0,42.0,26.0,46.0,68.0,73.0,59.0,32.0,43.0,38.0,43.0,64.0,53.0,48.0,56.0,51.0,75.0,143.0,114.0,92.0,148.0,44.0,32.0,41.0,41.0,64.0,68.0,59.0,44.0,28.0,39.0,39.0,25.0,77.0,64.0,42.0,44.0,34.0,40.0,63.0,100.0,71.0,37.0,43.0,51.0,55.0,71.0,85.0,118.0,62.0,80.0,67.0,71.0,7.0,76.0,58.0
61.0,41.0,50.0,40.0,29.0,52.0,60.0,25.0,36.0,22.0,33.0,27.0,54.0,45.0,55.0,47.0,24.0,36.0,34.0,39.0,44.0,55.0,37.0,29.0,24.0,46.0,51.0,57.0,69.0,27.0,42.0,29.0,29.0,46.0,38.0,60.0,38.0,30.0,43.0,35.0,50.0,56.0,39.0,25.0,33.0,21.0,0.0,38.0,56.0,60.0,35.0,32.0,58.0,41.0,0.0,22.0,23.0,22.0,37.0,34.0,46.0,39.0,42.0,71.0,31.0,28.0,35.0,24.0,62.0,80.0,103.0,39.0,43.0,25.0,34.0,65.0,69.0,73.0,36.0,34.0,34.0,55.0,57.0,96.0,40.0,33.0,37.0,45.0,44.0,66.0,89.0,81.0,37.0,42.0,42.0,40.0,59.0,98.0,89.0,44.0,39.0,0.0,46.0,78.0,91.0,103.0,61.0,23.0,45.0,45.0,68.0,97.0,101.0,47.0,34.0,38.0,42.0,67.0,85.0,52.0,56.0,39.0,34.0,49.0,72.0,88.0,81.0,50.0,35.0,32.0,54.0,71.0,85.0,67.0,40.0,50.0,42.0,39.0,85.0,123.0,120.0,35.0,42.0,29.0,73.0,93.0,96.0,141.0,130.0,50.0,50.0,54.0,72.0,115.0,93.0,43.0,43.0,55.0,60.0,83.0,104.0,110.0,50.0,31.0,57.0,66.0,95.0,151.0,142.0,62.0,53.0,61.0,62.0,83.0,148.0,92.0,67.0,33.0,45.0,52.0,112.0,99.0,130.0,79.0,84.0,73.0,62.0,97.0,128.0,74.0,41.0,47.0,56.0,67.0,98.0,126.0,86.0,63.0,52.0,58.0,44.0,105.0,107.0,82.0,39.0,61.0,51.0,57.0,69.0,91.0,86.0,49.0,55.0,46.0,67.0,87.0,128.0,91.0,70.0,45.0,36.0,77.0,87.0,108.0,108.0,51.0,44.0,38.0,80.0,117.0,106.0,136.0,44.0,50.0,52.0,31.0,73.0,92.0,61.0,24.0,53.0,32.0,54.0,67.0,132.0,152.0,124.0,49.0,43.0,49.0,34.0,106.0,63.0,42.0,37.0,45.0,45.0,67.0,81.0,106.0,48.0,40.0,34.0,46.0,82.0,107.0,58.0,37.0,27.0,41.0,34.0,52.0,84.0,63.0,36.0,26.0,41.0,38.0,74.0,81.0,85.0,35.0,37.0,34.0,39.0,63.0,95.0,67.0,41.0,20.0,40.0,53.0,50.0,84.0,67.0,34.0,38.0,41.0,48.0,67.0,90.0,77.0,33.0,41.0,25.0,43.0,60.0,75.0,76.0,39.0,34.0,35.0,44.0,58.0,85.0,100.0,42.0,41.0,33.0,39.0,65.0,38.0,110.0,35.0,83.0,109.0,161.0,57.0,92.0,137.0,34.0,33.0,35.0,46.0,53.0,72.0,47.0,54.0,45.0,47.0,45.0,45.0,70.0,66.0,44.0,33.0,39.0,35.0,74.0,63.0,50.0,49.0,44.0,34.0,51.0,73.0,65.0,106.0,88.0,88.0,61.0,72.0,4.0,66.0,53.0
54.0,42.0,48.0,36.0,35.0,55.0,49.0,29.0,26.0,28.0,34.0,42.0,60.0,52.0,64.0,61.0,30.0,24.0,36.0,45.0,52.0,47.0,25.0,26.0,23.0,29.0,51.0,67.0,40.0,22.0,33.0,23.0,31.0,52.0,55.0,39.0,32.0,35.0,31.0,40.0,58.0,67.0,76.0,38.0,47.0,38.0,20.0,42.0,67.0,51.0,30.0,36.0,69.0,18.0,0.0,57.0,47.0,22.0,32.0,22.0,32.0,35.0,62.0,54.0,33.0,26.0,31.0,33.0,58.0,51.0,69.0,44.0,40.0,33.0,35.0,47.0,81.0,81.0,46.0,26.0,38.0,43.0,53.0,75.0,61.0,42.0,41.0,34.0,28.0,67.0,126.0,81.0,39.0,34.0,35.0,49.0,51.0,88.0,68.0,36.0,32.0,0.0,55.0,48.0,88.0,86.0,40.0,36.0,36.0,34.0,74.0,80.0,92.0,50.0,44.0,40.0,45.0,59.0,124.0,104.0,41.0,44.0,37.0,27.0,51.0,85.0,65.0,37.0,37.0,37.0,48.0,79.0,91.0,84.0,37.0,44.0,31.0,55.0,69.0,108.0,91.0,39.0,50.0,47.0,52.0,79.0,90.0,100.0,136.0,53.0,48.0,55.0,81.0,104.0,81.0,32.0,50.0,49.0,52.0,68.0,110.0,77.0,47.0,40.0,60.0,54.0,94.0,145.0,183.0,39.0,56.0,44.0,55.0,98.0,104.0,108.0,41.0,38.0,55.0,56.0,90.0,112.0,102.0,70.0,112.0,57.0,52.0,95.0,95.0,103.0,42.0,40.0,40.0,66.0,113.0,84.0,101.0,59.0,36.0,40.0,63.0,71.0,92.0,112.0,44.0,35.0,37.0,53.0,78.0,92.0,110.0,78.0,46.0,53.0,59.0,106.0,95.0,86.0,58.0,54.0,65.0,58.0,73.0,98.0,90.0,43.0,52.0,64.0,59.0,81.0,84.0,105.0,38.0,34.0,43.0,49.0,59.0,118.0,86.0,46.0,33.0,37.0,58.0,101.0,141.0,122.0,128.0,48.0,36.0,52.0,52.0,90.0,77.0,40.0,34.0,27.0,36.0,85.0,118.0,92.0,21.0,42.0,37.0,35.0,64.0,84.0,34.0,50.0,31.0,34.0,34.0,63.0,87.0,74.0,38.0,32.0,36.0,51.0,82.0,84.0,67.0,42.0,37.0,40.0,28.0,78.0,87.0,70.0,47.0,31.0,42.0,30.0,71.0,84.0,70.0,36.0,31.0,40.0,36.0,58.0,69.0,78.0,30.0,35.0,26.0,39.0,31.0,70.0,72.0,37.0,33.0,32.0,50.0,38.0,68.0,104.0,37.0,23.0,30.0,46.0,41.0,33.0,81.0,28.0,55.0,76.0,147.0,62.0,185.0,148.0,39.0,45.0,40.0,42.0,59.0,64.0,41.0,28.0,22.0,23.0,25.0,41.0,74.0,78.0,24.0,40.0,34.0,39.0,46.0,64.0,37.0,43.0,36.0,42.0,49.0,61.0,87.0,96.0,70.0,75.0,46.0,52.0,91.0,84.0,34.0
54.0,43.0,32.0,33.0,21.0,51.0,38.0,57.0,23.0,27.0,25.0,26.0,43.0,42.0,64.0,36.0,26.0,25.0,32.0,35.0,58.0,58.0,27.0,28.0,30.0,40.0,48.0,51.0,45.0,28.0,31.0,21.0,20.0,43.0,57.0,52.0,21.0,32.0,27.0,28.0,54.0,53.0,51.0,27.0,28.0,24.0,28.0,61.0,39.0,53.0,25.0,31.0,47.0,7.0,0.0,15.0,38.0,30.0,26.0,23.0,30.0,45.0,65.0,62.0,35.0,19.0,35.0,28.0,41.0,45.0,63.0,49.0,33.0,22.0,41.0,73.0,69.0,65.0,30.0,28.0,27.0,41.0,64.0,64.0,62.0,45.0,39.0,31.0,41.0,61.0,61.0,116.0,45.0,26.0,42.0,35.0,61.0,80.0,108.0,64.0,46.0,0.0,42.0,88.0,120.0,65.0,46.0,43.0,43.0,40.0,64.0,64.0,72.0,40.0,35.0,24.0,44.0,45.0,95.0,82.0,42.0,25.0,37.0,31.0,63.0,73.0,62.0,32.0,33.0,29.0,56.0,80.0,102.0,69.0,33.0,27.0,36.0,46.0,67.0,128.0,71.0,45.0,39.0,47.0,72.0,100.0,100.0,152.0,149.0,37.0,50.0,38.0,81.0,108.0,87.0,54.0,38.0,38.0,39.0,66.0,105.0,98.0,64.0,51.0,59.0,54.0,121.0,96.0,138.0,75.0,51.0,48.0,59.0,61.0,107.0,81.0,57.0,52.0,56.0,41.0,76.0,101.0,81.0,84.0,56.0,42.0,49.0,87.0,93.0,99.0,39.0,40.0,38.0,34.0,98.0,117.0,80.0,59.0,52.0,51.0,55.0,82.0,103.0,86.0,38.0,37.0,46.0,39.0,80.0,92.0,115.0,43.0,43.0,41.0,54.0,73.0,70.0,94.0,46.0,40.0,25.0,41.0,74.0,87.0,91.0,61.0,48.0,47.0,43.0,68.0,79.0,82.0,37.0,35.0,33.0,54.0,72.0,67.0,67.0,41.0,27.0,32.0,40.0,78.0,114.0,110.0,98.0,35.0,24.0,53.0,36.0,92.0,67.0,31.0,29.0,27.0,25.0,53.0,72.0,58.0,31.0,53.0,35.0,46.0,55.0,76.0,46.0,32.0,35.0,26.0,40.0,55.0,68.0,75.0,39.0,36.0,28.0,52.0,47.0,90.0,83.0,49.0,33.0,40.0,37.0,61.0,71.0,66.0,40.0,28.0,33.0,28.0,59.0,75.0,73.0,38.0,26.0,30.0,32.0,52.0,104.0,83.0,51.0,44.0,32.0,31.0,50.0,74.0,77.0,45.0,32.0,30.0,39.0,35.0,52.0,50.0,35.0,40.0,24.0,37.0,57.0,23.0,57.0,52.0,52.0,62.0,124.0,76.0,157.0,138.0,37.0,26.0,37.0,40.0,46.0,68.0,44.0,28.0,34.0,33.0,35.0,28.0,58.0,49.0,30.0,28.0,29.0,52.0,65.0,57.0,72.0,30.0,37.0,29.0,36.0,81.0,54.0,108.0,82.0,69.0,42.0,50.0,187.0,78.0,36.0
